"species","genus","family","status"
"Adenopeltis serrata","Adenopeltis","Euphorbiaceae","prune"
"Azara celastrina","Azara","Salicaceae","bind"
"Chusquea cumingii","Chusquea","Poaceae","prune"
"Cryptocarya alba","Cryptocarya","Lauraceae","prune"
"Lithraea caustica","Lithraea","Anacardiaceae","bind"
"Myrceugenia obtusa","Myrceugenia","Myrtaceae","prune"
"Peumus boldus","Peumus","Monimiaceae","prune"
"Proustia pyrifolia","Proustia","Asteraceae","bind"
"Quillaja saponaria","Quillaja","Quillajaceae","prune"
"Buddleja globosa","Buddleja","Scrophulariaceae","prune"
"Citronella mucronata","Citronella","Cardiopteridaceae","bind"
"Retanilla trinervia","Retanilla","Rhamnaceae","bind"
"Escallonia pulverulenta","Escallonia","Escalloniaceae","prune"
"Beilschmiedia miersii","Beilschmiedia","Lauraceae","prune"
"Senna stipulacea","Senna","Fabaceae","bind"
"Kageneckia oblonga","Kageneckia","Rosaceae","prune"
"Schinus velutina","Schinus","Anacardiaceae","bind"
"Acrisione denticulata","Acrisione","Asteraceae","prune"
"Ribes punctatum","Ribes","Grossulariaceae","prune"
"Ageratina glechonophylla","Ageratina","Asteraceae","prune"
"Sophora macrocarpa","Sophora","Fabaceae","prune"
"Clematicissus striata","Clematicissus","Vitaceae","bind"
"Dasyphyllum excelsum","Dasyphyllum","Asteraceae","bind"
"Lobelia excelsa","Lobelia","Campanulaceae","bind"
"Baccharis racemosa","Baccharis","Asteraceae","bind"
"Maytenus boaria","Maytenus","Celastraceae","prune"
"Schinus latifolia","Schinus","Anacardiaceae","bind"
"Tristerix corymbosus","Tristerix","Loranthaceae","prune"
"Vachellia caven","Vachellia","Fabaceae","prune"
"Podanthus mitiqui","Podanthus","Asteraceae","bind"
"Baccharis linearis","Baccharis","Asteraceae","bind"
"Clinopodium gilliesii","Clinopodium","Lamiaceae","bind"
"Colliguaja odorifera","Colliguaja","Euphorbiaceae","prune"
"Retanilla ephedra","Retanilla","Rhamnaceae","bind"
"Mutisia spinosa","Mutisia","Asteraceae","prune"
"Baccharis rhomboidalis","Baccharis","Asteraceae","bind"
"Azara petiolaris","Azara","Salicaceae","bind"
"Schinus polygama","Schinus","Anacardiaceae","bind"
"Proustia cuneifolia","Proustia","Asteraceae","prune"
"Solanum crispum","Solanum","Solanaceae","prune"
"Aristotelia chilensis","Aristotelia","Elaeocarpaceae","prune"
"Calceolaria thyrsiflora","Calceolaria","Calceolariaceae","bind"
"Senecio micropifolius","Senecio","Asteraceae","bind"
"Ephedra chilensis","Ephedra","Ephedraceae","prune"
"Gochnatia foliolosa","Gochnatia","Asteraceae","bind"
"Margyricarpus pinnatus","Margyricarpus","Rosaceae","prune"
"Berberis actinacantha","Berberis","Berberidaceae","prune"
"Colletia spinosissima","Colletia","Rhamnaceae","bind"
"Myoschilos oblongum","Myoschilos","Santalaceae","prune"
"Muehlenbeckia hastulata","Muehlenbeckia","Polygonaceae","bind"
"Drimys winteri","Drimys","Winteraceae","prune"
"Luma chequen","Luma","Myrtaceae","prune"
"Otholobium glandulosum","Otholobium","Fabaceae","prune"
"Persea lingue","Persea","Lauraceae","prune"
"Colliguaja integerrima","Colliguaja","Euphorbiaceae","prune"
"Guindilia trinervis","Guindilia","Sapindaceae","prune"
"Haplopappus integerrimus","Haplopappus","Asteraceae","bind"
"Kageneckia angustifolia","Kageneckia","Rosaceae","prune"
"Schinus montana","Schinus","Anacardiaceae","bind"
"Azorella prolifera","Azorella","Apiaceae","bind"
"Calceolaria hypericina","Calceolaria","Calceolariaceae","bind"
"Gymnophyton isatidicarpum","Gymnophyton","Apiaceae","prune"
"Valeriana stricta","Valeriana","Caprifoliaceae","prune"
"Mutisia acerosa","Mutisia","Asteraceae","bind"
"Tetraglochin alatum","Tetraglochin","Rosaceae","bind"
"Ribes trilobum","Ribes","Grossulariaceae","prune"
"Tristerix verticillatus","Tristerix","Loranthaceae","prune"
"Corynabutilon ceratocarpum","Corynabutilon","Malvaceae","bind"
"Mutisia subulata","Mutisia","Asteraceae","bind"
"Chuquiraga ulicina","Chuquiraga","Asteraceae","prune"
"Escallonia illinita","Escallonia","Escalloniaceae","prune"
"Mulguraea scoparia","Mulguraea","Verbenaceae","prune"
"Escallonia alpina","Escallonia","Escalloniaceae","prune"
"Baccharis paniculata","Baccharis","Asteraceae","bind"
"Colliguaja salicifolia","Colliguaja","Euphorbiaceae","bind"
"Junellia spathulata","Junellia","Verbenaceae","prune"
"Berberis valdiviana","Berberis","Berberidaceae","prune"
"Chusquea culeou","Chusquea","Poaceae","prune"
"Elytropus chilensis","Elytropus","Apocynaceae","prune"
"Gaultheria phillyreifolia","Gaultheria","Ericaceae","prune"
"Lomatia dentata","Lomatia","Proteaceae","prune"
"Maytenus chubutensis","Maytenus","Celastraceae","bind"
"Nothofagus dombeyi","Nothofagus","Nothofagaceae","prune"
"Nothofagus obliqua","Nothofagus","Nothofagaceae","prune"
"Hydrangea serratifolia","Hydrangea","Hydrangeaceae","prune"
"Fuchsia magellanica","Fuchsia","Onagraceae","prune"
"Lomatia hirsuta","Lomatia","Proteaceae","prune"
"Solanum valdiviense","Solanum","Solanaceae","prune"
"Berberis microphylla","Berberis","Berberidaceae","prune"
"Calceolaria integrifolia","Calceolaria","Calceolariaceae","prune"
"Raukaua laetevirens","Raukaua","Araliaceae","prune"
"Azara dentata","Azara","Salicaceae","bind"
"Aextoxicon punctatum","Aextoxicon","Aextoxicaceae","prune"
"Luma apiculata","Luma","Myrtaceae","prune"
"Laurelia sempervirens","Laurelia","Atherospermataceae","prune"
"Adesmia concinna","Adesmia","Fabaceae","bind"
"Diostea juncea","Diostea","Verbenaceae","bind"
"Schinus patagonica","Schinus","Anacardiaceae","bind"
"Colletia hystrix","Colletia","Rhamnaceae","bind"
"Bridgesia incisifolia","Bridgesia","Sapindaceae","bind"
"Eulychnia acida","Eulychnia","Cactaceae","bind"
"Flourensia thurifera","Flourensia","Asteraceae","bind"
"Gutierrezia resinosa","Gutierrezia","Asteraceae","bind"
"Haplopappus cerberoanus","Haplopappus","Asteraceae","bind"
"Eriophyllum ambrosiodes","Eriophyllum","Asteraceae","bind"
"Senna cumingii","Senna","Fabaceae","bind"
"Cestrum parqui","Cestrum","Solanaceae","prune"
"Eucalyptus globulus","Eucalyptus","Myrtaceae","prune"
"Heliotropium stenophyllum","Heliotropium","Boraginaceae","prune"
"Adesmia bedwellii","Adesmia","Fabaceae","bind"
"Fabiana viscosa","Fabiana","Solanaceae","bind"
"Oxalis virgosa","Oxalis","Oxalidaceae","bind"
"Puya berteroniana","Puya","Bromeliaceae","bind"
"Copiapoa coquimbana","Copiapoa","Cactaceae","prune"
"Cordia decandra","Cordia","Boraginaceae","prune"
"Fuchsia lycioides","Fuchsia","Onagraceae","bind"
"Llagunoa glandulosa","Llagunoa","Sapindaceae","bind"
"Lobelia polyphylla","Lobelia","Campanulaceae","prune"
"Solanum pinnatum","Solanum","Solanaceae","prune"
"Vasconcellea chilensis","Vasconcellea","Caricaceae","bind"
"Calceolaria collina","Calceolaria","Calceolariaceae","bind"
"Plectocephalus chilensis","Plectocephalus","Asteraceae","prune"
"Anisomeria littoralis","Anisomeria","Phytolaccaceae","bind"
"Berberis glomerata","Berberis","Berberidaceae","bind"
"Aristeguietia salvia","Aristeguietia","Asteraceae","bind"
"Lepechinia salviae","Lepechinia","Lamiaceae","prune"
"Ophryosporus paradoxus","Ophryosporus","Asteraceae","bind"
"Chiropetalum berteroanum","Chiropetalum","Euphorbiaceae","bind"
"Junellia selaginoides","Junellia","Verbenaceae","bind"
"Pleocarphus revolutus","Pleocarphus","Asteraceae","bind"
"Adiantum chilense","Adiantum","Pteridaceae","prune"
"Azara integrifolia","Azara","Salicaceae","prune"
"Blechnum hastatum","Blechnum","Blechnaceae","bind"
"Bomarea salsilla","Bomarea","Alstroemeriaceae","prune"
"Boquila trifoliolata","Boquila","Lardizabalaceae","prune"
"Chiropetalum tricuspidatum","Chiropetalum","Euphorbiaceae","bind"
"Gevuina avellana","Gevuina","Proteaceae","prune"
"Lapageria rosea","Lapageria","Philesiaceae","bind"
"Luzuriaga polyphylla","Luzuriaga","Alstroemeriaceae","prune"
"Nothofagus glauca","Nothofagus","Nothofagaceae","prune"
"Pinus radiata","Pinus","Pinaceae","prune"
"Rhaphithamnus spinosus","Rhaphithamnus","Verbenaceae","prune"
"Carex hamata","Carex","Cyperaceae","bind"
"Lardizabala funaria","Lardizabala","Lardizabalaceae","bind"
"Aira caryophyllea","Aira","Poaceae","prune"
"Centaurium cachanlahuen","Centaurium","Gentianaceae","bind"
"Hypericum perforatum","Hypericum","Hypericaceae","prune"
"Nassella gigantea","Nassella","Poaceae","bind"
"Genista monspessulana","Genista","Fabaceae","prune"
"Lysimachia foemina","Lysimachia","Primulaceae","bind"
"Avena barbata","Avena","Poaceae","prune"
"Berberis darwinii","Berberis","Berberidaceae","prune"
"Briza maxima","Briza","Poaceae","prune"
"Briza minor","Briza","Poaceae","prune"
"Bromus hordeaceus","Bromus","Poaceae","prune"
"Cynosurus echinatus","Cynosurus","Poaceae","prune"
"Euphorbia peplus","Euphorbia","Euphorbiaceae","prune"
"Galium hypocarpium","Galium","Rubiaceae","prune"
"Gamochaeta berteroana","Gamochaeta","Asteraceae","bind"
"Linum usitatissimum","Linum","Linaceae","prune"
"Lythrum hyssopifolia","Lythrum","Lythraceae","prune"
"Hypochaeris radicata","Hypochaeris","Asteraceae","prune"
"Plantago lanceolata","Plantago","Plantaginaceae","prune"
"Rumex acetosella","Rumex","Polygonaceae","bind"
"Sherardia arvensis","Sherardia","Rubiaceae","prune"
"Festuca myuros","Festuca","Poaceae","bind"
"Cirsium vulgare","Cirsium","Asteraceae","prune"
"Crocosmia x","Crocosmia","Iridaceae","bind"
"Diplolepis menziesii","Diplolepis","Apocynaceae","prune"
"Gastridium phleoides","Gastridium","Poaceae","bind"
"Tolpis barbata","Tolpis","Asteraceae","prune"
"Trifolium arvense","Trifolium","Fabaceae","prune"
"Festuca bromoides","Festuca","Poaceae","bind"
"Acaena argentea","Acaena","Rosaceae","prune"
"Relchela panicoides","Relchela","Poaceae","bind"
"Libertia sessiliflora","Libertia","Iridaceae","prune"
"Solenomelus pedunculatus","Solenomelus","Iridaceae","prune"
"Viola portalesia","Viola","Violaceae","bind"
"Alstroemeria ligtu","Alstroemeria","Alstroemeriaceae","prune"
"Cardamine hirsuta","Cardamine","Brassicaceae","prune"
"Cyclospermum laciniatum","Cyclospermum","Apiaceae","bind"
"Senecio sylvaticus","Senecio","Asteraceae","prune"
"Silene gallica","Silene","Caryophyllaceae","prune"
"Stachys grandidentata","Stachys","Lamiaceae","bind"
"Lactuca virosa","Lactuca","Asteraceae","prune"
"Tropaeolum ciliatum","Tropaeolum","Tropaeolaceae","bind"
"Adiantum poiretii","Adiantum","Pteridaceae","bind"
"Loasa triloba","Loasa","Loasaceae","bind"
"Miersia chilensis","Miersia","Amaryllidaceae","prune"
"Osmorhiza chilensis","Osmorhiza","Apiaceae","prune"
"Sanicula crassicaulis","Sanicula","Apiaceae","prune"
"Gamochaeta americana","Gamochaeta","Asteraceae","bind"
"Leontodon saxatilis","Leontodon","Asteraceae","prune"
"Lolium multiflorum","Lolium","Poaceae","prune"
"Lupinus microcarpus","Lupinus","Fabaceae","prune"
"Rosa rubiginosa","Rosa","Rosaceae","prune"
"Sanguisorba minor","Sanguisorba","Rosaceae","prune"
"Festuca muralis","Festuca","Poaceae","bind"
"Vitis vinifera","Vitis","Vitaceae","prune"
"Sisyrinchium graminifolium","Sisyrinchium","Iridaceae","prune"
"Pasithea caerulea","Pasithea","Asphodelaceae","prune"
"Calceolaria meyeniana","Calceolaria","Calceolariaceae","bind"
"Gaultheria insana","Gaultheria","Ericaceae","prune"
"Ugni molinae","Ugni","Myrtaceae","prune"
"Azorella spinosa","Azorella","Apiaceae","prune"
"Baccharis obovata","Baccharis","Asteraceae","bind"
"Escallonia rubra","Escallonia","Escalloniaceae","prune"
"Adesmia elegans","Adesmia","Fabaceae","bind"
"Nassella chilensis","Nassella","Poaceae","bind"
"Colliguaja dombeyana","Colliguaja","Euphorbiaceae","bind"
"Piptochaetium montevidense","Piptochaetium","Poaceae","prune"
"Nassella gibba","Nassella","Poaceae","bind"
"Podocarpus salignus","Podocarpus","Podocarpaceae","prune"
"Podagrostis sesquiflora","Podagrostis","Poaceae","bind"
"Danthonia malacantha","Danthonia","Poaceae","bind"
"Acmispon subpinnatus","Acmispon","Fabaceae","bind"
"Carduus pycnocephalus","Carduus","Asteraceae","prune"
"Dioscorea bryoniifolia","Dioscorea","Dioscoreaceae","bind"
"Facelis retusa","Facelis","Asteraceae","prune"
"Logfia gallica","Logfia","Asteraceae","bind"
"Rubus ulmifolius","Rubus","Rosaceae","prune"
"Baccharis concava","Baccharis","Asteraceae","bind"
"Myrceugenia exsucca","Myrceugenia","Myrtaceae","prune"
"Echinopsis chiloensis","Echinopsis","Cactaceae","prune"
"Tristerix aphyllus","Tristerix","Loranthaceae","prune"
"Adesmia confusa","Adesmia","Fabaceae","bind"
"Lycium chilense","Lycium","Solanaceae","prune"
"Porlieria chilensis","Porlieria","Zygophyllaceae","prune"
"Spinoliva ilicifolia","Spinoliva","Asteraceae","bind"
"Malesherbia fasciculata","Malesherbia","Passifloraceae","prune"
"Diplolepis geminiflora","Diplolepis","Apocynaceae","prune"
"Adesmia resinosa","Adesmia","Fabaceae","bind"
"Baccharis neaei","Baccharis","Asteraceae","bind"
"Chuquiraga oppositifolia","Chuquiraga","Asteraceae","prune"
"Fabiana imbricata","Fabiana","Solanaceae","prune"
"Galium suffruticosum","Galium","Rubiaceae","bind"
"Mutisia ilicifolia","Mutisia","Asteraceae","bind"
"Nothofagus macrocarpa","Nothofagus","Nothofagaceae","prune"
"Senecio anthemidiphyllus","Senecio","Asteraceae","bind"
"Clinopodium chilense","Clinopodium","Lamiaceae","bind"
"Calceolaria densifolia","Calceolaria","Calceolariaceae","bind"
"Haplopappus velutinus","Haplopappus","Asteraceae","prune"
"Mutisia latifolia","Mutisia","Asteraceae","bind"
"Calceolaria angustifolia","Calceolaria","Calceolariaceae","bind"
"Azara serrata","Azara","Salicaceae","prune"
"Puya coerulea","Puya","Bromeliaceae","prune"
"Adesmia loudonia","Adesmia","Fabaceae","bind"
"Eriosyce curvispina","Eriosyce","Cactaceae","prune"
"Senecio farinifer","Senecio","Asteraceae","prune"
"Tetraglochin alata","Tetraglochin","Rosaceae","bind"
"Calceolaria corymbosa","Calceolaria","Calceolariaceae","bind"
"Adesmia pirionii","Adesmia","Fabaceae","bind"
"Escallonia myrtoidea","Escallonia","Escalloniaceae","prune"
"Archidasyphyllum excelsum","Archidasyphyllum","Asteraceae","bind"
"Chorizanthe virgata","Chorizanthe","Polygonaceae","bind"
"Baccharis salicifolia","Baccharis","Asteraceae","bind"
"Ercilla spicata","Ercilla","Phytolaccaceae","prune"
"Crinodendron patagua","Crinodendron","Elaeocarpaceae","prune"
"Baccharis macraei","Baccharis","Asteraceae","bind"
"Sphaeralcea obtusiloba","Sphaeralcea","Malvaceae","bind"
"Berberis horrida","Berberis","Berberidaceae","prune"
"Escallonia leucantha","Escallonia","Escalloniaceae","prune"
"Myrceugenia pinifolia","Myrceugenia","Myrtaceae","prune"
"Berberis chilensis","Berberis","Berberidaceae","prune"
"Haplopappus grindelioides","Haplopappus","Asteraceae","bind"
"Podanthus ovatifolius","Podanthus","Asteraceae","bind"
"Puya chilensis","Puya","Bromeliaceae","prune"
"Prosopis chilensis","Prosopis","Fabaceae","prune"
"Crataegus monogyna","Crataegus","Rosaceae","prune"
"Azara lanceolata","Azara","Salicaceae","bind"
"Gaultheria mucronata","Gaultheria","Ericaceae","prune"
"Viola rubella","Viola","Violaceae","prune"
"Chusquea quila","Chusquea","Poaceae","bind"
"Eucryphia glutinosa","Eucryphia","Cunoniaceae","bind"
"Blepharocalyx cruckshanksii","Blepharocalyx","Myrtaceae","prune"
"Desfontainia spinosa","Desfontainia","Columelliaceae","prune"
"Lomatia ferruginea","Lomatia","Proteaceae","prune"
"Nothofagus alpina","Nothofagus","Nothofagaceae","prune"
"Ribes magellanicum","Ribes","Grossulariaceae","prune"
"Azara microphylla","Azara","Salicaceae","bind"
"Sophora cassioides","Sophora","Fabaceae","bind"
"Dasyphyllum diacanthoides","Dasyphyllum","Asteraceae","prune"
"Saxegothaea conspicua","Saxegothaea","Podocarpaceae","prune"
"Beilschmiedia berteroana","Beilschmiedia","Lauraceae","prune"
"Myrceugenia correifolia","Myrceugenia","Myrtaceae","prune"
"Schinus molle","Schinus","Anacardiaceae","prune"
"Senna candolleana","Senna","Fabaceae","prune"
"Trevoa quinquenervia","Trevoa","Rhamnaceae","bind"
"Caldcluvia paniculata","Caldcluvia","Cunoniaceae","prune"
"Eucryphia cordifolia","Eucryphia","Cunoniaceae","prune"
"Greigia sphacelata","Greigia","Bromeliaceae","prune"
"Jovellana punctata","Jovellana","Calceolariaceae","prune"
"Laureliopsis philippiana","Laureliopsis","Atherospermataceae","bind"
"Myrceugenia leptospermoides","Myrceugenia","Myrtaceae","prune"
"Austrocedrus chilensis","Austrocedrus","Cupressaceae","prune"
"Myrceugenia rufa","Myrceugenia","Myrtaceae","prune"
"Pittosporum undulatum","Pittosporum","Pittosporaceae","prune"
"Gayella valparadisaea","Gayella","Sapotaceae","bind"
"Myrceugenia planipes","Myrceugenia","Myrtaceae","prune"
"Cupressus macrocarpa","Cupressus","Cupressaceae","prune"
"Olea europaea","Olea","Oleaceae","prune"
"Berberis empetrifolia","Berberis","Berberidaceae","prune"
"Myrceugenia lanceolata","Myrceugenia","Myrtaceae","prune"
"Acer pseudoplatanus","Acer","Sapindaceae","prune"
"Amomyrtus luma","Amomyrtus","Myrtaceae","prune"
"Embothrium coccineum","Embothrium","Proteaceae","prune"
"Weinmannia trichosperma","Weinmannia","Cunoniaceae","prune"
"Discaria chacaye","Discaria","Rhamnaceae","prune"
"Griselinia ruscifolia","Griselinia","Griseliniaceae","prune"
"Amomyrtus meli","Amomyrtus","Myrtaceae","prune"
"Coriaria ruscifolia","Coriaria","Coriariaceae","prune"
"Myrceugenia ovata","Myrceugenia","Myrtaceae","prune"
"Gomortega keule","Gomortega","Gomortegaceae","prune"
"Nothofagus alessandrii","Nothofagus","Nothofagaceae","bind"
"Acacia melanoxylon","Acacia","Fabaceae","prune"
"Fraxinus excelsior","Fraxinus","Oleaceae","prune"
"Populus nigra","Populus","Salicaceae","prune"
"Maytenus disticha","Maytenus","Celastraceae","prune"
"Maytenus magellanica","Maytenus","Celastraceae","prune"
"Schinus latifolius","Schinus","Anacardiaceae","bind"
"Clinopodium multiflorum","Clinopodium","Lamiaceae","prune"
"Nothofagus x","Nothofagus","Nothofagaceae","bind"
"Pitavia punctata","Pitavia","Rutaceae","prune"
"Puya alpestris","Puya","Bromeliaceae","prune"
"Haplopappus coquimbensis","Haplopappus","Asteraceae","bind"
"Jubaea chilensis","Jubaea","Arecaceae","prune"
"Schinus velutinus","Schinus","Anacardiaceae","bind"
"Discaria articulata","Discaria","Rhamnaceae","bind"
"Eriosyce aurata","Eriosyce","Cactaceae","prune"
"Proustia ilicifolia","Proustia","Asteraceae","bind"
"Nardophyllum chiliotrichoides","Nardophyllum","Asteraceae","prune"
"Escallonia revoluta","Escallonia","Escalloniaceae","prune"
"Haplopappus canescens","Haplopappus","Asteraceae","bind"
"Haplopappus schumannii","Haplopappus","Asteraceae","bind"
"Euphorbia collina","Euphorbia","Euphorbiaceae","bind"
"Adesmia hemisphaerica","Adesmia","Fabaceae","bind"
"Nardophyllum lanatum","Nardophyllum","Asteraceae","bind"
"Baccharis poeppigiana","Baccharis","Asteraceae","bind"
"Argylia adscendens","Argylia","Bignoniaceae","bind"
"Viviania marifolia","Viviania","Francoaceae","prune"
"Calceolaria segethii","Calceolaria","Calceolariaceae","bind"
"Salix humboldtiana","Salix","Salicaceae","prune"
"Haplopappus baylahuen","Haplopappus","Asteraceae","bind"
"Adesmia pedicellata","Adesmia","Fabaceae","bind"
"Cumulopuntia sphaerica","Cumulopuntia","Cactaceae","prune"
"Monttea chilensis","Monttea","Plantaginaceae","prune"
"Adesmia zoellneri","Adesmia","Fabaceae","bind"
"Haplopappus pulchellus","Haplopappus","Asteraceae","bind"
"Pleurophora pungens","Pleurophora","Lythraceae","bind"
"Haplopappus angustifolius","Haplopappus","Asteraceae","bind"
"Haplopappus glutinosus","Haplopappus","Asteraceae","prune"
"Adesmia filifolia","Adesmia","Fabaceae","bind"
"Adesmia tenella","Adesmia","Fabaceae","bind"
"Bowlesia uncinata","Bowlesia","Apiaceae","prune"
"Bromus berteroanus","Bromus","Poaceae","bind"
"Calandrinia compressa","Calandrinia","Montiaceae","prune"
"Calendula arvensis","Calendula","Asteraceae","prune"
"Camissonia dentata","Camissonia","Onagraceae","prune"
"Cardionema ramosissimum","Cardionema","Caryophyllaceae","prune"
"Carex berteroniana","Carex","Cyperaceae","bind"
"Chaetanthera frayjorgensis","Chaetanthera","Asteraceae","bind"
"Chaetanthera linearis","Chaetanthera","Asteraceae","bind"
"Chaetanthera moenchioides","Chaetanthera","Asteraceae","prune"
"Hemionitis hypoleuca","Hemionitis","Pteridaceae","bind"
"Hemionitis mollis","Hemionitis","Pteridaceae","bind"
"Chorizanthe gajardoi","Chorizanthe","Polygonaceae","bind"
"Cistanthe arenaria","Cistanthe","Montiaceae","prune"
"Cistanthe grandiflora","Cistanthe","Montiaceae","prune"
"Clarkia tenella","Clarkia","Onagraceae","bind"
"Conanthera campanulata","Conanthera","Tecophilaeaceae","prune"
"Corrigiola crassifolia","Corrigiola","Caryophyllaceae","bind"
"Corrigiola squamosa","Corrigiola","Caryophyllaceae","bind"
"Cristaria dissecta","Cristaria","Malvaceae","bind"
"Cryptantha clandestina","Cryptantha","Boraginaceae","prune"
"Cryptantha linearis","Cryptantha","Boraginaceae","prune"
"Cuscuta micrantha","Cuscuta","Convolvulaceae","bind"
"Descurainia nuttallii","Descurainia","Brassicaceae","bind"
"Dioscorea humifusa","Dioscorea","Dioscoreaceae","prune"
"Dioscorea variifolia","Dioscorea","Dioscoreaceae","prune"
"Dioscorea volckmannii","Dioscorea","Dioscoreaceae","bind"
"Erodium botrys","Erodium","Geraniaceae","prune"
"Erodium cicutarium","Erodium","Geraniaceae","prune"
"Fumaria parviflora","Fumaria","Papaveraceae","prune"
"Gamochaeta oligantha","Gamochaeta","Asteraceae","bind"
"Gilia valdiviensis","Gilia","Polemoniaceae","prune"
"Verbena landbeckii","Verbena","Verbenaceae","bind"
"Helenium aromaticum","Helenium","Asteraceae","bind"
"Herniaria cinerea","Herniaria","Caryophyllaceae","bind"
"Homalocarpus dichotomus","Homalocarpus","Apiaceae","prune"
"Stipa plumosa","Stipa","Poaceae","bind"
"Lastarriaea chilensis","Lastarriaea","Polygonaceae","bind"
"Leptosiphon pusillus","Leptosiphon","Polemoniaceae","bind"
"Leucheria oligocephala","Leucheria","Asteraceae","bind"
"Leucocoryne coquimbensis","Leucocoryne","Amaryllidaceae","prune"
"Leucocoryne ixioides","Leucocoryne","Amaryllidaceae","prune"
"Loasa multifida","Loasa","Loasaceae","bind"
"Madia chilensis","Madia","Asteraceae","bind"
"Malesherbia humilis","Malesherbia","Passifloraceae","bind"
"Malva parviflora","Malva","Malvaceae","prune"
"Microphyes minima","Microphyes","Caryophyllaceae","bind"
"Mirabilis prostrata","Mirabilis","Nyctaginaceae","bind"
"Montiopsis cumingii","Montiopsis","Montiaceae","prune"
"Montiopsis ramosissima","Montiopsis","Montiaceae","prune"
"Montiopsis trifida","Montiopsis","Montiaceae","prune"
"Moscharia pinnatifida","Moscharia","Asteraceae","prune"
"Mutisia spectabilis","Mutisia","Asteraceae","bind"
"Nassella pungens","Nassella","Poaceae","bind"
"Olsynium scirpoideum","Olsynium","Iridaceae","prune"
"Oxalis laxa","Oxalis","Oxalidaceae","bind"
"Oxalis corniculata","Oxalis","Oxalidaceae","bind"
"Oziroe arida","Oziroe","Asparagaceae","bind"
"Pectocarya linearis","Pectocarya","Boraginaceae","prune"
"Phycella amoena","Phycella","Amaryllidaceae","bind"
"Phycella scarlatina","Phycella","Amaryllidaceae","bind"
"Plagiobothrys myosotoides","Plagiobothrys","Boraginaceae","prune"
"Plantago hispidula","Plantago","Plantaginaceae","bind"
"Pleurophora polyandra","Pleurophora","Lythraceae","bind"
"Psilocarphus tenellus","Psilocarphus","Asteraceae","bind"
"Quinchamalium chilense","Quinchamalium","Schoepfiaceae","prune"
"Rostraria cristata","Rostraria","Poaceae","prune"
"Schismus arabicus","Schismus","Poaceae","prune"
"Trichopetalum plumosum","Trichopetalum","Asparagaceae","prune"
"Tristagma porrifolium","Tristagma","Amaryllidaceae","bind"
"Tropaeolum azureum","Tropaeolum","Tropaeolaceae","bind"
"Tweedia birostrata","Tweedia","Apocynaceae","prune"
"Viola pusilla","Viola","Violaceae","bind"
"Zephyranthes advena","Zephyranthes","Amaryllidaceae","bind"
"Podocarpus nubigenus","Podocarpus","Podocarpaceae","prune"
"Nothofagus pumilio","Nothofagus","Nothofagaceae","prune"
"Fitzroya cupressoides","Fitzroya","Cupressaceae","prune"
"Nothofagus nitida","Nothofagus","Nothofagaceae","prune"
"Metrosideros stipularis","Metrosideros","Myrtaceae","bind"
"Myrceugenia chrysocarpa","Myrceugenia","Myrtaceae","prune"
"Crinodendron hookerianum","Crinodendron","Elaeocarpaceae","prune"
"Myrceugenia parvifolia","Myrceugenia","Myrtaceae","prune"
"Nothofagus antarctica","Nothofagus","Nothofagaceae","prune"
"Nothofagus betuloides","Nothofagus","Nothofagaceae","prune"
"Pilgerodendron uviferum","Pilgerodendron","Cupressaceae","prune"
"Araucaria araucana","Araucaria","Araucariaceae","prune"
"Ovidia andina","Ovidia","Thymelaeaceae","bind"
"Hydrangea serrata","Hydrangea","Hydrangeaceae","prune"
"Griselinia scandens","Griselinia","Griseliniaceae","prune"
"Adenocaulon chilense","Adenocaulon","Asteraceae","prune"
"Dioscorea andina","Dioscorea","Dioscoreaceae","bind"
"Festuca monticola","Festuca","Poaceae","bind"
"Gaultheria poeppigii","Gaultheria","Ericaceae","prune"
"Haplopappus macrocephalus","Haplopappus","Asteraceae","prune"
"Hieracium glaucifolium","Hieracium","Asteraceae","prune"
"Mutisia decurrens","Mutisia","Asteraceae","prune"
"Poa pratensis","Poa","Poaceae","bind"
"Alchemilla neglecta","Alchemilla","Rosaceae","bind"
"Azorella diversifolia","Azorella","Apiaceae","prune"
"Baccharis magellanica","Baccharis","Asteraceae","bind"
"Berberis trigona","Berberis","Berberidaceae","prune"
"Calceolaria filicaulis","Calceolaria","Calceolariaceae","prune"
"Drimys andina","Drimys","Winteraceae","prune"
"Elymus angulatus","Elymus","Poaceae","bind"
"Festuca acanthophylla","Festuca","Poaceae","bind"
"Fragaria chiloensis","Fragaria","Rosaceae","prune"
"Ranunculus peduncularis","Ranunculus","Ranunculaceae","prune"
"Ribes cucullatum","Ribes","Grossulariaceae","prune"
"Stellaria arvalis","Stellaria","Caryophyllaceae","bind"
"Viola reichei","Viola","Violaceae","bind"
"Alstroemeria aurea","Alstroemeria","Alstroemeriaceae","prune"
"Herreria stellata","Herreria","Asparagaceae","bind"
"Holcus lanatus","Holcus","Poaceae","prune"
"Carex multifaria","Carex","Cyperaceae","bind"
"Valeriana oreocharis","Valeriana","Caprifoliaceae","bind"
"Viola capillaris","Viola","Violaceae","bind"
"Adesmia viscida","Adesmia","Fabaceae","bind"
"Jovellana violacea","Jovellana","Calceolariaceae","prune"
"Perezia linearis","Perezia","Asteraceae","prune"
"Blechnum cordatum","Blechnum","Blechnaceae","bind"
"Cytisus striatus","Cytisus","Fabaceae","bind"
"Juncus cyperoides","Juncus","Juncaceae","bind"
"Lobelia tupa","Lobelia","Campanulaceae","prune"
"Nertera granadensis","Nertera","Rubiaceae","prune"
"Plantago australis","Plantago","Plantaginaceae","prune"
"Prunella vulgaris","Prunella","Lamiaceae","prune"
"Ugni candollei","Ugni","Myrtaceae","bind"
"Galium diffusoramosum","Galium","Rubiaceae","bind"
"Agrostis arvensis","Agrostis","Poaceae","bind"
"Agrostis inconspicua","Agrostis","Poaceae","bind"
"Trisetum caudulatum","Trisetum","Poaceae","bind"
"Acacia dealbata","Acacia","Fabaceae","prune"
"Agrostis capillaris","Agrostis","Poaceae","prune"
"Lysimachia arvensis","Lysimachia","Primulaceae","bind"
"Chascolytrum subaristatum","Chascolytrum","Poaceae","bind"
"Danthonia araucana","Danthonia","Poaceae","bind"
"Daucus carota","Daucus","Apiaceae","prune"
"Dioscorea auriculata","Dioscorea","Dioscoreaceae","bind"
"Eryngium paniculatum","Eryngium","Apiaceae","prune"
"Lactuca serriola","Lactuca","Asteraceae","prune"
"Linum bienne","Linum","Linaceae","prune"
"Medicago sativa","Medicago","Fabaceae","prune"
"Nassella poeppigiana","Nassella","Poaceae","bind"
"Agrostis stolonifera","Agrostis","Poaceae","prune"
"Acaena ovalifolia","Acaena","Rosaceae","prune"
"Lepechinia chilensis","Lepechinia","Lamiaceae","bind"
"Olsynium junceum","Olsynium","Iridaceae","prune"
"Luzuriaga radicans","Luzuriaga","Alstroemeriaceae","prune"
"Rhamnus diffusa","Rhamnus","Rhamnaceae","bind"
"Sonchus asper","Sonchus","Asteraceae","prune"
"Vicia magellanica","Vicia","Fabaceae","bind"
"Crepis capillaris","Crepis","Asteraceae","prune"
"Lotus pedunculatus","Lotus","Fabaceae","prune"
"Acaena pinnatifida","Acaena","Rosaceae","prune"
"Carex macloviana","Carex","Cyperaceae","bind"
"Carex sagei","Carex","Cyperaceae","bind"
"Blumea cafra","Blumea","Asteraceae","prune"
"Gunnera tinctoria","Gunnera","Gunneraceae","prune"
"Juncus stipulatus","Juncus","Juncaceae","bind"
"Lotus tenuis","Lotus","Fabaceae","prune"
"Nierembergia repens","Nierembergia","Solanaceae","bind"
"Oenothera stricta","Oenothera","Onagraceae","bind"
"Paspalum dasypleurum","Paspalum","Poaceae","bind"
"Petrorhagia dubia","Petrorhagia","Caryophyllaceae","bind"
"Piptochaetium panicoides","Piptochaetium","Poaceae","prune"
"Sporobolus indicus","Sporobolus","Poaceae","prune"
"Trifolium glomeratum","Trifolium","Fabaceae","prune"
"Trifolium repens","Trifolium","Fabaceae","prune"
"Balbisia gracilis","Balbisia","Francoaceae","bind"
"Dysphania botrys","Dysphania","Amaranthaceae","bind"
"Noticastrum erectum","Noticastrum","Asteraceae","bind"
"Scleranthus annuus","Scleranthus","Caryophyllaceae","prune"
"Carex aphylla","Carex","Cyperaceae","prune"
"Gaultheria pumila","Gaultheria","Ericaceae","prune"
"Anthoxanthum juncifolium","Anthoxanthum","Poaceae","bind"
"Anthoxanthum utriculatum","Anthoxanthum","Poaceae","bind"
"Montiopsis gayana","Montiopsis","Montiaceae","prune"
"Rytidosperma pictum","Rytidosperma","Poaceae","prune"
"Senecio chilensis","Senecio","Asteraceae","prune"
"Poa alopecurus","Poa","Poaceae","bind"
"Acaena magellanica","Acaena","Rosaceae","prune"
"Hypochaeris apargioides","Hypochaeris","Asteraceae","prune"
"Achillea millefolium","Achillea","Asteraceae","prune"
"Alonsoa meridionalis","Alonsoa","Scrophulariaceae","prune"
"Dioscorea reticulata","Dioscorea","Dioscoreaceae","bind"
"Geranium berteroanum","Geranium","Geraniaceae","bind"
"Oxalis valdiviensis","Oxalis","Oxalidaceae","bind"
"Taraxacum officinale","Taraxacum","Asteraceae","bind"
"Rubus geoides","Rubus","Rosaceae","prune"
"Peyritschia viridis","Peyritschia","Poaceae","bind"
"Cytisus scoparius","Cytisus","Fabaceae","prune"
"Hydrocotyle indecora","Hydrocotyle","Araliaceae","bind"
"Verbascum thapsus","Verbascum","Scrophulariaceae","bind"
"Digitalis purpurea","Digitalis","Plantaginaceae","prune"
"Osmorhiza berteroi","Osmorhiza","Apiaceae","prune"
"Pseudotsuga menziesii","Pseudotsuga","Pinaceae","prune"
"Synammia feuillei","Synammia","Polypodiaceae","bind"
"Anthriscus caucalis","Anthriscus","Apiaceae","bind"
"Baccharis pingraea","Baccharis","Asteraceae","bind"
"Centaurea melitensis","Centaurea","Asteraceae","prune"
"Micropsis nana","Micropsis","Asteraceae","bind"
"Phalaris amethystina","Phalaris","Poaceae","bind"
"Pseudognaphalium gaudichaudianum","Pseudognaphalium","Asteraceae","prune"
"Verbascum virgatum","Verbascum","Scrophulariaceae","prune"
"Anthemis cotula","Anthemis","Asteraceae","prune"
"Capsella bursa-pastoris","Capsella","Brassicaceae","prune"
"Carthamus lanatus","Carthamus","Asteraceae","prune"
"Verbena laciniata","Verbena","Verbenaceae","bind"
"Hordeum marinum","Hordeum","Poaceae","prune"
"Madia sativa","Madia","Asteraceae","prune"
"Plantago firma","Plantago","Plantaginaceae","bind"
"Polygonum aviculare","Polygonum","Polygonaceae","prune"
"Rapistrum rugosum","Rapistrum","Brassicaceae","prune"
"Codonorchis lessonii","Codonorchis","Orchidaceae","prune"
"Dactylis glomerata","Dactylis","Poaceae","prune"
"Prunus cerasus","Prunus","Rosaceae","prune"
"Azara alpina","Azara","Salicaceae","bind"
"Sisyrinchium chilense","Sisyrinchium","Iridaceae","prune"
"Anemone multifida","Anemone","Ranunculaceae","prune"
"Agrostis castellana","Agrostis","Poaceae","prune"
"Bromus lithobius","Bromus","Poaceae","bind"
"Erigeron bonariensis","Erigeron","Asteraceae","prune"
"Geranium core-core","Geranium","Geraniaceae","prune"
"Beilschmiedia oligandra","Beilschmiedia","Lauraceae","bind"
"Decarydendron perrieri","Decarydendron","Monimiaceae","bind"
"Diospyros piscatoria","Diospyros","Ebenaceae","bind"
"Diospyros venosa","Diospyros","Ebenaceae","prune"
"Doryphora aromatica","Doryphora","Atherospermataceae","bind"
"Eugenia macrocarpa","Eugenia","Myrtaceae","bind"
"Ficus cestrifolia","Ficus","Moraceae","prune"
"Ficus racemosa","Ficus","Moraceae","prune"
"Ormosia nitida","Ormosia","Fabaceae","prune"
"Pisonia macranthocarpa","Pisonia","Nyctaginaceae","prune"
"Pouteria dictyoneura","Pouteria","Sapotaceae","bind"
"Syzygium acuminatissimum","Syzygium","Myrtaceae","prune"
"Talisia clathrata","Talisia","Sapindaceae","bind"
"Attalea cephalotus","Attalea","Arecaceae","bind"
"Psychotria parvifolia","Psychotria","Rubiaceae","bind"
"Quercus coccinea","Quercus","Fagaceae","prune"
"Terminalia subspathulata","Terminalia","Combretaceae","bind"
"Virola multiflora","Virola","Myristicaceae","prune"
"Eugenia monticola","Eugenia","Myrtaceae","prune"
"Ficus nymphaeifolia","Ficus","Moraceae","prune"
"Ormosia macrocalyx","Ormosia","Fabaceae","prune"
"Shorea maxwelliana","Shorea","Dipterocarpaceae","bind"
"Terminalia triflora","Terminalia","Combretaceae","bind"
"Glenniea adamii","Glenniea","Sapindaceae","bind"
"Ormosia krugii","Ormosia","Fabaceae","prune"
"Schinus polygamus","Schinus","Anacardiaceae","bind"
"Nothofagus leonii","Nothofagus","Nothofagaceae","bind"
"Nothofagus antárctica","Nothofagus","Nothofagaceae","bind"
"Podocarpus saligna","Podocarpus","Podocarpaceae","bind"
"Prumnopitys andina","Prumnopitys","Podocarpaceae","prune"
"Pseudopanax laetevirens","Pseudopanax","Araliaceae","bind"
"Podocarpus nubigena","Podocarpus","Podocarpaceae","bind"
"Tepualia stipularis","Tepualia","Myrtaceae","bind"
"Sophora microphylla","Sophora","Fabaceae","prune"
