PlotObservationID,fold,held_out,seed,lcbd_count_sorensen_obs,lcbd_count_sorensen_pred,pd_inext_q0_obs,pd_inext_q0_pred,pd_inext_q1_obs,pd_inext_q1_pred,pd_inext_q2_obs,pd_inext_q2_pred,td_inext_q0_obs,td_inext_q0_pred,td_inext_q1_obs,td_inext_q1_pred,td_inext_q2_obs,td_inext_q2_pred
LT_100,0,fold0,0,,0.0004147752350241833,,6.322212636310759,,3.0036136179254025,,2.4138458242430807,,8.000088062925851,,4.755746863618469,,3.726399834884526
LT_1000,0,fold0,0,,0.00041271498284759997,,6.463741894558814,,2.7974106725226373,,2.3243359912481845,,8.250499327132426,,4.894782696900239,,3.8476513555399605
LT_1001,0,fold0,0,,0.0004163395941509697,,6.29609112828588,,3.6525838101655315,,2.969192851184573,,8.07435915920126,,4.249671885798152,,3.422792751045745
LT_1018,0,fold0,0,,0.00041016305126068825,,7.496596001367424,,3.6889693767121523,,2.842032958280943,,9.750423162237087,,6.044902264372202,,4.5562532695995195
LT_1021,0,fold0,0,,0.0004111321700995263,,6.665235056805234,,2.705977299635908,,2.27104497178616,,8.485345567234194,,4.610425847534848,,3.5389720728880754
LT_1022,0,fold0,0,,0.0004106322443898965,,6.5750873075012795,,2.8330931614827426,,2.278817688921813,,8.142399725976132,,4.71233480799789,,3.753168003889403
LT_1023,0,fold0,0,,0.00040692903926238706,,6.631506447938912,,3.3380548122235907,,2.6130709880175935,,8.48783070205963,,5.9671825567514,,4.5757845245315485
LT_1025,0,fold0,0,,0.0004114750898760386,,6.447054677349468,,2.893434142297373,,2.248669493482258,,8.01214591914651,,4.602204494874265,,3.691511190884477
LT_103,0,fold0,0,,0.00041490470398007975,,6.478455439715748,,2.8368942864052813,,2.2465040501759845,,8.222177261091954,,4.9000952905014685,,3.880784935360834
LT_1031,0,fold0,0,,0.0004102220783132309,,6.929399561665275,,3.9558406375285986,,3.128937122539456,,8.731411053612273,,5.084099093822019,,4.080145901203482
LT_1046,0,fold0,0,,0.0004178438182402197,,6.187195206897523,,2.7042835045291644,,2.151713636578866,,8.110397690148453,,4.678205142343709,,3.8077421886671368
LT_1049,0,fold0,0,,0.00041663750223953216,,6.3778172845666035,,2.4047641113667098,,2.022637064002351,,8.188784053637738,,3.9188741111160375,,3.110620357223903
LT_1050,0,fold0,0,,0.000419104479560636,,6.6671271502776115,,3.131973000601975,,2.4614771167121803,,8.874597274676429,,5.594211240301681,,4.453492391402194
LT_1054,0,fold0,0,,0.0004179837858801043,,6.216265949565406,,2.6876773066814863,,2.144901256987768,,7.995394412440612,,4.571614832444829,,3.759561860209533
LT_1060,0,fold0,0,,0.0004159016888503342,,6.353344677375958,,2.819820335618081,,2.2291313996002504,,8.155227461146623,,4.422387079597291,,3.5998769268075264
LT_1063,0,fold0,0,,0.00041546983160252286,,6.445719379505927,,3.278013556639919,,2.6363702997151357,,7.932974590064359,,5.665732940038818,,4.487280651297121
LT_1066,0,fold0,0,,0.0004155277959314325,,6.18344085404085,,2.7121834399189453,,2.1492994329020108,,8.141014266524392,,4.671920098850638,,3.69860515461831
LT_1074,0,fold0,0,,0.0004180003555235394,,6.7911424727068,,2.8897791165225986,,2.320995418136551,,8.494987355884913,,4.889857412350738,,3.7683130740962354
LT_1075,0,fold0,0,,0.00041555074682579456,,6.451080635208164,,3.961395169217214,,3.2035748179805896,,7.924890782928211,,4.807669419086093,,4.0783349294211035
LT_1086,0,fold0,0,,0.00041107519545041833,,6.947921401184393,,3.314850714006996,,2.605184542503184,,9.004563233997894,,5.618926528890189,,4.322254957713217
LT_1091,0,fold0,0,,0.00041279548641793423,,6.588813657793185,,2.859289263589861,,2.4056835999761104,,8.151070319411767,,4.5853379974729345,,3.51137645741378
LT_1092,0,fold0,0,,0.0004159593550606827,,6.169700105038405,,2.8034116295878966,,2.284168906415846,,8.195611781104773,,4.9435986918325066,,3.7882268097826666
LT_1096,0,fold0,0,,0.00041854832503203723,,6.420808022550221,,2.976037197316056,,2.327627081522462,,8.345083923170797,,5.025346458894534,,4.0485982982456825
LT_1104,0,fold0,0,,0.0004176917119069444,,7.560674811462751,,3.2450954304831496,,2.532775391732624,,9.741058590169901,,5.064782624150959,,3.921273579051295
LT_1106,0,fold0,0,,0.00041940321251812684,,7.520282085255422,,3.383292244941522,,2.62041339422417,,9.546386110347509,,5.5627646892166,,4.350263265041027
LT_1109,0,fold0,0,,0.00041664033727807463,,6.828764616594802,,3.1714565504939505,,2.452742009525152,,8.950435219663154,,5.224936088313534,,4.276975555129591
LT_111,0,fold0,0,,0.0004080142083700833,,7.343641620338682,,4.3219061712358355,,3.331169646608229,,9.55628755326684,,5.649886318994456,,4.438341944380113
LT_1131,0,fold0,0,,0.0004183560095566089,,6.3517755897335695,,2.6516230171714317,,2.1237567556560384,,8.190574367919707,,4.47751266664135,,3.527820851641842
LT_1137,0,fold0,0,,0.0004123312039186304,,6.679619057600178,,2.7842081145478934,,2.3200155720332845,,8.337185439967028,,4.482484170390456,,3.4856577113488814
LT_1141,0,fold0,0,,0.00041294105565170026,,6.640827589585346,,3.0928320338716095,,2.4511996774573745,,8.460255325082695,,5.247412396001427,,4.110531321778848
LT_1150,0,fold0,0,,0.00041410870582045227,,6.7336833049634555,,4.091052599249405,,3.227964950141077,,8.785967961983232,,5.2163204497336215,,4.0909690425592595
LT_1152,0,fold0,0,,0.00041263868131437807,,6.658149652188359,,3.0030037872980064,,2.4463913964298003,,8.225993724821814,,5.101099586624164,,3.949836590720176
LT_1155,0,fold0,0,,0.0004143280936595717,,6.64686704794565,,3.852457225083766,,3.0744468319474296,,8.225018367645362,,4.3291359685440804,,3.516356319754781
LT_1156,0,fold0,0,,0.00041053450957188355,,6.63935952091231,,3.816058622362474,,3.0885475061973278,,8.316200352993503,,4.493426799047795,,3.6653855803800774
LT_1158,0,fold0,0,,0.00041534100546169843,,6.611492950005722,,2.882532122706255,,2.3310254237744576,,8.191129945104962,,4.647047809422535,,3.5985333405444844
LT_1159,0,fold0,0,,0.00040943453416457387,,6.701779675105628,,2.935616908571382,,2.3932592722497077,,8.629236988830929,,4.7525348951645245,,3.678037268916771
LT_122,0,fold0,0,,0.00041155549747573517,,6.644935418027551,,2.5577203511785696,,2.060837326071046,,8.441430600080977,,4.504174171917849,,3.4098891324352967
LT_1253,0,fold0,0,,0.0004075928936008149,,6.391778301920981,,2.8839898131292987,,2.3292197308344926,,7.864118589866674,,4.72251988299582,,3.7288067195039583
LT_1289,0,fold0,0,,0.00040771381205777224,,6.500523578648861,,2.709658541579816,,2.2492891990672588,,8.240182371867329,,4.609129056868643,,3.6062604874970168
LT_1291,0,fold0,0,,0.00040796329118781595,,6.799441216864168,,3.400863132726785,,2.6806946105205425,,8.369848181585466,,6.065544061101155,,4.602913830524722
LT_1292,0,fold0,0,,0.0004069962353945057,,6.803289315867429,,4.008240397196888,,3.2016578694317888,,8.391020785331463,,5.473423439160591,,4.256633826874664
LT_1296,0,fold0,0,,0.00040706982261062667,,6.645300011019617,,2.9031793158839916,,2.433942349208489,,8.12449809522368,,4.9430321459834285,,3.8938448242857553
LT_1298,0,fold0,0,,0.0004067895660510093,,6.7168668619273655,,3.9887961519931667,,3.1717576182248153,,8.153308250695671,,5.103028385542517,,4.052541373610025
LT_1301,0,fold0,0,,0.00040675441422317014,,7.090692327429031,,4.165238050251173,,3.2763099144837544,,8.894681099856841,,5.647274782785281,,4.411081018504583
LT_1302,0,fold0,0,,0.00040689907983077096,,6.78602128316153,,3.129502693245951,,2.5522619525752965,,8.55796681051103,,5.478264483789392,,4.34232249957211
LT_1308,0,fold0,0,,0.0004148986647704925,,6.253169657177511,,2.751475535491639,,2.2007279225902208,,8.094609234483217,,4.867171202115481,,3.8140130543623183
LT_1309,0,fold0,0,,0.00041797316579585304,,6.522934448950559,,4.535740889308453,,3.4838740972159,,8.07328896402904,,5.5447895546925725,,4.461044887650089
LT_1310,0,fold0,0,,0.0004177934772025115,,6.06598444750827,,2.702340370667849,,2.169914298420404,,7.9921348234167855,,5.0257583591064305,,4.019849749768672
LT_1315,0,fold0,0,,0.00041428905768934113,,6.423480994958805,,2.7732908289925726,,2.199743698421735,,8.293313845885079,,5.180540381988824,,4.165864951614709
LT_1327,0,fold0,0,,0.0004068312381869388,,6.78276616620213,,3.113324825662912,,2.5856132882417104,,8.258658033265696,,5.423188749459283,,4.33046988459954
LT_1328,0,fold0,0,,0.00040834414020700024,,6.4216236159137186,,3.0875254370416685,,2.562904949389402,,7.963475993383635,,5.704906474230466,,4.343594435555072
LT_1329,0,fold0,0,,0.00041294412999692137,,6.477194290876222,,2.891491325271302,,2.2943766103995156,,8.118909236802205,,4.82606049245353,,3.8572779871665626
LT_1332,0,fold0,0,,0.00040783173217314415,,6.789198099238447,,2.807831115927206,,2.3234187566541498,,8.304993680734917,,4.70585231019626,,3.591739116794418
LT_1340,0,fold0,0,,0.00041393338563478974,,6.455384209702532,,2.7377140968564486,,2.1872654995560517,,8.23333292036107,,4.497958644293938,,3.541185807366731
LT_1344,0,fold0,0,,0.00041945335343254557,,6.043483303225022,,2.884059977885963,,2.3323285191137986,,8.20303312134118,,4.876631790849776,,3.844186310231053
LT_1356,0,fold0,0,,0.0004163838526543371,,6.657042006631909,,4.034044638356294,,3.2088304223134947,,8.248937706926771,,4.944530490895584,,4.041603325563637
LT_1359,0,fold0,0,,0.0004162847008949925,,6.390600094102402,,2.8036385921018274,,2.259031779968115,,8.131976952782878,,4.707837378620503,,3.7432848860739827
LT_1364,0,fold0,0,,0.000407208872584993,,6.8371056481586505,,4.248849234101242,,3.3375367213812637,,7.961351128392292,,5.099179189846481,,4.329345920439418
LT_1365,0,fold0,0,,0.00040801824043565013,,6.753806425694922,,4.153629048678643,,3.2886354299513303,,8.174021591937214,,5.4971859449331,,4.371089695395531
LT_1371,0,fold0,0,,0.0004089684979859103,,6.7572052652329475,,4.099662423641356,,3.2735621455183406,,8.227154600674853,,5.2572986755999755,,4.344718067682721
LT_1396,0,fold0,0,,0.00041019739506949204,,6.744576830976418,,4.130265639786995,,3.319985048763675,,8.164502292021652,,5.3862588708745625,,4.4836900555617385
LT_1398,0,fold0,0,,0.00041269840062197437,,6.7768118958996375,,3.886273882136328,,3.1038603754820815,,8.207044088453415,,4.6092377997969685,,3.727535512769377
LT_1407,0,fold0,0,,0.00041125770469110576,,6.673554335432262,,3.926409062716421,,3.174935344606301,,7.9918893925998225,,4.786467872823044,,4.007257581945477
LT_1416,0,fold0,0,,0.0004073663120176211,,6.796009378579166,,2.869911589160888,,2.378233748917548,,8.499361605828687,,4.8757991255755355,,3.8730941806490087
LT_1417,0,fold0,0,,0.0004097849685935715,,6.8482630635655966,,4.527946811528282,,3.4771595797265813,,7.995137535089609,,5.984550424884482,,4.721999581597919
LT_1419,0,fold0,0,,0.0004071046935134326,,6.844482642389564,,4.167445490679257,,3.283869023283704,,8.351592324178666,,5.6484207169304765,,4.544360652921784
LT_1420,0,fold0,0,,0.0004100837831761857,,6.583736409000576,,3.297213651762694,,2.5895858112786407,,7.918780627154359,,5.727780987967223,,4.476015500772932
LT_1421,0,fold0,0,,0.00041410666664739963,,6.184038435654591,,2.9131440877989925,,2.3058843379942173,,8.00610799650271,,5.167784666644722,,4.229291231157211
LT_1442,0,fold0,0,,0.00041750590160417357,,6.316381737031466,,3.1336461379715086,,2.4573665203894026,,7.697989179195685,,5.462665822167396,,4.502419229588149
LT_1446,0,fold0,0,,0.000412607459447498,,6.369278311899385,,2.7805761030559206,,2.1989896523556145,,8.035804949081564,,4.626216271796538,,3.722968635302406
LT_1475,0,fold0,0,,0.0004101212407919691,,6.675790201240209,,4.271023018401419,,3.27572916395003,,7.9725998373554,,5.146765102253471,,4.143098901613507
LT_150,0,fold0,0,,0.0004093191253849975,,6.7718115705412405,,4.0220610484195465,,3.261462745271774,,8.153913763465525,,5.343809706541953,,4.338243408304455
LT_1501,0,fold0,0,,0.00040835763380789314,,7.215279336736648,,4.190886498772533,,3.3862983688447854,,8.884048650502027,,5.606384812897374,,4.472914187491467
LT_1502,0,fold0,0,,0.000407947688550743,,6.774324177166011,,3.3504976322858218,,2.644188134210633,,8.243794610780187,,5.564307309537124,,4.35003325843729
LT_1504,0,fold0,0,,0.0004076700327550701,,6.674374506904868,,2.855696393000014,,2.306493723950191,,8.743585546279055,,4.763831343885207,,3.7015357969962075
LT_1510,0,fold0,0,,0.0004078971307215247,,6.764538933974351,,3.156476905818535,,2.6187427420261185,,8.535911156734256,,5.339934492195784,,4.1995140580293455
LT_1514,0,fold0,0,,0.00040682697258445644,,6.9864195317308,,3.0826939612629807,,2.5421250942533544,,8.988991081629214,,5.536917619652515,,4.281927663130935
LT_1519,0,fold0,0,,0.00040947624690252857,,6.746243154668928,,4.39073021389631,,3.4189125112486187,,8.18778596671175,,5.763926614488651,,4.641157681851829
LT_1522,0,fold0,0,,0.00040691784383819346,,6.778731455575626,,4.391319576161638,,3.282170412750554,,8.42487936555014,,5.358230453441995,,4.2945378159080585
LT_1529,0,fold0,0,,0.00040880534412420823,,6.528672487959461,,2.8395534476683095,,2.359822506998005,,8.139952213912505,,4.990925995042319,,3.8308871252411185
LT_1533,0,fold0,0,,0.00040962707645612016,,6.707445414025207,,3.0138095361617956,,2.434160582348596,,8.44779603568466,,5.183268972594453,,4.131113516696918
LT_1535,0,fold0,0,,0.00040796805865592374,,6.55492951679665,,2.670978775556289,,2.284568708622135,,8.039744290157845,,4.349960140206593,,3.4570345918273593
LT_1536,0,fold0,0,,0.0004074731891317556,,6.899383182357827,,3.0693741443788323,,2.632989858150252,,8.65827782650897,,5.432782352211075,,4.128123180836335
LT_1537,0,fold0,0,,0.0004098500698765887,,6.635228039950861,,3.962242190751733,,3.220329281033394,,8.277152489168804,,5.226062118566877,,4.234468404542521
LT_1539,0,fold0,0,,0.0004124164487456193,,6.5020201164770395,,4.032182517970465,,3.2189187448258747,,7.762572859393093,,4.639899867326403,,3.903954199140683
LT_1540,0,fold0,0,,0.0004073057150399285,,6.922967518555508,,3.56432343169834,,2.826812248114374,,8.76724120818102,,5.945830657958908,,4.544093712702282
LT_1542,0,fold0,0,,0.0004163940079574477,,6.692099559353062,,4.001262492333592,,3.1807837300650332,,8.554767701256921,,5.152812511164177,,4.090997091477696
LT_1544,0,fold0,0,,0.00041021624908196483,,6.895428816074686,,2.871844306300687,,2.347928792211234,,8.90731754126809,,4.658476325576967,,3.5904332401014565
LT_1545,0,fold0,0,,0.0004095893591210386,,7.085606546755179,,3.090991915429548,,2.5837188528716863,,9.143211148357942,,5.641596602247122,,4.203694705823098
LT_1546,0,fold0,0,,0.0004147286523751084,,6.2313842364236,,2.841536652501465,,2.229953936395851,,8.133704663673385,,4.86569125755834,,3.9605829089546507
LT_1547,0,fold0,0,,0.00040941134665757606,,6.813513945239509,,3.0355093735104908,,2.499060009235605,,8.670934876045346,,5.145018377793267,,3.9340373446823356
LT_1549,0,fold0,0,,0.0004093583234953402,,7.299848052611477,,4.798504911579164,,3.5647347082851977,,8.894255480425972,,6.202508035860136,,4.769308236280249
LT_1550,0,fold0,0,,0.00041103150688800646,,6.675474299299241,,2.8976363401175056,,2.417745074651746,,8.838101583399697,,4.908102611280119,,3.924058298573684
LT_1551,0,fold0,0,,0.00041332606132385256,,6.748990271823372,,2.8784012962938186,,2.409070015204415,,8.785689551331323,,5.079648146720778,,3.9616163681208403
LT_1552,0,fold0,0,,0.00040989217381916243,,6.968790392375428,,3.236839327956665,,2.6153647322790587,,8.719979026956999,,5.5546742232209985,,4.358654528605979
LT_157,0,fold0,0,,0.00041592834033234855,,6.808040083659199,,4.665092148186365,,3.523141229371987,,8.261338948668364,,5.878632049257019,,4.693843006264889
LT_1599,0,fold0,0,,0.0004104364038470792,,6.6418193737809545,,4.005063699561706,,3.20575438889571,,8.296621456174694,,5.172096805948425,,4.12697424068699
LT_1602,0,fold0,0,,0.0004117432469995571,,6.583703421753283,,2.8716905304884253,,2.347634481131162,,8.48748418098373,,4.444269098855458,,3.503491725304308
LT_1603,0,fold0,0,,0.0004115286322536743,,6.473929222958376,,2.9447247157288237,,2.3066400430651948,,8.003656979072913,,5.0795452021567025,,4.128601325203531
LT_1609,0,fold0,0,,0.0004072113576422849,,6.812405604116992,,2.960597424198454,,2.470825123611836,,8.45880050693195,,5.3790507464362465,,4.10796059918994
LT_1610,0,fold0,0,,0.0004070197752773178,,6.862144142735043,,4.671969930774081,,3.4757567451839764,,8.38931276187954,,6.160982796124874,,4.75969218547943
LT_1613,0,fold0,0,,0.00041083710910635486,,6.448943340243914,,2.6434145784756606,,2.202111817042557,,8.244246186168214,,4.255352107794176,,3.3699541406323257
LT_1617,0,fold0,0,,0.0004092707781506045,,6.45534368321451,,2.7154341674077753,,2.3072278380954585,,8.20128460902914,,4.48086180248993,,3.5883813494565846
LT_1622,0,fold0,0,,0.00040747156037604197,,6.5410130864024385,,3.056029535066612,,2.568543485117758,,8.61012625296885,,5.498425583359951,,4.196711926313037
LT_1623,0,fold0,0,,0.0004070009878670306,,6.987108683575291,,3.0500796039027587,,2.4745004927334167,,8.859955854129598,,5.3698157321619435,,4.096324719121986
LT_1624,0,fold0,0,,0.0004179118618162607,,6.260702983706687,,3.0631688216313604,,2.393556269054448,,7.887799476815726,,5.057384827281944,,4.08042798448644
LT_1627,0,fold0,0,,0.00040945455165198805,,6.810121012155615,,2.8542819031705244,,2.2985067663622796,,8.281196837277294,,4.580167589553929,,3.530139702836122
LT_1635,0,fold0,0,,0.0004089778955015874,,6.476194208598444,,2.7451342297003136,,2.289976789317672,,8.045943318644987,,4.40403558117738,,3.442736503496734
LT_1636,0,fold0,0,,0.0004073558637686884,,6.683031915465821,,2.951114342580369,,2.5314615822385456,,8.815640641477538,,5.547047171093901,,4.168668865624163
LT_1638,0,fold0,0,,0.000407316495857523,,6.549029858870608,,3.3452204446582163,,2.698643003134605,,8.103187953100903,,5.2239039989398215,,4.236598709896603
LT_164,0,fold0,0,,0.0004096897187708271,,6.552670952144028,,2.716513435945835,,2.2054665830159217,,8.198585620862383,,4.461613511550588,,3.5252450490120415
LT_1640,0,fold0,0,,0.0004082044170212358,,6.884492002229322,,4.043859867401619,,3.228796949267812,,8.760425469039271,,5.629729211998634,,4.316241679795345
LT_1641,0,fold0,0,,0.00040682828511057895,,6.931341815388667,,4.195699315799771,,3.303192795096758,,8.529099409278315,,5.589128371627678,,4.49411469829876
LT_1649,0,fold0,0,,0.0004125548710599402,,6.9821151569673185,,3.6249096106310095,,2.8995107502918573,,9.002924774156028,,6.211349321697344,,4.611872385025948
LT_1651,0,fold0,0,,0.00040768055294209717,,6.675308393441053,,2.9152433725054823,,2.473194801943957,,8.713104208026197,,5.48457628296349,,4.06997880892903
LT_1654,0,fold0,0,,0.0004073331775160151,,6.555640036886871,,4.029097187464347,,3.2392201947557453,,8.197429190568073,,5.487201974058258,,4.326582780250618
LT_1656,0,fold0,0,,0.0004080525012756936,,6.9804057230642576,,3.5501745698041747,,2.827328477554156,,8.765456287816432,,6.091020139525605,,4.566419410650818
LT_1657,0,fold0,0,,0.00040979123141575424,,6.719225425210686,,4.228492820720989,,3.317975288553244,,8.414776775302386,,5.512015900761133,,4.456594397929533
LT_1662,0,fold0,0,,0.0004081086123898948,,7.329306002691346,,3.164382983521789,,2.5874071143445327,,9.912772759659848,,5.5408299956565115,,4.215989561270963
LT_1669,0,fold0,0,,0.00040783309045175874,,6.699802915232177,,4.177964813789334,,3.18953333965883,,7.790844358112548,,4.97088585845607,,3.972117323194377
LT_1672,0,fold0,0,,0.00041220531836519414,,6.687071837799883,,3.215241317134112,,2.5411576559122127,,8.225398494118714,,5.162949860438922,,4.1274191512462055
LT_1674,0,fold0,0,,0.00040688033122438134,,6.9956534018080125,,3.134353114532947,,2.542973829225609,,8.818770309767302,,5.554681854674229,,4.235010431389847
LT_1676,0,fold0,0,,0.00041123567499660486,,7.304458785227145,,3.131815305577543,,2.4231585540062084,,9.077089986937043,,5.1233370014046065,,3.9983407853557202
LT_1680,0,fold0,0,,0.00040912742150014947,,6.737459677810918,,3.344476113694943,,2.646484833928036,,8.354193586611213,,6.010616814843239,,4.624812072636187
LT_1681,0,fold0,0,,0.00040930173617142324,,6.97472417195295,,3.115496070109578,,2.5636180268087223,,8.911206789265194,,5.38266554917896,,4.097649922765992
LT_1688,0,fold0,0,,0.0004078736814913265,,6.60540981791412,,3.2004597454557384,,2.600392687582102,,8.215247994051971,,5.265629675681261,,4.032149934147144
LT_1703,0,fold0,0,,0.0004109841680198095,,6.606163658187749,,4.056219613792622,,3.2364130177720782,,8.20369964242026,,5.293381981989567,,4.289063988205208
LT_1705,0,fold0,0,,0.0004151723020187643,,6.551337159184992,,3.038323329725916,,2.4772115350710107,,8.388020369755647,,4.993629026242356,,3.863594813782341
LT_1706,0,fold0,0,,0.00041213917372762837,,6.506107465645587,,2.8227897406040285,,2.266786098343446,,8.150822939306453,,4.405526936004597,,3.5711397327754044
LT_1707,0,fold0,0,,0.00041424163817622463,,6.4329178056710505,,4.075097715556958,,3.3108510637406376,,7.8549738559177,,5.405458662335273,,4.603343670019273
LT_171,0,fold0,0,,0.00041280699998247523,,6.4639787545174965,,3.0903991105213664,,2.425412859629541,,8.248628286244855,,5.420765314735238,,4.223415401302834
LT_1710,0,fold0,0,,0.0004069742586411615,,6.8330565196144795,,4.136807215699208,,3.3402133770948885,,7.97849039815196,,5.597914998090285,,4.523347321626606
LT_1712,0,fold0,0,,0.00040750929017049735,,6.822470783639052,,3.3963686611270054,,2.720491802431849,,8.215380582757657,,5.548167980780587,,4.420186418410719
LT_1718,0,fold0,0,,0.00040937041704103283,,6.648522104933574,,3.8734275528109836,,3.1257726344688574,,7.87596091165255,,4.606271756052635,,3.907212057328348
LT_1725,0,fold0,0,,0.00040765994825348387,,6.686092987317504,,4.069189141423713,,3.1833577545887617,,8.239832968704741,,5.25265981614676,,4.202606956412094
LT_1727,0,fold0,0,,0.0004078861894772426,,6.872254479669014,,2.9982720522145434,,2.4776418916615772,,8.526050647607612,,5.353816816222515,,4.106340871724293
LT_1729,0,fold0,0,,0.0004065984413828671,,6.869677471716522,,4.033712016421726,,3.1806273111168926,,8.256220867637122,,5.033714016773716,,4.116771978154861
LT_173,0,fold0,0,,0.0004085487170856078,,6.799080199489018,,3.9956041837831027,,3.213381204461025,,8.183241368559544,,5.184871945056701,,4.222259604913979
LT_1731,0,fold0,0,,0.00040722251431691073,,6.9845862975531094,,4.128007712893581,,3.353123183588224,,8.168246185177148,,5.708958132582753,,4.536772950421298
LT_1732,0,fold0,0,,0.00040770553101005663,,6.990703336929824,,4.140578296231035,,3.256859290750507,,9.116857902636516,,5.572125331553102,,4.31713274514567
LT_1735,0,fold0,0,,0.0004072994831515204,,6.692689860277573,,3.0677937663203085,,2.570681988448581,,8.712514692464893,,5.027880796278798,,3.8731738147145736
LT_1737,0,fold0,0,,0.00040731527660391696,,6.795606050776384,,3.058173690008415,,2.55226877348454,,8.768179450823196,,5.618885933305834,,4.320770018564112
LT_1739,0,fold0,0,,0.00040732389212849544,,6.816047831302463,,3.101682130076906,,2.529486382209348,,9.176599351089525,,5.6068538371426895,,4.409981157791401
LT_1741,0,fold0,0,,0.0004072739506445853,,6.826385788985653,,3.2245539215103123,,2.5794078641684783,,8.497677517176585,,4.987304866350532,,3.896089308344662
LT_1764,0,fold0,0,,0.00041171814236215173,,6.421375228977051,,2.795023012052731,,2.3202138677234863,,8.410166734991755,,5.049461044764043,,3.878933390972235
LT_1767,0,fold0,0,,0.00041395873336663204,,6.455981970097556,,3.159574850529374,,2.444631460382692,,7.8081953536939555,,5.056533027592423,,3.929045991913256
LT_1768,0,fold0,0,,0.0004091594131614817,,6.508305307387643,,3.140767183401108,,2.554521696040845,,8.174640612807108,,5.514317039550513,,4.2572705774029345
LT_1789,0,fold0,0,,0.00040985024984152747,,6.66143767417853,,2.901858297065064,,2.416644575024362,,8.382161977081651,,4.981601513438768,,3.8389575191245826
LT_1790,0,fold0,0,,0.00040758233576894225,,7.005459877384278,,3.41572348977215,,2.778745573840122,,8.716674659831527,,5.8881136176093,,4.462969825449208
LT_1791,0,fold0,0,,0.0004073039604401592,,6.83379879088805,,2.8041037981489847,,2.3664492744056163,,9.133592912888306,,4.796918621473751,,3.6888054834629473
LT_1792,0,fold0,0,,0.0004099572997079623,,6.632108734160284,,3.0727754495203032,,2.5797998337985484,,8.395504573356456,,5.150409527522557,,4.038055122977268
LT_1798,0,fold0,0,,0.0004162013816482041,,6.507342174209797,,2.8779654845819858,,2.231698506279515,,8.666287647282298,,5.0116561320674,,3.9896181980190564
LT_1799,0,fold0,0,,0.0004107554645609718,,6.981562906025507,,4.245531495531257,,3.29476599570112,,8.700953134667689,,5.556215907421024,,4.281645598779637
LT_1800,0,fold0,0,,0.00041189810427095554,,6.64664040357855,,2.9177550442903213,,2.298334801827404,,8.23328818413109,,5.124970506765823,,4.019400264657903
LT_1801,0,fold0,0,,0.00041343244296124064,,6.743940720629266,,2.8847142270347015,,2.3337175385437487,,8.330453784052708,,5.117448018131007,,4.169537912263176
LT_1802,0,fold0,0,,0.00041311837696408893,,6.679058003410858,,2.927894598845464,,2.3380292922097796,,8.292020503746018,,4.882150937912251,,3.851288205758818
LT_1803,0,fold0,0,,0.0004108034886503766,,6.805417958292236,,2.917356606589868,,2.4579895573710564,,8.376584026969189,,5.35554490437153,,4.071404244161913
LT_1804,0,fold0,0,,0.0004094636157807065,,6.977615402270664,,3.4046259711677767,,2.743463446793165,,8.7105490067027,,5.813383210766229,,4.387223135139331
LT_1805,0,fold0,0,,0.00040881581336764915,,7.126272724109772,,3.4085507261624413,,2.6750266446280366,,9.050875906629345,,5.818132821151655,,4.432291043002565
LT_1806,0,fold0,0,,0.00040675717876142124,,6.542105853940271,,3.1001227147706087,,2.52391393502503,,8.040440790371958,,5.544509875552244,,4.291174693445085
LT_181,0,fold0,0,,0.00041501664828508256,,6.262112031350561,,2.634490016054492,,2.165431626941977,,8.085389916694446,,4.1589509199207235,,3.257227465378863
LT_1826,0,fold0,0,,0.0004095254520803792,,6.585765988705126,,2.9268819798575745,,2.5172032367270587,,8.378172165779796,,5.230044722581935,,3.9746380527863208
LT_1827,0,fold0,0,,0.0004084792622957717,,6.432147878087888,,3.023689672827407,,2.531544991842919,,8.510644133279602,,5.14160659357263,,4.050279773779449
LT_1828,0,fold0,0,,0.0004075197616161125,,6.592031981897828,,2.817664602971063,,2.4281749141392,,8.685201254862454,,4.917286290985104,,3.844217241653723
LT_1829,0,fold0,0,,0.0004078788066875106,,6.786393600834975,,2.767075544446804,,2.3615172462043335,,8.668989617592176,,4.62777704988352,,3.608051709869291
LT_184,0,fold0,0,,0.0004115237145691005,,6.680339765062209,,4.010313567499051,,3.222804295717179,,8.437097847798173,,5.104298731100929,,4.152039568675286
LT_1842,0,fold0,0,,0.00041101029580224713,,6.778779045734603,,4.1209129350775715,,3.2894767612497406,,8.055437012851659,,5.1756010958430165,,4.190802185616068
LT_1843,0,fold0,0,,0.00040954695666528193,,6.552248042518757,,3.9166445693833016,,3.0949237590705763,,8.160893967172253,,4.823085274106932,,3.986619015356368
LT_1844,0,fold0,0,,0.0004081887991231013,,6.628061025558686,,2.675963715938048,,2.281735140733206,,8.096178535326407,,4.415135945782322,,3.472223829395598
LT_1845,0,fold0,0,,0.00040935449548860046,,6.723346457473504,,4.077115078892629,,3.3048625410037644,,8.167338778308425,,5.267143935981912,,4.290266394147658
LT_1846,0,fold0,0,,0.00040698879623775677,,6.530212380098894,,2.755115286644193,,2.293588060673215,,8.018527605453835,,4.563078888570595,,3.5562741422078763
LT_1847,0,fold0,0,,0.0004106477521033901,,6.306946606170563,,2.7318488727334853,,2.2301645363783615,,7.775468670015839,,4.402884510304707,,3.550052075662685
LT_1848,0,fold0,0,,0.00040852204344811807,,6.823844952412433,,3.2274150193596043,,2.60923380588339,,8.302712791968778,,5.308901465050707,,4.066745726909064
LT_1849,0,fold0,0,,0.00041118970410817905,,6.609274481687293,,4.097162081612187,,3.1714484290551512,,8.168335927084767,,5.0434739265851665,,4.112185061284756
LT_1850,0,fold0,0,,0.00041115270447173585,,6.7295249602314815,,3.19012652242153,,2.639393716049825,,8.55779875268567,,5.4612608287406275,,4.1249685375016885
LT_1857,0,fold0,0,,0.00041948241914492937,,6.4233679670891695,,2.843293318819816,,2.2551275899909866,,8.375347271246822,,4.739498280424875,,3.8151788487046825
LT_1880,0,fold0,0,,0.0004106310187738105,,6.735563640052044,,2.996674061756307,,2.4643151021375833,,8.124906585902313,,4.818371838544259,,3.7292311055148306
LT_1881,0,fold0,0,,0.00041349747481187783,,6.576488122550424,,4.0331785533967155,,3.2164100636636865,,8.14067575783654,,5.010461875821551,,4.071201597902251
LT_1893,0,fold0,0,,0.00041622372204661376,,6.358195752529796,,2.96485187068812,,2.388557778854521,,8.185266882243726,,5.098693890677669,,3.944501030992361
LT_1898,0,fold0,0,,0.0004116318870638347,,6.806737681927261,,3.172701058280434,,2.6034290631348895,,8.451737983965334,,5.349836198609275,,4.145433431936015
LT_1899,0,fold0,0,,0.00041474731640225686,,6.4657384690681186,,3.160626165423263,,2.4781331031626435,,7.9952645655576635,,5.257313620973856,,4.193368959108676
LT_1901,0,fold0,0,,0.00041486256102899605,,6.335862540847142,,2.795533285546153,,2.1609660524959375,,7.989560591063249,,4.422631890559591,,3.4865176812823138
LT_1902,0,fold0,0,,0.0004110997689002367,,6.826697792191647,,2.9933451932822375,,2.483349302215344,,8.377319378611535,,5.255660606608152,,4.074212999818943
LT_191,0,fold0,0,,0.0004068495307412764,,6.623247072451636,,3.1318008311653287,,2.5244288320350354,,8.27386414883869,,5.827980654358129,,4.412207483407128
LT_1914,0,fold0,0,,0.0004098752447831318,,6.746612835018855,,4.030073041059198,,3.2533735285401937,,8.087916559941984,,5.251864482449793,,4.254684154180196
LT_1917,0,fold0,0,,0.0004074619190039732,,6.847250442873604,,4.1279918957818085,,3.2392949494275673,,8.242500269327417,,5.329841994079742,,4.28372682970121
LT_192,0,fold0,0,,0.0004284868217744441,,5.9789879091676115,,2.695287103094899,,2.1191147552268896,,8.608462066322923,,4.740070541265851,,3.6055981676748967
LT_1921,0,fold0,0,,0.00041322108301283973,,6.53105728611031,,4.255137860636281,,3.4063695169801353,,7.878311429658191,,5.47140915260193,,4.550208891684977
LT_1922,0,fold0,0,,0.00041263079411684757,,6.909215549366946,,3.5309791665244004,,2.868067732983699,,9.020368644682643,,6.212624587545728,,4.582088752775113
LT_194,0,fold0,0,,0.00040897336115865504,,6.802410154176888,,3.06617737961834,,2.4729713348352815,,8.434536606702393,,5.280160073496318,,4.183582435819024
LT_1959,0,fold0,0,,0.00040671538991529123,,6.626633989865859,,2.8945540098430933,,2.407398633768338,,8.255996643557202,,5.092791012907003,,4.013707025762343
LT_1960,0,fold0,0,,0.00040710569370065383,,6.699677751707593,,2.8970230073496195,,2.4333522316778855,,8.47600125054281,,5.24242816708752,,4.010983147754576
LT_1961,0,fold0,0,,0.00040753507809109316,,6.567241957404785,,3.042937140133364,,2.5667024713059057,,8.383745538590238,,5.451286145197524,,4.1546542742988635
LT_1962,0,fold0,0,,0.00040718203727384793,,6.8165143922929525,,4.067110380949674,,3.250732277816394,,8.358717993827225,,5.44556471592361,,4.340222903371538
LT_1963,0,fold0,0,,0.00040729263952831926,,6.781435386608509,,3.024417994561558,,2.5283439956313924,,8.93818364219907,,5.201536409906991,,4.081576516341798
LT_1964,0,fold0,0,,0.0004084047031425765,,8.035450038075355,,3.2988230191305594,,2.6726687980499966,,10.36167020810303,,5.509265761299092,,4.135755957895082
LT_1965,0,fold0,0,,0.0004070677514746313,,6.829369744879659,,3.105729821245698,,2.540697973337982,,8.85964586915338,,5.64293326974587,,4.337192209390323
LT_1966,0,fold0,0,,0.0004073012439014499,,6.930044181565183,,3.199670004228557,,2.573219450588389,,8.208955374446523,,5.4734436357133545,,4.301292710287724
LT_1967,0,fold0,0,,0.0004072367291321488,,6.875089146187229,,4.014081021098495,,3.1587014253926364,,9.074931236287691,,5.018111630270054,,3.9998012502348805
LT_1978,0,fold0,0,,0.00041402881661939915,,6.510041896427624,,2.9723837540676175,,2.4771552970773536,,8.306132440632338,,4.997880145181859,,3.849712309279473
LT_198,0,fold0,0,,0.0004070965417023245,,6.763549767353783,,4.023392257611649,,3.163221453797208,,7.986807561101686,,5.199727317068444,,4.22297009896092
LT_1981,0,fold0,0,,0.0004156816756791318,,6.635477309016511,,2.8039629939966626,,2.2957897069378945,,8.593672043722043,,4.418259951736581,,3.4122546380532093
LT_1982,0,fold0,0,,0.00041390148936702384,,6.582889209554166,,2.694561029722143,,2.2650973327820183,,8.26690040892843,,4.226785189606461,,3.3622932871154436
LT_1986,0,fold0,0,,0.000418073146091184,,6.457619079668688,,2.77386291407753,,2.2724337333711127,,8.310620606775268,,4.8284504587069,,3.747178859997051
LT_1987,0,fold0,0,,0.0004102609515217494,,6.668241229150016,,3.3086095506281126,,2.6296565167382275,,8.287865782386257,,5.371083459930815,,4.19850449351671
LT_1990,0,fold0,0,,0.00041816977949643737,,6.240600937241138,,4.008884411956502,,3.2193230174039886,,7.891494069337363,,5.472421895362598,,4.488365484372872
LT_1991,0,fold0,0,,0.00041454270913240075,,6.600237961732764,,4.111489260412564,,3.292198229180241,,8.210720013617719,,5.300504215069828,,4.293327366069599
LT_1992,0,fold0,0,,0.00041364911594199416,,6.551983601119725,,2.9592977682968313,,2.412410079097777,,8.165737907130472,,4.824247631797188,,3.8080179369270786
LT_1993,0,fold0,0,,0.00041462286617056227,,6.699661535222285,,3.976383183972575,,3.150446183856527,,8.176395697385876,,4.6774234892704385,,3.7711966369026735
LT_1995,0,fold0,0,,0.0004155580617283307,,6.433489723815764,,4.13054606215826,,3.3088863844278724,,8.131536478330231,,5.440835154645667,,4.5161792644181755
LT_1996,0,fold0,0,,0.00041136607565408177,,6.669030357045551,,3.4953069958663567,,2.7269540224270585,,8.131825362243282,,5.711086217833337,,4.373343302827521
LT_1997,0,fold0,0,,0.00041270461739430046,,6.563760820151969,,3.2224868371394693,,2.6079528033943107,,7.988409812946937,,5.217678522018713,,4.08081242519809
LT_2,0,fold0,0,,0.0004287044511054102,,5.9554111148323035,,2.573653540111934,,2.0702501934920465,,8.429223003330735,,4.79640378935626,,3.684005868814074
LT_201,0,fold0,0,,0.0004173507911827967,,6.033294042537027,,2.6725031218558266,,2.14537402053728,,7.955671109706557,,4.6393536986752775,,3.652131806199483
LT_2012,0,fold0,0,,0.00040741511582514933,,6.399385927957949,,3.2431207467583336,,2.6385107300311303,,8.081664590790359,,5.754882038501529,,4.361848757401082
LT_2013,0,fold0,0,,0.00040759700276208136,,6.831846493921865,,2.9754091352841647,,2.538170919281456,,8.58787569397483,,5.3533489779490315,,4.037349955732975
LT_2014,0,fold0,0,,0.000409599536703888,,6.712406052279146,,3.076968773299351,,2.521151519912633,,8.313540389653816,,5.284878124520272,,4.166053444073215
LT_2015,0,fold0,0,,0.0004075882305360889,,6.598476872237782,,2.87630113585972,,2.4368171943105095,,8.318818841654776,,4.852422017481069,,3.8576728965096834
LT_2016,0,fold0,0,,0.0004081453909598864,,6.591299432592327,,2.7351824536880955,,2.3691282949665795,,8.071493585007937,,4.475392799661616,,3.4836652204968392
LT_2017,0,fold0,0,,0.00040816513378988395,,6.7952968704237025,,3.142598303043778,,2.58659459660971,,8.418724133842012,,5.361552278685821,,4.173319809116229
LT_212,0,fold0,0,,0.0004109081894341539,,6.447800525909817,,3.0785143411136127,,2.39905700013012,,7.841670851344245,,5.169991474971769,,4.031336435559031
LT_214,0,fold0,0,,0.00040900026919858494,,6.875718434258131,,4.069769928399164,,3.2494221162190033,,8.410415240985978,,5.177696285586383,,4.220188211080343
LT_216,0,fold0,0,,0.0004252448295580455,,6.431649969511052,,3.1597101061873047,,2.4544519274452266,,8.766285504081766,,6.009184324107833,,4.499558687420306
LT_22,0,fold0,0,,0.0004172699459547638,,6.385284480754846,,2.594893517156523,,2.067336352518041,,8.313341723926069,,4.368527663623682,,3.374860799326955
LT_228,0,fold0,0,,0.0004164835708657319,,6.147792849237119,,2.8606567921713997,,2.2731335095223413,,8.207730414930639,,5.629137757436396,,4.485317477212531
LT_246,0,fold0,0,,0.0004141601775133636,,6.561283157780868,,3.8071366087684466,,3.054113003583506,,8.264329531372299,,4.405382801289389,,3.554741653250248
LT_247,0,fold0,0,,0.0004097930275994647,,7.244022640411919,,4.823566671034739,,3.6200385003031474,,8.885065376833492,,6.362637315383656,,4.911943712707155
LT_261,0,fold0,0,,0.000420663513407726,,6.523327015627222,,3.1670296436808485,,2.5131901304801154,,8.246709403827735,,5.488374206543585,,4.342883040731693
LT_262,0,fold0,0,,0.00041152969181383094,,8.214298898922031,,4.279444781079677,,3.259054299163369,,10.121012133099569,,5.596082876964129,,4.321488748768684
LT_27,0,fold0,0,,0.0004122040227619011,,6.5128309686951225,,3.0250455124112534,,2.393534926819973,,8.252538567092632,,5.291195759215238,,4.2191962277649555
LT_271,0,fold0,0,,0.0004219399677730853,,6.266786983914712,,2.9448038455364194,,2.482879649901652,,7.879108538430955,,4.757763691120186,,3.6634420121498428
LT_273,0,fold0,0,,0.00041800325597285415,,6.324615573283204,,3.004329684975199,,2.4596410622415514,,8.050532409687586,,4.978523610192519,,3.762452865489578
LT_276,0,fold0,0,,0.0004237950320963198,,6.275200117088954,,2.849200483630937,,2.2514323091001494,,8.088862821041552,,5.065065728651339,,3.9945615454274304
LT_278,0,fold0,0,,0.00041549220118154706,,6.348935747663208,,2.52414253205997,,2.1234618893456383,,8.010152760995643,,4.013920553188518,,3.256171852008415
LT_279,0,fold0,0,,0.00041748668463331,,6.9875788782290185,,3.330130971549501,,2.5878833557466834,,8.999872558016955,,5.549711659586705,,4.459080956011678
LT_280,0,fold0,0,,0.00042284963349372394,,6.297468357057607,,2.981159900616269,,2.3058673242500634,,8.613950512917608,,5.517746139413864,,4.251873700357292
LT_287,0,fold0,0,,0.0004077251889764589,,6.410671724166751,,2.940958300484085,,2.319717371238934,,7.659091889036099,,4.6288258242881755,,3.6899906380932808
LT_298,0,fold0,0,,0.0004142333823878661,,7.529460585908993,,3.6390224633520405,,2.7774587474554946,,9.895890158349916,,6.261595822579575,,4.643746267831021
LT_302,0,fold0,0,,0.00041023234708356844,,6.617942633063052,,4.027068003808239,,3.234840576353881,,8.254997229649298,,5.082614163592124,,4.201037044343489
LT_306,0,fold0,0,,0.0004257320116938905,,6.293311137061792,,3.1644789419525314,,2.460988974761595,,8.657555842799066,,5.698139520303399,,4.403459407504626
LT_307,0,fold0,0,,0.00041367539597227283,,7.295696971987659,,4.858378779575506,,3.6134191809633633,,9.35088563980268,,6.33551198733678,,4.951704090396073
LT_308,0,fold0,0,,0.0004171659125982684,,6.523453599461742,,3.74112232437234,,3.0130330175135636,,8.139008767649944,,4.2081280374878105,,3.4670809640983786
LT_310,0,fold0,0,,0.00040903967719222063,,7.3358462519184835,,3.234654847925466,,2.597679759401224,,9.480848188818724,,5.301841845490519,,4.123594011897283
LT_311,0,fold0,0,,0.00041023652185890463,,6.625881505660723,,4.428844118901406,,3.3911068977053773,,7.771183478315233,,5.1053807973881975,,4.01000152293539
LT_315,0,fold0,0,,0.00041046995894529134,,6.395893299375417,,2.5780226793843988,,2.2154033138152855,,7.863068027891703,,4.222383303917804,,3.397787640223118
LT_319,0,fold0,0,,0.0004160500536673061,,6.223084910048957,,2.5128495293320294,,2.083080695092284,,8.166982691152027,,4.207005137644523,,3.3122058368811707
LT_322,0,fold0,0,,0.0004142767181437093,,6.752292434570762,,2.7609388620142647,,2.189671934218468,,8.217373960925554,,4.44429148472259,,3.4211131822083494
LT_326,0,fold0,0,,0.0004103063429283047,,6.704765103851597,,4.0733153138644855,,3.2230552499547818,,8.22636240605147,,5.244507514543328,,4.281943608857541
LT_328,0,fold0,0,,0.00041300864716590363,,6.808901064217275,,4.348202555902721,,3.3034633419918666,,8.39031895059548,,5.731215772767738,,4.5814878209408985
LT_329,0,fold0,0,,0.0004075197959872833,,6.737833635795216,,3.1809946134289606,,2.6516887693299016,,8.202936653355984,,5.4083030949763655,,4.2865926903893286
LT_330,0,fold0,0,,0.000409521427683867,,6.72680484309602,,3.1919152143908724,,2.6258484909262516,,8.644379752937652,,5.374151472817686,,4.210723901528941
LT_331,0,fold0,0,,0.00041300608047827557,,6.369719945828426,,2.958338409054411,,2.334021054528912,,7.914029802606034,,5.05219271335664,,4.078360587767335
LT_333,0,fold0,0,,0.00041700667520112346,,6.030007758053505,,2.5624386532580785,,2.0591860944290024,,7.9989607812944294,,4.440256687729918,,3.4971403036542075
LT_334,0,fold0,0,,0.00041310318950180634,,6.559775100829545,,3.9738397444608546,,3.2136173458564294,,7.964271698386999,,5.158112315002224,,4.183382185142881
LT_335,0,fold0,0,,0.00041343143284717707,,6.6174314466267585,,3.1360588040186226,,2.6163656390844166,,8.257758732216283,,5.3425043282621445,,3.909999628297217
LT_337,0,fold0,0,,0.0004192392810915043,,6.427705739449912,,4.09644207664876,,3.1802965892217356,,8.437254096435204,,4.927489916947243,,3.9305611403436607
LT_338,0,fold0,0,,0.00040803247438128167,,6.423243990235099,,3.084412364633245,,2.4672249677048477,,7.804595152352612,,5.3845384259246725,,4.225102221780029
LT_340,0,fold0,0,,0.0004119340515063175,,6.699365354936434,,4.405585884565054,,3.4066642023445737,,8.100626861710916,,5.512326514921999,,4.571048050013961
LT_342,0,fold0,0,,0.0004140864820443412,,6.504342286040491,,4.347695005326522,,3.3749198641133753,,7.812062366644088,,5.199186557945837,,4.227347592045381
LT_343,0,fold0,0,,0.00041672160431992233,,5.994536952206369,,2.589347318439279,,2.155963597447959,,8.032476152985854,,4.490185119768892,,3.4772537981186917
LT_345,0,fold0,0,,0.0004085937658823407,,6.4870368919452,,2.7113331169171664,,2.2570602780459668,,7.986075135637329,,4.433158390025717,,3.5441225422411033
LT_348,0,fold0,0,,0.00041077845419601466,,6.768317168121834,,2.915534990799962,,2.3995215773226835,,8.737524282586886,,4.4850598569634315,,3.6466158413962644
LT_359,0,fold0,0,,0.0004166917057851962,,6.508860386226641,,4.052071842840537,,3.181996794775303,,8.237052440901573,,5.031295733195569,,4.199739815984079
LT_362,0,fold0,0,,0.000418228017828785,,6.239344924698686,,2.4219567997404505,,2.053089295023843,,8.071511041267364,,4.045004468203744,,3.097927974281818
LT_364,0,fold0,0,,0.0004101356220432041,,6.453266027661955,,2.929152715294386,,2.4438024589584724,,8.119697180948796,,4.933174360655915,,3.7209931398159735
LT_366,0,fold0,0,,0.00040843910442299805,,6.7480196463863455,,2.97486398167246,,2.4229522712251947,,8.352441770086925,,5.041289375787651,,3.9933728936931336
LT_369,0,fold0,0,,0.0004130877689924959,,6.271353635927699,,2.769044621155469,,2.2793056087928156,,7.982585895091357,,4.541941873137975,,3.5739189488615604
LT_372,0,fold0,0,,0.00041432255497520117,,6.578040499043265,,3.7831303620216037,,3.0504456182713016,,8.072648669688485,,4.369773473717061,,3.7800234362695364
LT_376,0,fold0,0,,0.00040945219400230146,,7.537700056840343,,3.2473449337292455,,2.604612712839997,,9.808942982067412,,5.278378019522192,,4.128167524609445
LT_380,0,fold0,0,,0.0004098440175624666,,6.500070907710259,,2.707969931391823,,2.24907640693372,,8.183703144729174,,4.376943919682374,,3.579265758313802
LT_383,0,fold0,0,,0.0004134993567600151,,7.244860510184478,,3.36997788711964,,2.6124543579077826,,9.600884966245841,,5.9889351214818705,,4.706212500500106
LT_396,0,fold0,0,,0.0004105199636792265,,6.498697785104843,,2.9427401773954984,,2.3225777991074,,8.093947612484815,,4.951199954869005,,3.9804987736347504
LT_418,0,fold0,0,,0.00041458282833419825,,6.41086435581481,,4.280242984739622,,3.3588783152309762,,7.776858768770133,,5.165445998325936,,4.247252278832269
LT_42,0,fold0,0,,0.00042367154526327423,,6.170206946276466,,2.77618530035806,,2.1591390624431384,,8.653433255132176,,4.861128829249095,,3.704537216159319
LT_437,0,fold0,0,,0.0004070802079139072,,7.019730518276421,,4.085537826007053,,3.199811235059784,,8.145142657212302,,5.420289827281512,,4.247757826223189
LT_448,0,fold0,0,,0.00041639748830133577,,6.476726523237668,,2.693567585030678,,2.2018562784788718,,7.891177594131789,,4.267077110319748,,3.3594233396685373
LT_449,0,fold0,0,,0.00041385679262030337,,6.468269808100899,,2.839197334723854,,2.3947851132173676,,8.218134538327861,,4.781862913224351,,3.8098909227979494
LT_451,0,fold0,0,,0.000411188148557862,,6.511794917875037,,2.6395294227745536,,2.149948672565549,,8.233354974909078,,4.158701365090255,,3.3153284627853026
LT_455,0,fold0,0,,0.0004144511233672068,,6.3881245100645065,,2.7542551834580427,,2.2736531800878006,,8.206993786865034,,4.725970668451596,,3.7280674897285278
LT_462,0,fold0,0,,0.0004145734917938432,,6.563234570740842,,2.9443159730795143,,2.4440518258006945,,8.256842566106492,,4.492939061199933,,3.5087579431003117
LT_464,0,fold0,0,,0.0004107473685240788,,6.662399889846337,,3.0785117073337185,,2.448154353547129,,8.295411645841256,,5.059981270178954,,4.004610249459765
LT_466,0,fold0,0,,0.00040963490878366017,,6.440952123398977,,2.7834566198775517,,2.3005143652424094,,7.910356157415903,,4.787141293795306,,3.9087539113056837
LT_470,0,fold0,0,,0.0004122819170876216,,6.649111071832707,,4.382094502914788,,3.361677073877002,,7.878501063538323,,5.107188501291626,,4.019388955507004
LT_472,0,fold0,0,,0.0004105933685890212,,6.439136007970224,,2.623249464426577,,2.15000463062608,,8.395644805998227,,4.474033451479,,3.4927551422992997
LT_473,0,fold0,0,,0.0004100687895111574,,6.817953074661397,,4.641072333739579,,3.508615904721216,,7.919801317762612,,6.000692135054378,,4.766568474643335
LT_476,0,fold0,0,,0.0004148634656564662,,6.847694226879994,,4.125305104232512,,3.347716175508557,,8.16944966683604,,5.322504593395191,,4.236689600385553
LT_477,0,fold0,0,,0.00041497378631130157,,6.573732694373303,,3.86062569029166,,3.1344224216142664,,7.944108212235402,,4.357159634622882,,3.5883571857450063
LT_478,0,fold0,0,,0.0004070322264343607,,6.8441726791312565,,4.6550332993818575,,3.4941646881235164,,7.909935132781106,,6.23204129183789,,4.882759801573911
LT_481,0,fold0,0,,0.0004136018007815153,,6.830177743819842,,3.2166442350395954,,2.529300315513922,,8.367611700997601,,5.496914021710227,,4.30784134091739
LT_482,0,fold0,0,,0.0004119676825851005,,7.050311922854342,,3.5546119027196195,,2.793176983041556,,8.730593720710509,,6.058907826068863,,4.584937996113372
LT_487,0,fold0,0,,0.00041029184298718713,,6.756570368873709,,4.102370390147452,,3.2355592266211053,,8.230742120394568,,4.73300710508946,,3.931897709357295
LT_488,0,fold0,0,,0.00041084018082846764,,7.275874360758071,,4.827215651609828,,3.5799837002030097,,9.082151612866825,,6.3191041599891955,,4.885870382953023
LT_489,0,fold0,0,,0.00040833228702408415,,6.908739530369808,,4.298760714775153,,3.3582326192113765,,8.212212507590515,,5.415476461851259,,4.523182306662854
LT_490,0,fold0,0,,0.0004127808627815317,,6.629694449659787,,2.476071889448497,,2.024800789517332,,8.343786149571002,,4.149240766468121,,3.1687981707276247
LT_491,0,fold0,0,,0.000407196722171526,,6.514631365032074,,3.18128288210052,,2.517524513086561,,8.028209934696507,,5.5210435583102395,,4.303961290797514
LT_496,0,fold0,0,,0.0004082163763759021,,6.825067803773839,,4.5654963259966905,,3.3857312627329934,,7.91223289847114,,5.40727406051218,,4.225458701638213
LT_497,0,fold0,0,,0.00041850356807309266,,6.449881258274522,,2.4840620872367514,,2.091106159903311,,8.264639061210012,,4.005110233275549,,3.0454602014953105
LT_50,0,fold0,0,,0.0004189868165549882,,6.303439197554907,,3.0368268132394056,,2.363980294898731,,8.007998137259058,,5.347426106018673,,4.223340391766924
LT_501,0,fold0,0,,0.0004125227577327518,,6.643317358240862,,3.22755614039243,,2.606563204330453,,8.551329479381598,,5.5182970193183465,,4.215676334333876
LT_503,0,fold0,0,,0.00041751422362811853,,6.268426529586086,,2.7823980508129664,,2.2285271361403862,,8.377475753202512,,5.106471845733843,,4.0402814975260934
LT_504,0,fold0,0,,0.00041953587287076044,,6.095610396833688,,2.832996406304534,,2.2017810029642666,,8.216342221387961,,5.364146041406871,,4.107410885375139
LT_505,0,fold0,0,,0.00041899242708934997,,6.249164612200372,,2.539120655811262,,2.036753189236689,,8.382895943155821,,4.531377032906846,,3.5143961747259995
LT_520,0,fold0,0,,0.0004191466986187761,,6.410459047366357,,3.9977130660186733,,3.172685731471253,,8.306314808622826,,5.057777203218938,,4.08155007511011
LT_521,0,fold0,0,,0.0004103602626624545,,6.289213053099396,,2.896692911127158,,2.386039798544148,,7.7118632912113965,,4.717664853348579,,3.554980911293963
LT_525,0,fold0,0,,0.0004156859269328489,,6.7422880386465485,,4.026677722659556,,3.247139054710865,,8.302347264304133,,5.002402362697923,,3.985355151977654
LT_526,0,fold0,0,,0.0004161633650580348,,6.805720091517995,,3.3181387516335827,,2.671164232443851,,8.665237559528412,,5.448634924107949,,4.082583580896029
LT_534,0,fold0,0,,0.00041600974496480356,,6.391232340338056,,3.0619674365603373,,2.4602659046717523,,8.302410985943862,,5.556100695374223,,4.350792746201656
LT_535,0,fold0,0,,0.0004192217413780709,,6.580205740828337,,4.138585128858614,,3.2772472475580954,,8.496998139051195,,5.680726320053252,,4.4127305574642595
LT_545,0,fold0,0,,0.00041299957461378954,,6.408164728268866,,3.080764515768824,,2.4434665480791122,,8.092313643193933,,5.066437689319266,,3.8571087041807495
LT_546,0,fold0,0,,0.00041535474429276603,,6.5927846770688125,,2.9978355837538126,,2.363827547950019,,8.04199717901984,,4.565207122785629,,3.5629970575929444
LT_55,0,fold0,0,,0.0004070133829684047,,6.348659569344134,,2.7611085155441124,,2.305002884970863,,7.997102009314487,,4.649258002836479,,3.6795803112288206
LT_550,0,fold0,0,,0.00041510555126791915,,6.661191928225366,,2.713592125407395,,2.1466754804822976,,8.281168673235847,,4.4504494938576835,,3.3763142081475843
LT_554,0,fold0,0,,0.00040952316724717115,,6.667876147788317,,3.0450677413996003,,2.4144313521316625,,8.072339033206891,,5.3122562553518895,,4.211842216683288
LT_557,0,fold0,0,,0.00040656677326770217,,6.865791511043375,,3.1807453489307713,,2.5186074299558725,,8.711843931847977,,5.627800233086149,,4.353569943348736
LT_563,0,fold0,0,,0.00042060866950256563,,6.282810700612673,,3.0828859596250204,,2.417865795118627,,8.371501481114343,,5.021693190047071,,3.913593213008938
LT_568,0,fold0,0,,0.00040773731683631416,,6.850812007111414,,4.414810136651265,,3.4453914376419457,,7.992159618083594,,5.625709398107311,,4.656919075615273
LT_57,0,fold0,0,,0.0004123855263596099,,6.119770630947559,,2.43340093383427,,1.9828108173474723,,8.153604894186486,,4.228754939103529,,3.3122808191514457
LT_572,0,fold0,0,,0.00040723727601365417,,6.545760218890951,,3.136809530434783,,2.4926289785498024,,7.988919813844396,,4.879210231466977,,3.7504578705144924
LT_584,0,fold0,0,,0.00040770487231117473,,6.530570392551314,,2.880981779103317,,2.3618616181039798,,7.962519301349764,,4.686903727696812,,3.6803132376501946
LT_600,0,fold0,0,,0.00041064375888616965,,6.3984345172408705,,3.2333532552781707,,2.5081345010008116,,7.873569998076715,,5.5337338634866216,,4.349334184074922
LT_606,0,fold0,0,,0.00040724949669199324,,6.5686657462734805,,2.8618954642881707,,2.395769501465644,,8.008676098791668,,5.1302973343958405,,4.003123295825786
LT_622,0,fold0,0,,0.000415280365027023,,6.430922370412728,,2.8241618299530225,,2.215127984017994,,8.436803135475767,,5.093899541981857,,4.101575450406253
LT_624,0,fold0,0,,0.0004143859053171127,,6.350881583398708,,3.045717952348291,,2.3559123965099302,,8.068598283231534,,5.362434051048291,,4.322458865978006
LT_625,0,fold0,0,,0.00041476077613324287,,6.364595538097191,,3.203046559502489,,2.5707121775342308,,8.098659006058213,,5.564691271620923,,4.502991776735181
LT_634,0,fold0,0,,0.0004173912943866553,,6.326693820454825,,3.0699313022481736,,2.3474281176290077,,8.232577146565102,,5.311966194454646,,4.4050661278972285
LT_641,0,fold0,0,,0.0004073241449071164,,6.783197174421609,,4.064177201321563,,3.239871619873118,,8.691435665363183,,5.580759058353183,,4.2966146075981415
LT_650,0,fold0,0,,0.0004151041627970791,,6.06776332696678,,2.4129316609748965,,2.00669482035827,,8.101493457236845,,4.32350979719534,,3.4294282197601773
LT_653,0,fold0,0,,0.00041399360999545484,,6.334594407122709,,3.817203134986747,,3.1260180677701466,,8.16668308706217,,4.692230389657308,,3.811668656156363
LT_657,0,fold0,0,,0.00041465885931229844,,6.370039839544658,,2.7263425201672202,,2.1487575932179834,,8.468463325699766,,4.7014790608825825,,3.670683448426073
LT_669,0,fold0,0,,0.0004087133956222743,,6.9866407818059395,,4.198733215688583,,3.2877623691887994,,9.266424338690708,,5.622234568759402,,4.489051995580718
LT_673,0,fold0,0,,0.00041414652737545993,,6.407063451159735,,2.594366672848791,,2.119437832958092,,8.046932531188858,,4.223057320925407,,3.3640623972540022
LT_675,0,fold0,0,,0.000411106983247974,,6.61884299645553,,2.5634569014516115,,2.151589489226196,,8.368438280001074,,4.3340718831869385,,3.35157220312404
LT_676,0,fold0,0,,0.00040615019218932964,,6.68992873258999,,3.207921688907741,,2.587439342298151,,8.239198710958249,,5.717118100003085,,4.364241152111186
LT_681,0,fold0,0,,0.00040944718908053276,,7.1494558988787364,,3.222944378907586,,2.6351609901260815,,8.84970679389464,,5.32960307909282,,4.2728437496784455
LT_683,0,fold0,0,,0.0004078982839168573,,6.712574911763597,,4.042588945314891,,3.2275370181606453,,8.070203486245266,,5.379780040046678,,4.26043530457444
LT_685,0,fold0,0,,0.0004135453167242228,,6.367969148578,,2.6372697153301186,,2.079547964319554,,8.426821427899377,,4.569747248342489,,3.5957938083316465
LT_692,0,fold0,0,,0.0004148208226871196,,7.441529206107559,,3.2731025564154193,,2.55617337693019,,9.622783553403291,,5.179614723223303,,4.143059719199336
LT_699,0,fold0,0,,0.00040827456868924514,,6.6558733743935665,,3.9317621774322364,,3.0781021575110166,,8.142334713538274,,4.676454958316285,,3.907403153006577
LT_707,0,fold0,0,,0.0004114721474401308,,6.591589864896092,,2.744841385165189,,2.219958842846281,,8.417918043157936,,4.522651315369446,,3.661656660820994
LT_721,0,fold0,0,,0.00041298879566440197,,6.608406621685876,,2.65997765851973,,2.2464118821014853,,8.513738313325998,,4.393614779055001,,3.4337075986100483
LT_735,0,fold0,0,,0.0004141306102515858,,6.5876549223753775,,2.6599056019680476,,2.187919854401895,,7.994257454008474,,4.280116355948128,,3.3474867174008
LT_737,0,fold0,0,,0.0004100763670470027,,6.75172922083312,,3.8886768100840006,,3.1045292430344933,,8.372579111748188,,4.8536679616997995,,3.9384071339452267
LT_738,0,fold0,0,,0.00041124817347137216,,6.917981291093287,,3.1581938615123284,,2.578730750711445,,8.988439967236697,,5.161354805770745,,3.9672175517588633
LT_752,0,fold0,0,,0.0004102678967143822,,6.806345899246093,,3.881297437993106,,3.050640727446821,,8.865952366766777,,4.885692299818145,,3.798869783327884
LT_761,0,fold0,0,,0.00040772909637996034,,6.888602610534335,,2.9460809418846807,,2.3968426815416333,,9.123176391388531,,4.98999105865613,,3.9742976567443513
LT_764,0,fold0,0,,0.0004097264585077934,,6.748415827287718,,2.8479593315998044,,2.3622459878156046,,8.476114476503318,,4.697592333678242,,3.6409030078387232
LT_765,0,fold0,0,,0.0004099268979785801,,7.025274893963579,,3.144260365290298,,2.581308451264758,,8.924867463810287,,5.541685468385948,,4.326603823938358
LT_766,0,fold0,0,,0.0004140323637271074,,6.373446561896136,,2.6089894611111992,,2.2296095311324455,,8.180395893479822,,4.211798801140339,,3.374986526216721
LT_774,0,fold0,0,,0.0004112721324385626,,6.76602938649908,,3.2225575627449894,,2.6387509115795305,,8.278191970710584,,5.2719638097209,,4.12279925066998
LT_777,0,fold0,0,,0.0004107189582112387,,7.117280663957474,,4.555958688945817,,3.469845199031186,,9.12552207585706,,5.68754787626999,,4.731331702109902
LT_784,0,fold0,0,,0.00041021510816132735,,8.049362704694392,,3.4570055670753037,,2.6960942230246916,,10.387296424752625,,5.850119894261508,,4.552770079580587
LT_788,0,fold0,0,,0.0004117061866564225,,6.792214837255816,,4.717011692715278,,3.5279560107594654,,8.552522090462222,,6.225598261543758,,4.7549685437850355
LT_793,0,fold0,0,,0.0004191756792867266,,6.277914210851432,,2.55161678587494,,2.1530687836399833,,7.957253248313496,,4.086284716893666,,3.1186075233913684
LT_797,0,fold0,0,,0.00041093082674149677,,6.720356681681351,,3.180873272727874,,2.533230833077201,,8.136758229203707,,5.293218926292913,,4.2020521209494675
LT_805,0,fold0,0,,0.0004182116417603358,,6.479654987806746,,4.060594549860523,,3.202664862388927,,8.173710993294444,,5.0736102977596795,,4.0986150721818335
LT_852,0,fold0,0,,0.0004174973911737923,,6.414317575091559,,4.197671347670903,,3.3769132040811156,,7.860894050344239,,5.714657139500169,,4.719481608323932
LT_854,0,fold0,0,,0.0004104090432738329,,6.748400633209083,,4.297609689751751,,3.335706845093093,,8.319600246851147,,5.5812013242632235,,4.593083058002073
LT_868,0,fold0,0,,0.0004125451050218665,,6.741936632845442,,3.4833624783817023,,2.7952706878866587,,8.518399236857727,,6.009848490787136,,4.495850453750536
LT_869,0,fold0,0,,0.00041610563837320494,,6.65462564648731,,4.021271832153686,,3.219504665589186,,8.24886755637502,,5.050113609441368,,4.096730968250279
LT_874,0,fold0,0,,0.00041053044193126685,,7.710490644108295,,4.833791225184967,,3.519646565072445,,10.142101843079272,,6.30683193934598,,4.925457247973952
LT_875,0,fold0,0,,0.0004131721317966741,,6.684893580022032,,3.8502826084773147,,3.1517620038327254,,8.315588614637257,,4.584030701283821,,3.768532657904801
LT_878,0,fold0,0,,0.0004125415330946125,,6.635659004732666,,3.885023988669845,,3.148607349563668,,8.23451677166865,,4.610427577635312,,3.836617664845195
LT_879,0,fold0,0,,0.00040932290827054227,,7.066682882191091,,4.76574594663053,,3.5453705932867723,,8.56405955643798,,5.811040209362716,,4.643392909243825
LT_880,0,fold0,0,,0.0004152988856997615,,6.6569046012763735,,3.9606902125853582,,3.1160794067835544,,8.341592973410972,,4.592744542293009,,3.6509488501768463
LT_884,0,fold0,0,,0.00041527073279900434,,7.1739414865920335,,3.119862220160662,,2.5222492056839942,,9.449573921156018,,5.229352518673342,,4.102161338450527
LT_886,0,fold0,0,,0.0004154804959422987,,6.388255713374674,,2.721922880640102,,2.227681755857011,,7.992666193734058,,4.200685753475303,,3.4408069158942522
LT_889,0,fold0,0,,0.0004120951164181437,,6.688526008189068,,4.199145946336194,,3.3040179265916017,,8.425839347915062,,5.304060209147509,,4.236307511312236
LT_89,0,fold0,0,,0.00041394824012242273,,6.2859545520854425,,2.870451251402397,,2.2670946979694477,,7.95421331982715,,4.78772942386189,,3.887259407970764
LT_894,0,fold0,0,,0.00041389853347462494,,6.745460035574129,,4.111109335767566,,3.233520673930207,,8.342448926094386,,5.27031232459307,,4.178954222513223
LT_901,0,fold0,0,,0.00041209406951770236,,6.592989418392197,,4.535656266555243,,3.3937538673661622,,7.731604679921709,,5.546867884939054,,4.372677606336943
LT_902,0,fold0,0,,0.000409862774744656,,6.5708867783529765,,2.7617609951075517,,2.304637381174032,,8.221554266722917,,4.579998798816886,,3.5340979582792396
LT_91,0,fold0,0,,0.0004167874461705294,,6.216858893490409,,2.833250777053799,,2.304108460539465,,7.957722276691048,,4.369628068923962,,3.463567288002761
LT_912,0,fold0,0,,0.00040916447811247154,,6.612493928975601,,2.9176962028545494,,2.3774133614962913,,8.108960464528728,,4.469220322020721,,3.5645197248311407
LT_913,0,fold0,0,,0.00041044250891947125,,6.86858412129229,,4.253523332121887,,3.364450661276895,,8.191773814724675,,5.327244436095505,,4.343918224907686
LT_918,0,fold0,0,,0.00041290482322666605,,6.753631287422466,,3.047376237560683,,2.3373202053353017,,8.258268754902652,,5.125104658637807,,4.092837351922851
LT_919,0,fold0,0,,0.0004101398828197187,,6.493865854337014,,2.945029106229125,,2.4117451560283607,,7.684772751101005,,4.513440279091461,,3.4728550237627007
LT_921,0,fold0,0,,0.0004184007686522141,,6.548840276424224,,3.891399867149393,,3.096294864386672,,8.219732411501225,,4.631953633571729,,3.7229988629744506
LT_928,0,fold0,0,,0.0004099202242098393,,6.5671701400990035,,2.8857810078435002,,2.3780865032870895,,8.302296212937563,,4.586308158002089,,3.5807113378535855
LT_933,0,fold0,0,,0.0004090441890336211,,6.714542932616649,,3.3957858133405683,,2.6073160589181104,,8.483004760417366,,5.989491270852293,,4.5630548542603995
LT_939,0,fold0,0,,0.00041430969426192905,,7.639079852086543,,4.27023857513583,,3.292314671695906,,9.676931160135775,,5.3989779687055535,,4.251221994880735
LT_944,0,fold0,0,,0.0004109571275682216,,6.495165614784834,,3.098203706337464,,2.464962659351961,,8.138915599838262,,5.527757697084302,,4.283429277911474
LT_965,0,fold0,0,,0.0004141283439005987,,7.587081123102635,,4.26686778322061,,3.270820845868267,,9.628451234062677,,5.342536631123108,,4.230210420982264
LT_982,0,fold0,0,,0.00041473983041967304,,6.4860544969686025,,3.869401311547217,,3.081713623937935,,8.416973874913394,,4.393110177777937,,3.5159357822908994
LT_990,0,fold0,0,,0.00040803610757288514,,6.8278671962902875,,4.5371167579374845,,3.434921492196515,,7.988713376357686,,5.646663915969822,,4.651981481598595
LT_999,0,fold0,0,,0.0004119317443645569,,7.243451098642942,,3.3762765236985928,,2.5958832516686536,,9.72792467947069,,5.5679465514216435,,4.3423867477290825
PCL_32479,0,fold0,0,,0.0004127524403303041,,5.552068591934209,,2.8652656900452844,,2.290627517135997,,7.815274331287864,,4.502200276283424,,3.7727646036233704
PCL_PCL0191,0,fold0,0,,0.00040309320849851726,,6.048278942041477,,3.748094796858284,,2.96134289700946,,9.291633882898672,,5.356378900130542,,4.458478969769727
PCL_PCL0193,0,fold0,0,,0.0004166282246244272,,6.163922769678674,,3.528716127979399,,3.047562289061671,,8.42578131353511,,4.8940329552851125,,3.893942541791621
PCL_PCL0198,0,fold0,0,,0.00041051597000813997,,6.622619699553648,,4.056904774580601,,3.0477831990622706,,7.955598261998896,,4.4016477785126185,,3.6764490939943464
PCL_PCL0200,0,fold0,0,,0.00040998439262848567,,5.56750080599177,,3.539045577019029,,2.887066443848199,,7.913563289272044,,4.425031214288345,,3.6723767917123427
PCL_PCL0202,0,fold0,0,,0.00040936833146978414,,5.7403003428190695,,4.188037630302793,,3.3562251331148887,,7.795109820577609,,5.459271048666721,,4.560393843739537
PCL_PCL0205,0,fold0,0,,0.0004246760952023535,,5.539851990359423,,3.65129783884245,,3.147691723139499,,7.700845601386975,,5.058674132735343,,4.148724732503534
PCL_PCL0309,0,fold0,0,,0.00043077941308995553,,5.986147199911673,,4.102609456385131,,3.2781011908009807,,7.813674163214827,,4.814266580545609,,4.074054209786029
PCL_PCL0310,0,fold0,0,,0.0004214860082607814,,6.028692291552037,,3.8854804189499146,,3.0059491364163753,,7.444007460015928,,4.705570643971627,,3.6917752467901868
PCL_PCL0311,0,fold0,0,,0.00042866514697537626,,5.663224284516506,,3.8695620500137786,,3.2117992358669336,,7.144115994777264,,4.628260715998009,,3.920604770887754
PCL_PCL0312,0,fold0,0,,0.0004206538841792229,,6.091510538772316,,4.153001863937363,,3.1943928401179598,,7.300284983694369,,5.174079466863796,,4.2708110820741325
PCL_PCL0313,0,fold0,0,,0.0004231746736762399,,6.237860930185271,,4.313504551534497,,3.178106907618539,,7.953747982177806,,5.513935250840673,,4.401037375097817
PCL_PCL0314,0,fold0,0,,0.00042600126032495134,,6.399981890369098,,4.385401945483763,,3.4185245115313676,,7.9879603743172405,,5.312731384216788,,4.314650794914865
PCL_PCL0315,0,fold0,0,,0.00042367754136537865,,6.510096865583983,,4.642688256983154,,3.464302732797682,,8.01904992830866,,5.691460086903877,,4.712404541215574
PCL_PCL0316,0,fold0,0,,0.0004186380826314579,,6.65701594049131,,4.543443591554015,,3.4336419432202256,,8.239396391293008,,5.268726557633865,,4.132104498729134
PCL_PCL0317,0,fold0,0,,0.0004212773849284184,,6.733078004216016,,4.545078527224856,,3.495339392363013,,7.997410512364592,,5.312367451752289,,4.213434126437281
PCL_PCL0318,0,fold0,0,,0.00041985079580290734,,6.421395138537975,,4.617879862584015,,3.515033899060811,,8.025308500232448,,5.624131426852835,,4.595816537631621
PCL_PCL0319,0,fold0,0,,0.00041732987116920896,,6.275009471680209,,3.999515124344046,,3.180797834581894,,7.864107369779929,,4.53413519768316,,3.754294958297559
PCL_PCL0320,0,fold0,0,,0.00041791561471580217,,6.224720243295101,,4.0642100747130705,,3.292367353501353,,7.800650599163732,,4.737588219069322,,3.8865935586314495
PCL_PCL0321,0,fold0,0,,0.0004206584194955017,,6.0122350011073245,,3.734722919762846,,3.012707739673298,,7.452329015539869,,4.444249856662478,,3.600829305931525
PCL_PCL0322,0,fold0,0,,0.0004176860478962586,,6.199600843134214,,4.109740763610327,,3.372143157444426,,7.81445828248958,,4.7677065406712025,,4.024529987693347
PCL_PCL0323,0,fold0,0,,0.00041458913733712077,,6.139891428788628,,4.169809705355295,,3.2800468563770586,,7.843296649741434,,4.448404895963181,,3.929970212386207
PCL_PCL0324,0,fold0,0,,0.00042027908264400705,,6.383076327992898,,4.173556624620857,,3.326131030411854,,7.735513813441933,,4.840187410235292,,3.942516879723112
PCL_PCL0325,0,fold0,0,,0.00042123878338440335,,6.254224685810903,,4.011747022320631,,3.215963321525327,,7.739146731119608,,4.715143674671679,,3.8517907356080263
PCL_PCL0329,0,fold0,0,,0.00042115308525705886,,5.220752045149373,,2.695232788800621,,2.153885796775054,,7.408574453985472,,4.401981230136524,,3.4982736969829653
PCL_PCL0365,0,fold0,0,,0.0004318090124979801,,5.843868768559725,,3.242723928054466,,2.5925847510770854,,8.444400256888652,,5.678552814903133,,4.290676606526644
PCL_PCL0366,0,fold0,0,,0.0004317262704108711,,5.3973689427545,,2.909669857401717,,2.3400476737524185,,8.422707013083444,,5.108302859800772,,3.8313393580437407
PCL_PCL0367,0,fold0,0,,0.0004303499253936402,,5.202458298157412,,2.6089604718513884,,2.162625792118313,,7.841191811551254,,4.849310183572942,,3.7084425051414263
PCL_PCL0368,0,fold0,0,,0.000431467793229931,,6.025548646031072,,2.7928381849212607,,2.209526081379998,,8.197323071900007,,4.8052289869885145,,3.654678596327547
PCL_PCL0369,0,fold0,0,,0.00042762914930593275,,5.7388995040936175,,3.0058374963256176,,2.4182039988774804,,8.369913469128708,,5.183016502463501,,3.9765049211340626
PCL_PCL0370,0,fold0,0,,0.0004306092706996001,,5.365420273275498,,2.820951829686939,,2.287681706057673,,7.976596257955374,,4.916325703188301,,3.7094066816568856
PCL_PCL0371,0,fold0,0,,0.0004293224590026148,,5.600587947176552,,2.9314668964961523,,2.3733818242202234,,8.258073511110759,,5.237911758825982,,3.9711237875073526
PCL_PCL0378,0,fold0,0,,0.00043136131446925956,,6.487552857469727,,3.58901617956232,,2.745466085209601,,8.332062457169213,,5.735651388058811,,4.412575861772317
PCL_PCL0379,0,fold0,0,,0.0004318678798497372,,5.811124700384036,,3.180057741697022,,2.443375781681477,,8.165754993840823,,5.798480438321944,,4.543907699485884
PCL_PCL0380,0,fold0,0,,0.00043045947989079833,,6.4115909163914155,,3.0649263088721383,,2.371944163847502,,8.507481553616746,,5.347468734576524,,4.1190223213223325
PCL_PCL0381,0,fold0,0,,0.00043279089081679767,,6.002951470845562,,2.8091993284488503,,2.1468219546214096,,8.901474095525765,,5.459448985816075,,4.128394910532398
PCL_PCL0382,0,fold0,0,,0.0004293954017616595,,6.027855491142156,,3.3133866863870747,,2.5913365436354283,,8.344827237234885,,5.54305146312751,,4.403967828089182
PCL_PCL0383,0,fold0,0,,0.000433976215228421,,5.4170871493999675,,2.358930600049159,,1.9364753041972753,,9.16507077436943,,4.5646070561206,,3.430550253442121
PCL_PCL0384,0,fold0,0,,0.0004323855758746834,,6.287584060482235,,3.185978541986144,,2.425134538453153,,9.35799602384605,,5.750174813563823,,4.525123557113121
PCL_PCL0417,0,fold0,0,,0.0004147619544597747,,5.987451590514716,,2.6416878197201386,,1.998454685595741,,7.720347620101053,,4.62135851856391,,3.5154374571503637
PCL_PCL0418,0,fold0,0,,0.00041302361423459395,,5.814988956856774,,2.6271335182773945,,2.1118570749442007,,7.389852351486065,,4.347203684718828,,3.30424731497875
PCL_PCL0419,0,fold0,0,,0.00041388059944288784,,6.862340486893917,,3.0298903409719045,,2.353589527483828,,8.491721056331134,,5.608733915000444,,4.1055046061337865
PCL_PCL0420,0,fold0,0,,0.00041651097516452046,,5.780160264399489,,2.382983566485331,,1.8399663525035774,,7.6739780133296795,,4.322159094523064,,3.2122686028883343
PCL_PCL0421,0,fold0,0,,0.00041402215348217836,,5.301398479344422,,2.55360788686811,,2.0121019394306257,,7.371566192284622,,4.254944934000865,,3.1942845157297866
PCL_PCL0422,0,fold0,0,,0.0004128237367312989,,6.576010157306928,,3.1211299787399835,,2.503959877284813,,8.087382662179458,,5.727644195059452,,4.563619196957666
PCL_PCL0430,0,fold0,0,,0.0004275675581877983,,6.206951501405924,,3.023407525034792,,2.304986001238536,,8.36113405824726,,5.27109867906016,,4.212672239673746
PCL_PCL0431,0,fold0,0,,0.0004302611336665964,,5.909535416367906,,2.990749863461203,,2.35779087975714,,8.177831066568547,,5.1488320612514675,,4.013979593598105
PCL_PCL0432,0,fold0,0,,0.0004317631608240762,,5.942457099228382,,3.3326714754523925,,2.634614156848849,,8.415301411975237,,5.6189546312840495,,4.479775809652508
PCL_PCL0433,0,fold0,0,,0.00042628905554099004,,5.468140919153434,,3.128866488767014,,2.455451157901321,,8.26502345505304,,5.630227298617646,,4.5504764452175985
PCL_PCL0434,0,fold0,0,,0.00042890453779963374,,6.025076942253944,,2.8529560213488026,,2.2641477234403165,,8.526510080758571,,5.1032539885192865,,3.8050525180348966
PCL_PCL0435,0,fold0,0,,0.0004324958473871151,,5.73406198494642,,3.213735415853127,,2.4928215516852723,,8.58420165680551,,5.6769534285231344,,4.6102068900699384
PCL_PCL0572,0,fold0,0,,0.0004320759303220699,,5.486826788813861,,3.4139225987085977,,2.814060979196884,,9.658958286474546,,5.2320072597343925,,4.181051072793416
PCL_PCL0573,0,fold0,0,,0.0004320343474272931,,6.392525433031926,,4.347850306040856,,3.351239159336278,,8.677899611527648,,5.873949084401325,,4.473977351565866
PCL_PCL0576,0,fold0,0,,0.0004311697923044724,,6.075171252824315,,4.238403513046606,,3.3521369307580002,,8.629641187103562,,5.596008111972857,,4.564601200651391
PCL_PCL0577,0,fold0,0,,0.00043361990183561974,,5.414498208858072,,3.946075437005273,,3.121812335106895,,8.942367829284276,,5.7073272963521005,,4.344103186052115
PCL_PCL0613,0,fold0,0,,0.00042681635206489633,,6.752648472154174,,3.5127680343762138,,2.7006571519250757,,9.729784030688284,,6.0561190412791,,4.728319051659309
PCL_PCL0616,0,fold0,0,,0.0004048528763341847,,6.288016486676407,,3.007869817113616,,2.4678225698679124,,7.638821077813432,,4.604915248223603,,3.617414987560687
PCL_PCL0630,0,fold0,0,,0.0004276863254975005,,6.16447028192243,,2.856646027904918,,2.3002512943114364,,7.766766710147429,,4.7326702436904835,,3.7281991571983077
PCL_PCL0639,0,fold0,0,,0.00040762142266411935,,7.743455064951526,,3.0733257881599294,,2.358317325295232,,10.78314199409532,,5.86841038800266,,4.395939106912689
PCL_PCL0642,0,fold0,0,,0.0004077504004253163,,7.933807345313824,,3.2326281402974337,,2.5427711642151194,,10.231419514116109,,5.16721088819163,,3.9168720183702015
PCL_PCL0656,0,fold0,0,,0.00041325717476321105,,6.3057485237628335,,3.180214451700337,,2.593855379345607,,8.079268062263697,,5.383464028406579,,4.372803496760404
PCL_PCL0678,0,fold0,0,,0.00041702987066948374,,5.537237075379636,,2.2233910588434993,,1.7834029235178508,,7.373556954279636,,3.5334013525912025,,2.730852448910229
PCL_PCL0679,0,fold0,0,,0.00043327601215556975,,5.648672450616193,,2.9501086842979594,,2.3195126294524635,,8.998733001786562,,5.054836357802844,,4.027348735761554
PCL_PCL0693,0,fold0,0,,0.0004200852035917517,,6.035557294614088,,3.164404837452507,,2.5374143229213857,,8.093744452604914,,5.2848705804808445,,4.267978068136893
PCL_PCL0711,0,fold0,0,,0.00042729544509753463,,5.8035453559512415,,3.1528743770563494,,2.5229655500867803,,8.23112611377078,,5.694189245159185,,4.494231719428974
PCL_PCL0712,0,fold0,0,,0.0004251705370842025,,5.781166031753681,,3.1272840669799877,,2.5615706245560816,,8.069956186644676,,5.681555394784213,,4.607389888812289
PCL_PCL0721,0,fold0,0,,0.00041920596780869145,,6.6261971525897785,,3.0288079384353868,,2.413715149598849,,8.166569937108111,,5.0075618006184595,,3.8827465399276013
PCL_PCL0722,0,fold0,0,,0.00041755527340678854,,6.4828433467925946,,3.2776466128554964,,2.5806929535090783,,8.188725168459627,,5.402193191315761,,4.176851510856194
PCL_PCL0723,0,fold0,0,,0.00041801906496456015,,6.153106449208678,,2.9275998753481405,,2.262878271573214,,7.829520098640521,,4.457211105708872,,3.3436517946086437
PCL_PCL0724,0,fold0,0,,0.00041690229018792255,,6.025571178306925,,2.8564017145916916,,2.1836356631561102,,7.667771431120304,,4.2380101179773595,,3.0966541368400864
PCL_PCL0737,0,fold0,0,,0.00042826465617707733,,6.04929967112803,,3.066224766728247,,2.440709283178212,,8.367298973669577,,5.358362728461018,,4.146141932760474
PCL_PCL0738,0,fold0,0,,0.0004306917712205531,,5.099403692168011,,2.768718208427891,,2.1562428379246645,,7.972818745783453,,4.8310375917691015,,3.7009388496531606
PCL_PCL0739,0,fold0,0,,0.0004261743318033605,,5.590815542492751,,3.016235583637266,,2.4173068891561753,,7.985356295267036,,4.983392126985208,,3.976248911503373
PCL_PCL0769,0,fold0,0,,0.0004201604025130465,,5.245175026028412,,2.6226520055040567,,2.2796678158190344,,7.491162869522603,,5.424461613988485,,4.495252952840882
PCL_PCL0806,0,fold0,0,0.00039590054723811965,0.00040908021103660576,5.210245813743959,5.86776939819067,1.7310727145516813,2.0983050631753897,1.3407268996716184,1.8390491690579742,14.516098162106399,8.251270363966425,4.346147754861435,3.0415224246775763,2.666953246396319,2.442528280421399
PCL_PCL0807,0,fold0,0,0.00039708910930885157,0.00041538896484520464,4.280484574311287,5.5439810705238965,1.9525068028170698,2.2631147315319735,1.4754325325530993,1.8760317608552377,9.16511181482374,7.651602840377573,5.096389088229821,2.9499979511955834,4.211418880723568,2.2440417510737842
PCL_PCL0808,0,fold0,0,0.00041465964709477355,0.00040910289883495064,4.238700316109252,5.75868959206588,2.057492535996446,2.1052451964640184,1.598175799752322,1.8236355988198523,5.0,8.323287453899585,2.169397028771049,3.0582554287660915,1.633417649024006,2.365413039033461
PCL_PCL0809,0,fold0,0,0.0003933401642124006,0.00041039259235580057,5.231357686189369,5.268613840514396,1.950809713785133,1.895189984361363,1.4530883388852953,1.569625459996298,14.921562895978564,7.617658427661817,4.829526700415837,2.7719498190158083,3.3047574754288167,2.10788559755584
PCL_PCL0818,0,fold0,0,0.0003954961711667856,0.00040310223557486063,7.692691064295885,5.656920627206435,4.246870789723048,2.1962243639798746,3.1875500517198163,1.754685751975288,13.887617276485008,9.198725751139689,5.967698411764439,4.0646132251334475,3.960419252065317,3.1385056540449505
PCL_PCL0819,0,fold0,0,0.0004009649238135329,0.0004048519369893016,,5.366041397859649,,2.2466920625679165,,1.8400104806566153,5.0,6.9348166822628015,2.6113072868191605,3.1022783600715034,2.0828571428571423,2.405247105848727
PCL_PCL0820,0,fold0,0,0.00039470773684082046,0.0004036612574984857,7.294259631548696,6.236197727347309,3.4692977777706306,2.496753697521016,2.352462266938046,2.1117753884171013,9.856739537372961,8.125029402324595,3.9688311024153133,3.060141736481517,2.512882176457225,2.4316727139093746
PCL_PCL0821,0,fold0,0,0.0003982849406690372,0.00040341784247643203,6.327282226682165,6.340790097980938,2.821883524312541,2.5450068429981494,2.1364102702826955,2.1045282923463624,9.884746796800997,8.316227255647151,3.363353443977699,3.385282062320089,2.2617010112643654,2.72976408799599
PCL_PCL0825,0,fold0,0,0.00039267295166888947,0.00040867740981130607,8.689920726084642,5.616461500486687,3.3404282844921083,2.2309310469601775,2.6658642456353645,1.7998529419365976,11.179731803867785,7.658605540025957,4.227665261573373,2.8379748528005244,3.1419754753152374,2.246537196893557
PCL_PCL0826,0,fold0,0,0.0004171801083696679,0.0004048712624998233,4.377410401026068,5.727479915979824,1.7832944175462457,2.1340708626660643,1.41985207356975,1.8247659270563594,5.0,8.618579563596569,1.8473454940819711,3.2190976081321323,1.436948988990745,2.4518112524435907
PCL_PCL0842,0,fold0,0,0.00039635788200231544,0.0004084857960957571,4.425899753934502,5.730593522561071,3.098922138446158,2.1502281855063474,2.6537003184030543,1.7964183037901218,5.0,8.365446572311283,3.3733761221590672,3.196520654603008,2.8136012814911897,2.381366866623988
PCL_PCL0843,0,fold0,0,0.0003930065184099365,0.00041421388447021763,3.909066373007666,5.453914433031514,1.781425240271162,2.1699368819494405,1.4057006912921646,1.891124622784136,8.24291154739733,7.837609573945294,4.157336811157897,3.2273857875908853,3.1764500552679054,2.513458741668981
PCL_PCL0844,0,fold0,0,0.000400378039782533,0.00040477901103131916,8.715311180774611,5.945772296324894,4.46690388429681,2.231644426207543,3.6209843901286365,1.8522100007758064,9.857343474595297,8.283854451925997,4.865072883152987,3.0699550300175384,3.876355087705939,2.4103532344996417
PCL_PCL0845,0,fold0,0,0.0003900197396255746,0.0004060625744799276,4.791082936514001,5.855097020499113,3.6482712811454214,2.2081604702874675,3.119059789565907,1.805282644783333,8.0,8.46332737193117,5.2804291372594765,3.08516958166769,3.9537254901960788,2.5053083825229585
PCL_PCL0848,0,fold0,0,0.00040341005600290987,0.00040541680080547794,6.3940273848647236,5.607934127745277,3.1432137962634275,2.272962056774805,2.83115738669629,1.9109493085957565,6.860277868788705,7.4708957176363,3.2410674108614144,3.1139013179742987,2.9065568834360707,2.3899738170839773
PCL_PCL0849,0,fold0,0,0.00041043257756815635,0.0004064961148188672,9.22246800603659,5.399623019234119,2.8220964779173583,2.014860299598389,2.38088560338996,1.655711453514627,10.912237515729073,8.317020721808259,2.9674513791479264,3.0079440438847245,2.438196296019495,2.31098474418075
PCL_PCL0859,0,fold0,0,0.000411991622537981,0.0004071377962836468,7.183146593027747,5.569347117353516,2.830482021780736,1.9779881238734935,1.9035449891901133,1.6882406596828685,8.0,7.871888723070527,3.074995036416806,2.9225348932590856,1.9788184340529202,2.3117773026090265
PCL_PCL0860,0,fold0,0,0.0004015735505424215,0.00040287100611662713,3.86036733397851,5.733551151620159,1.5374211354443996,2.410411223294053,1.2449671255014825,1.8710867971842151,8.243870547641537,8.209912987139054,2.911187953179372,3.558612293210077,1.8988616394258426,2.7936446223021854
PCL_PCL0867,0,fold0,0,0.00039578037885336083,0.00040940608421753504,8.26595851427971,5.883019535958475,4.738071899939791,1.9234696825581739,3.399950121161025,1.5639031934651764,9.428702472276616,8.061432622857582,5.631668586249267,2.8489175863992573,4.0882085257966025,2.1337071971198123
PCL_PCL0868,0,fold0,0,0.00041583525672871444,0.00040977202982098865,3.4858560479804046,5.961436966165558,1.4417460906240491,2.106379034560797,1.2465112222093744,1.665697252132127,6.0,8.9468362500401,2.3218077392954024,3.6672553387700813,1.8530876494023905,2.8987561066399623
PCL_PCL0884,0,fold0,0,0.0004109921377866324,0.00040869607749646937,4.075911391985829,5.3565019857385465,1.4590131792863172,1.9710352559348818,1.2001603539023284,1.602719110182862,8.256879430520105,8.204922956034668,2.0188162218813894,3.3064360176526697,1.394327813718416,2.5325715423832755
PCL_PCL0885,0,fold0,0,0.00040903731928130426,0.0004112456664792964,3.9677361808496077,5.259100911138011,2.089590310900318,1.7569500181540232,1.7596679428281319,1.4734422907813454,7.861672633817087,7.797864170550329,3.3477873174104165,2.5373920433449504,2.416506396855924,1.9801500531925922
PCL_PCL0886,0,fold0,0,0.00040064669116587144,0.0004033140207487726,7.454116929190462,5.899141185321264,3.1294362763550865,2.3355543163770003,2.1452043255440683,1.9985037132718184,9.0,8.634513549493482,3.469065819699268,3.4886252952223056,2.2304907761921333,2.7622805895769673
PCL_PCL0897,0,fold0,0,0.00039466629163543456,0.0004049973235694289,6.107986467762451,6.349257211897036,4.794265318559878,2.5104661819297434,4.253898635181889,2.077273008507966,7.0,9.12424104723479,5.440472803622408,3.668005378983951,4.979835500132662,2.8798087378223896
PCL_PCL0898,0,fold0,0,0.000382359175111283,0.0004093153147739226,8.777967457129595,5.468750769582671,5.487566392394672,2.1061656794379053,4.314312989315718,1.6773892270593413,12.856278335764689,7.984796338610614,8.598125001536323,2.9387155635568423,6.601379916180158,2.284757184406268
PCL_PCL0899,0,fold0,0,0.0003888779191222076,0.0004064038144131841,5.922507812236287,6.0821543215653735,2.8439631379511137,2.2295204223269742,2.175184138640878,1.7709808427068885,9.62651482717906,9.79925966540152,3.6375878017737517,3.6227394426472297,2.3787270224929973,2.7515084059977872
PCL_PCL0941,0,fold0,0,0.0004350953093623005,0.000432451834647133,5.704875204185189,5.432314580544588,4.979694044411862,3.6632415344260667,4.312485733640983,2.8238767992576754,8.548997097193205,8.642160165967985,7.951086265515373,5.225118842719572,7.294964028776977,3.908044551557345
PCL_PCL0942,0,fold0,0,0.0004383519012456345,0.000431693451288585,7.836030332031395,5.832285355990805,3.0466759321312336,4.045431757585618,1.9366911294280993,3.107861380556775,10.099349646154845,9.162536664659116,3.6560979073793436,5.481920042411843,2.1161651504548633,4.090258505536281
PCL_PCL0943,0,fold0,0,0.00043554669655091393,0.00043338998947595533,4.390488747707012,5.746441510880874,3.64557171333775,3.674523059398833,3.114233635370904,2.818343847094751,7.207361005402888,9.354341073008051,5.929052525232004,5.41897889988379,5.189189189189189,3.999307337675039
PCL_PCL0944,0,fold0,0,0.0004358875620113647,0.00043356271123081574,,5.870893738268597,,3.6183247356257167,,2.8196830117294867,6.207361005402882,9.423497239332857,3.9450393287508394,5.667185391410646,2.823529411764706,4.251081539771955
PCL_PCL0957,0,fold0,0,0.00043846239929002447,0.0004324959689288987,,5.610895266872664,,3.7093933896454176,,2.8589551667137774,,8.746564488629739,,5.054524479480358,,4.079250965023453
PCL_PCL0958,0,fold0,0,0.0004393536449250855,0.0004326020244572494,,5.50360725018062,,3.8022005204218314,,2.8644905502737483,,9.459345024563595,,5.850437404987972,,4.503968409300131
PCL_PCL0959,0,fold0,0,0.00043855259407957675,0.00043220825164423486,,5.468662283591809,,3.7734658962086827,,2.936087189505164,,9.528842611738714,,5.594051595903892,,4.544062580693298
PCL_PCL0960,0,fold0,0,0.00043985894434892675,0.0004327765472331123,,5.45520309538117,,3.7079976125309027,,2.8689730829157845,,8.857941735671577,,5.7417378968185835,,4.424104368536603
PCL_PCL0965,0,fold0,0,0.0004346302817444191,0.00043131662844646257,6.243853838004429,5.574212058190929,3.274003897510142,4.3144644680945,2.0953905261604553,3.404375769247744,11.038068377928653,7.87554351111833,4.8139990352941515,5.737807529202328,2.6067203028868904,4.694217991799155
PCL_PCL0966,0,fold0,0,0.0004382970500044237,0.0004320543342338917,,5.831552137393774,,4.358177455782485,,3.417299449790093,,7.842304586121049,,5.920764937000696,,4.6815236031523275
PCL_PCL0967,0,fold0,0,0.00041363096243970547,0.0004269796695639382,,6.066094862341405,,4.389317173498058,,3.4136964066667423,,8.152825037547808,,5.898158951154248,,4.6604295533642475
PCL_PCL0968,0,fold0,0,0.0004275955627381102,0.0004262085048680614,,5.788634541210453,,4.41135774724388,,3.4193306136928285,,7.933428417047407,,5.813275660385585,,4.516501921010787
PCL_PCL0969,0,fold0,0,0.0004124323484182025,0.00042746370053023397,,5.8083224074322715,,4.458773409774997,,3.408588991110048,,7.9147425059106835,,5.766095076152394,,4.577387087754472
PCL_PCL0970,0,fold0,0,0.00041823811104315793,0.00042653120969050884,,5.947820104503546,,4.55372752795135,,3.464127459605897,,8.377104599989483,,6.107517742702057,,4.800650524942216
PCL_PCL1002,0,fold0,0,0.00044084306856981243,0.0004312318655742796,,5.863237648156588,,4.2151059550794825,,3.3186792867250565,,8.539547348016537,,5.78323981073833,,4.401028685306575
PCL_PCL1003,0,fold0,0,0.0004356732910617229,0.0004262280681257835,,6.446884830692211,,4.487502315117788,,3.4238092342821385,,8.322214112830306,,5.4282744589649905,,4.4190209372521325
PCL_PCL1004,0,fold0,0,0.00043275398928037194,0.0004264194448082882,,5.781694904073599,,4.310627508517738,,3.495619239420354,,7.400043569763027,,5.351740113641173,,4.345916568223048
PCL_PCL1005,0,fold0,0,0.00043507350712080484,0.0004314269187485672,,5.1929755443172985,,3.811891335362726,,2.9809555004395216,,7.833246762067398,,4.701862741663039,,3.5669584736376825
PCL_PCL1006,0,fold0,0,0.00043218040523209305,0.00043258619558760383,,5.433942108481197,,4.081092739787191,,3.244058077385251,,8.15077677179081,,5.134507910569559,,4.098624452906918
PCL_PCL1007,0,fold0,0,0.00043138407036843557,0.00043185742608941625,,5.652284453849956,,4.345281921686418,,3.3351095412160214,,8.185714383819107,,5.297034353115468,,4.1931844074363305
PCL_PCL1008,0,fold0,0,0.00042114750838148955,0.00042299303129807696,,6.175695309089109,,4.4127020593560635,,3.3687345107440003,,7.92643597080876,,5.42771899017719,,4.403066650132523
PCL_PCL1009,0,fold0,0,0.00043008489891565167,0.0004288530843157678,,5.664570507558355,,4.389137919911661,,3.502019281338043,,8.244041537349908,,5.947394304236433,,4.650966075173727
PCL_PCL1011,0,fold0,0,0.00043512612699434677,0.00043078528211023745,,5.774469414300096,,4.2084794413891515,,3.236902569593038,,8.069338862102068,,4.936667453216264,,3.855254664068897
PCL_PCL1012,0,fold0,0,0.00043279919712317514,0.0004303266654472459,,6.270097872505134,,4.534460342811328,,3.456148429319739,,8.221502609767073,,6.0190498850926435,,4.696742160833927
PCL_PCL1013,0,fold0,0,0.0004322449109702506,0.00043078629744708503,,5.533732501007315,,3.9139532752158144,,3.2026742105838633,,7.7848769536429625,,5.058818813297416,,4.20150028464268
PCL_PCL1014,0,fold0,0,0.0004345305219358603,0.0004316381973424755,,5.924756227813717,,4.049764021560292,,3.1712514886616012,,8.309969485117275,,4.8151073657964645,,3.9076096239828813
PCL_PCL1015,0,fold0,0,0.00043769458294085203,0.00042857062945539544,3.888233579918228,7.028759143607831,4.152623843503217,4.452780682688968,4.1241642744009726,3.506859597142813,6.572243286579764,9.842457203824,6.847843570219058,5.951554629269156,6.685082872928179,4.68493715241161
PCL_PCL1016,0,fold0,0,0.0004306854687501097,0.0004293024459645599,,5.365607013464553,,3.8810489742436847,,3.062173071776558,,8.118735319727328,,5.227874630558427,,4.197343627029602
PCL_PCL1017,0,fold0,0,0.00043826619742662305,0.00043153360387013576,,6.597461267074998,,4.167498393354449,,3.1910839651137595,,9.47128552121402,,5.98980244332543,,4.749471842414713
PCL_PCL1018,0,fold0,0,0.00043084366985207006,0.0004300202228198161,,5.7667055930579645,,3.886870452820269,,2.912670863819375,,7.930692318536681,,5.167918420484697,,3.9926437907446446
PCL_PCL1019,0,fold0,0,0.0004362533749615287,0.0004251439243793745,,7.271977169184575,,4.4897020041481746,,3.489318241164142,,9.433659949354148,,6.012199623951809,,4.7178900919744
PCL_PCL1020,0,fold0,0,0.0004268248036250767,0.00042148767366220925,,6.0992718594056035,,4.207696785715499,,3.273205783713224,,7.555887521242218,,5.195323036595279,,4.079106296650698
PCL_PCL1021,0,fold0,0,0.0004251728721190042,0.00042479345211098897,,6.490629398774552,,4.618064249402653,,3.488129380925788,,8.263384529077376,,6.225449321988205,,4.982902475457702
PCL_PCL1022,0,fold0,0,0.00042553083190861375,0.0004315355358252195,,5.5566746906665445,,4.308443584318665,,3.453021962961742,,8.28253108368097,,5.833089836672459,,4.495154955910176
PCL_PCL1023,0,fold0,0,0.00043068557765015063,0.0004311746232300937,,5.981887411715664,,4.29440895714455,,3.2109568513784454,,8.17678272762354,,5.5307162815911415,,4.252664074477767
PCL_PCL1024,0,fold0,0,0.0004261934531327421,0.0004302309700566914,,5.933294159729404,,4.2319221177224815,,3.2381666570934065,,8.01741755387992,,5.1559892819586315,,4.0131104731628735
PCL_PCL1026,0,fold0,0,0.0004363729294691058,0.00042998179793052316,,6.664387327293969,,4.1473253965558285,,3.3904196263358015,,8.927184895390734,,5.2538795332216175,,4.207813014474724
PCL_PCL1027,0,fold0,0,0.00043091250862440825,0.00043132674802075395,,5.89629071007294,,4.286712661204922,,3.2776918154940478,,8.394849933060511,,5.547466307572978,,4.219317061267888
PCL_PCL1028,0,fold0,0,0.00043367250747071326,0.00043062894369687993,,6.083323387067296,,4.016473003662781,,3.0440717761277267,,7.99437109462665,,5.254851204834791,,3.8913770860469725
PCL_PCL1029,0,fold0,0,0.0004315766426657837,0.0004311812471262562,,5.668327267598388,,4.213857368880657,,3.3442640339960774,,8.081099247900204,,5.156805150683456,,3.9544312471417142
PCL_PCL1030,0,fold0,0,0.0004286998535307378,0.00042962554348645494,5.752619473453646,7.072776286907382,3.647561960399055,4.635752751163215,2.638652953731696,3.524117245736821,6.7820120229611245,9.492015074299411,4.521984465895552,6.127559897873466,3.3000000000000007,4.84865936889954
PCL_PCL1031,0,fold0,0,0.0004376084903316369,0.00043062907415177334,,6.373548175165261,,4.261765334244712,,3.2532781519553513,,8.174270224659379,,5.1991805036651275,,4.207291768232382
PCL_PCL1032,0,fold0,0,0.00042981941895334203,0.0004320686883599531,,6.438313794839494,,4.466663209674218,,3.31918038243714,,9.017073751324341,,6.2315111224963635,,4.713489141953076
PCL_PCL1033,0,fold0,0,0.00043182502391566957,0.00043041871774021113,,5.807493969777463,,3.8374434759704976,,2.9800351848297946,,8.105506575847942,,4.407749693698514,,3.8589553297909065
PCL_PCL1034,0,fold0,0,0.00043695461791056183,0.00043030336589820924,,5.610721157870259,,3.7851700632308334,,3.0317955258710887,,8.004038296517423,,4.4351949491717075,,3.693628992460119
PCL_PCL1035,0,fold0,0,0.0004362206373065846,0.0004305931864302705,,5.906810216566073,,3.977427324463652,,3.0238278579592994,,8.077132138479591,,4.789112156934825,,3.9044806086376918
PCL_PCL1036,0,fold0,0,0.0004321238312365821,0.00043158234935111554,,5.9255422934601745,,4.360827756367967,,3.336834888476783,,8.126153321101675,,5.6638560174749415,,4.453215425935822
PCL_PCL1037,0,fold0,0,0.00042708732828813917,0.000429205568697702,,5.454949561595143,,3.420983969113958,,2.665531250293867,,7.385347955707267,,3.864190255555356,,3.0947200911789214
PCL_PCL1038,0,fold0,0,0.0004279446443277588,0.00043016896533943673,,5.861498904868282,,3.9510696930667013,,3.078118448945996,,7.828181105578861,,4.528721566289466,,3.439946423641926
PCL_PCL1039,0,fold0,0,0.00043554778378567514,0.0004325095421947988,,5.663822081845411,,4.172389202373858,,3.215006264573132,,8.382200657831413,,5.117128731135667,,4.0245006416749876
PCL_PCL1040,0,fold0,0,0.0004312756160308198,0.0004313788354267552,,5.479278290819648,,4.022869496361945,,3.1400135790529395,,8.514183171760278,,5.187079593713638,,3.9557224055569997
PCL_PCL1041,0,fold0,0,0.00043742937552243105,0.0004302975764717415,,5.431710619538037,,3.4124234673430895,,2.7749032351165877,,6.979357092341419,,4.529498609497035,,3.7272824605075283
PCL_PCL1042,0,fold0,0,0.000436069043063928,0.00043237817030866883,,5.91377625047083,,4.05033478946196,,3.17430663368031,,7.874562291640517,,4.677311935338729,,3.7074195140697443
PCL_PCL1043,0,fold0,0,0.0004305806276881487,0.0004292604692524918,,5.875836562997912,,3.7335724989539454,,2.8864283551025545,,7.404371843400994,,4.496132618598077,,3.727765058783377
PCL_PCL1044,0,fold0,0,0.00043207829389965957,0.0004297722872077178,,6.055966411193412,,3.444978807875421,,2.694463743266302,,7.780960508669887,,3.6412312217240284,,2.897934130274666
PCL_PCL1045,0,fold0,0,0.0004346053291163188,0.000430173799544362,,5.918026625598946,,4.094785581971481,,3.1890219669052744,,7.8486547106722755,,4.750079815678875,,3.8084392558723903
PCL_PCL1046,0,fold0,0,0.00042778046105799116,0.0004307600239639598,,5.4759476646374186,,4.0403925313468125,,3.1940516536169694,,8.179804247228667,,5.168344528112002,,4.205876463830267
PCL_PCL1047,0,fold0,0,0.00043497327017549955,0.00043035593496886654,,5.501437760382753,,3.993276480190094,,3.1060083170712027,,7.9829226377724885,,4.676755384055804,,3.6716941757880615
PCL_PCL1048,0,fold0,0,0.00043146634113555425,0.00043126339586587077,,5.6323911473529265,,4.067689265615243,,3.22260778826842,,8.79167193693612,,4.85005594652671,,3.8742297003250115
PCL_PCL1049,0,fold0,0,0.00043235675736619337,0.0004314523553865697,,6.257126262992349,,4.522732287589414,,3.4363978408046707,,8.53512885739653,,6.179043518909168,,4.730230534271743
PCL_PCL1050,0,fold0,0,0.00043647243352407805,0.0004306683790908164,,5.919362564622716,,4.123053291765109,,3.2385104479116444,,8.038344611436402,,4.820156425804047,,3.7413557156047292
PCL_PCL1051,0,fold0,0,0.00042523777673113294,0.00042977384941979453,,6.31953239415957,,4.414869367860694,,3.289403349869725,5.803330977781661,8.07838143042337,4.887615066560482,5.400847652890884,4.415944540727903,4.220811896171419
PCL_PCL1052,0,fold0,0,0.00043927767154425837,0.0004313940865259946,,6.986177949606426,,4.159399841807936,,3.19433553009186,,9.289684775807087,,5.180078412918291,,4.036239950170234
PCL_PCL1053,0,fold0,0,0.0004376272132600371,0.0004321077182662912,,5.915979180196185,,3.557225892394597,,2.8601178886871383,,8.340483167249218,,4.088560766890937,,3.3768945006795303
PCL_PCL1054,0,fold0,0,0.00044001600605496913,0.00043161612572999684,,5.763321097754349,,3.652213523515743,,2.7448232059657025,,8.638258554124159,,4.989956038902572,,3.6933949113523923
PCL_PCL1055,0,fold0,0,0.0004378133807621293,0.00043138182527504426,,5.903298340721129,,3.7985322573673703,,2.905993165742218,,8.372218178899802,,4.649719494533934,,3.752397861213167
PCL_PCL1056,0,fold0,0,0.0004373388759414586,0.00043163297278450696,,5.685086529298929,,3.3041184746797,,2.571510887313311,,7.362826656771763,,4.012735186552899,,3.193252924932932
PCL_PCL1057,0,fold0,0,0.0004396914375708614,0.000432357284073627,,5.197272593312628,,3.4125014248975525,,2.7825306170515645,,7.119853317728212,,4.568003109366322,,3.651798672520962
PCL_PCL1058,0,fold0,0,0.0004400829478240671,0.00042966143827980786,,5.280838046083767,,3.3090844407142463,,2.6464836161370218,,7.683159215438847,,4.177035786403342,,3.321678092250723
PCL_PCL1059,0,fold0,0,0.00044007739523241514,0.0004307042974593233,,5.210146865104271,,3.3485643995768513,,2.68323050772485,,7.673121052676429,,4.419715599696819,,3.4449683122477968
PCL_PCL1060,0,fold0,0,0.0004375814371583227,0.00043201708075356685,,5.529161610252772,,3.328225816548432,,2.6266260686043035,,7.429392140334988,,3.9692768969918952,,3.1924123652902043
PCL_PCL1061,0,fold0,0,0.0004377611456182593,0.0004320242410045128,,5.734453018489508,,3.2393095284438287,,2.5413133238685277,,8.3115265669788,,4.1329824022810175,,3.271804491970875
PCL_PCL1062,0,fold0,0,0.00043845253090767344,0.0004322731484861248,,5.682382713258694,,3.5247999327523734,,2.706012441812794,,8.365718712610622,,4.3438336414040135,,3.5770282805357936
PCL_PCL1063,0,fold0,0,0.00043825155988487047,0.00043185578267652784,,5.361383211085673,,3.3652808515641723,,2.6073559274957323,,7.907801736057735,,4.32537929117667,,3.351981501086265
PCL_PCL1064,0,fold0,0,0.00044040489452456166,0.0004310522865338517,,5.68547682535984,,3.5381214648323636,,2.734912851773418,,7.728329598181738,,4.559846933989105,,3.5541355618588804
PCL_PCL1065,0,fold0,0,0.00043898089364321276,0.0004324252795093221,,5.710713617810551,,3.4099365196848,,2.6328749022020626,,8.748702773170717,,4.341934068921457,,3.407866322069958
PCL_PCL1066,0,fold0,0,0.00044042368471576353,0.00043058749669172384,,5.815993676915145,,3.6061740862546743,,2.9237538160385785,,8.247195966203424,,4.568139230372162,,3.552780584033161
PCL_PCL1067,0,fold0,0,0.00043899081045247824,0.000433016033952632,,5.583062348960244,,3.3889032004627833,,2.6119871796540037,,8.712246904707992,,4.210527794563886,,3.2353925750901364
PCL_PCL1068,0,fold0,0,0.00043768527893212544,0.00042973423454575367,,5.510435758094272,,3.511878119276954,,2.797791138918905,,7.249712927731382,,4.303446026721842,,3.4608295070678667
PCL_PCL1069,0,fold0,0,0.00044008240941866066,0.00043245005050337494,,5.4340850271326815,,3.3218617164271773,,2.5723498192888035,,7.4720072742172245,,3.954426585474545,,3.2132638635189408
PCL_PCL1070,0,fold0,0,0.0004383707120008557,0.00043285645122385225,,5.391009362151803,,3.39524918140348,,2.6171185670023704,,8.898262999783688,,4.252940537005035,,3.4284685641737576
PCL_PCL1071,0,fold0,0,0.00043990214635642887,0.000430421517963216,,5.552746904205662,,3.4602614111206833,,2.744169734277822,,7.542769942481946,,4.211140768803622,,3.3347516754104456
PCL_PCL1072,0,fold0,0,0.0004399021189564794,0.0004302509014675656,,6.154616920965898,,3.8937339271517475,,3.0136092493420508,,8.199937343360252,,4.59070288595754,,3.46147238022823
PCL_PCL1073,0,fold0,0,0.0004390545994872627,0.0004304850102311887,,6.209340761918556,,3.992102733135343,,3.1123360575100913,,8.057366514398502,,4.7720834660559435,,3.6703113534006113
PCL_PCL1074,0,fold0,0,0.0004377743246169916,0.00042999711418341066,,5.671215105078444,,3.6100590925622513,,2.8987201871757833,,7.492992853940555,,4.392238930714936,,3.4941016911496283
PCL_PCL1075,0,fold0,0,0.0004400160060549694,0.0004317797815789684,,5.385730500202944,,3.4050835527786667,,2.68219332643028,,7.3592996486837965,,4.501417015223143,,3.6077177157868934
PCL_PCL1076,0,fold0,0,0.0004400426355836041,0.00043153668029375855,,5.72555818071433,,3.7016697109626024,,2.837062743475334,,8.014390535793233,,4.745117340937066,,3.6395137438871683
PCL_PCL1078,0,fold0,0,0.0004297500410538106,0.00042981930220769085,,6.577706481949769,,4.523137693223651,,3.31465607733874,,8.076809612869306,,4.906507360064079,,3.853119791335023
PCL_PCL1079,0,fold0,0,0.0004290925309248225,0.0004296896264294678,5.857286374930657,6.435416110403805,4.3208343148484,4.409821538782603,3.56781507703959,3.310764142482556,6.1990915667345465,8.142466495899225,4.582636224547301,5.7555349710506665,3.71970802919708,4.483382060105015
PCL_PCL1080,0,fold0,0,0.0004319596341222901,0.00042851150720407856,,6.561130113915201,,4.632440069288307,,3.484175089148675,,8.182284641337077,,5.434074960951279,,4.341903098916707
PCL_PCL1082,0,fold0,0,0.0004397337819295962,0.00042905448359431553,,6.18775844818066,,3.925955666406371,,3.128771346776063,,8.362573130063158,,5.32270405182832,,4.475415621501764
PCL_PCL1083,0,fold0,0,0.0004303417658900067,0.0004279618242999314,6.861922230570991,6.601264871723273,4.549976225286297,4.545964318706452,3.2512119071052465,3.38794701586958,7.213767441610077,8.377903180910296,5.239094770961648,5.6308675372875285,3.9970972423802618,4.549401999434283
PCL_PCL1084,0,fold0,0,0.000438083829454367,0.0004305706297747791,,5.648505115236936,,3.6773354880582882,,3.005721468027205,,8.293258551021983,,4.311102153447649,,3.4179592975964774
PCL_PCL1085,0,fold0,0,0.000437787924629539,0.0004286604624369108,,5.983250787159209,,4.048454647852805,,3.035879932574153,,7.698491986456756,,4.904492599961414,,3.981244545856733
PCL_PCL1086,0,fold0,0,0.0004374824905809976,0.00042999323155848944,4.80430745284476,5.527624861445757,2.6881825354108178,3.7086712899526026,2.2594384595911143,2.959232722786829,5.240634088342083,7.826529929497158,2.867942227424914,4.378745340983304,2.3992421126843304,3.548056011469594
PCL_PCL1087,0,fold0,0,0.00043893040248139037,0.00043240153231141436,,5.985469378309081,,4.15999261131884,,3.083682538950281,,8.829061154771724,,5.853376394530939,,4.527430742084819
PCL_PCL1088,0,fold0,0,0.0004378000669255301,0.00043065487042931623,,5.992754950806481,,3.7596093772251944,,2.973035855888848,,7.915871964845115,,4.371516656359804,,3.4661752835719124
PCL_PCL1089,0,fold0,0,0.0004359086683914333,0.0004307908238255463,,5.707444923658618,,3.8890236904616655,,3.11279151705844,,7.648429701291494,,4.772913433587638,,3.724294097240498
PCL_PCL1090,0,fold0,0,0.0004378067643571055,0.00043051729971481205,,5.75051791629728,,3.912282741308869,,3.0685144202288397,,8.05084408757114,,4.51209980421798,,3.6296943834075135
PCL_PCL1091,0,fold0,0,0.000436497800110925,0.00042992795969201865,,5.558337973598346,,3.7215863046403928,,2.907811793971336,,7.900503642817242,,4.346660697513305,,3.462181204343638
PCL_PCL1092,0,fold0,0,0.0004336118467493542,0.0004291186114478013,6.583444736457402,6.862555972201421,4.204893958740841,4.733838683649348,3.3720884424523683,3.4927222725071507,7.23074420800565,8.614701510777168,4.487982726628686,6.055932508778137,3.519123653917564,4.648194991640322
PCL_PCL1093,0,fold0,0,0.00043643942142653413,0.00042978912375874097,,6.300524416440217,,4.119216289280857,,3.1163415640876297,,8.267785229118935,,5.038013619482761,,3.9118503706441
PCL_PCL1094,0,fold0,0,0.00043275046932342347,0.0004295319572567239,,6.345477490721061,,4.083911359541252,,3.073080847762021,,8.56064079067095,,4.9533316858312135,,4.052389395753452
PCL_PCL1095,0,fold0,0,0.00043772495147815165,0.0004281911124252129,,6.295156086799358,,4.261684301107562,,3.1927954818441053,,8.109556445970801,,5.023245474801579,,4.055448595243974
PCL_PCL1096,0,fold0,0,0.00043984996802571056,0.00042876941669774994,,6.29009213734911,,4.377771040193422,,3.3316882100631595,,8.203598721138077,,5.035722953623133,,4.134265885053966
PCL_PCL1097,0,fold0,0,0.00043291066305166983,0.0004282645295192438,,6.375812973301079,,4.677478721507355,,3.483568508328622,,8.326941831161609,,5.726208869767713,,4.419639230885884
PCL_PCL1098,0,fold0,0,0.0004334094084958139,0.00042958857829883054,,5.885483073387593,,4.12645585597792,,3.1031801409218778,,7.859219762783601,,4.7479216966495645,,3.763701763958827
PCL_PCL1099,0,fold0,0,0.0004373423504081121,0.00042653969192510584,,6.130497299991768,,3.6660445546620077,,2.9193805888280258,,8.377048151484656,,4.305692584642944,,3.6572693698433194
PCL_PCL1100,0,fold0,0,0.0004388274133340816,0.00042863828618754443,,6.226468335304244,,4.518536582463115,,3.410173888091405,,8.486307941273777,,5.969190856831396,,4.494021373350425
PCL_PCL1101,0,fold0,0,0.00043309891098620355,0.00042926632503126685,5.425680351470483,6.516605633723336,3.438169016773288,4.684557015000542,2.399986778355938,3.5934743691104463,5.810953925065898,8.46675512520215,3.603392102438677,6.061306590461344,2.4350031705770454,4.7440507556854214
PCL_PCL1102,0,fold0,0,0.0004380718819087036,0.0004299506202417383,,6.431077754442495,,4.662949002498732,,3.408963375732455,,8.437398767550672,,5.68527829006881,,4.540099881300786
PCL_PCL1103,0,fold0,0,0.00043091880684588364,0.00042881534752963087,,5.873675831181416,,4.28147525633715,,3.1625182268791088,,7.809315905463146,,5.000702151925091,,3.8989765315520906
PCL_PCL1159,0,fold0,0,0.000437661457330006,0.0004341089281009215,3.3785846556418746,5.166734315830403,1.3025700269379765,2.957533730465594,1.1676111686187831,2.355307336952388,9.262278685228404,9.958618205513048,2.2279030446828676,5.8489921430809035,1.68696188481583,4.346996056421877
PCL_PCL1160,0,fold0,0,0.00043958060937951925,0.0004349648793711691,3.1578263825368866,5.576417543019232,1.7613199875025598,2.132626483517606,1.5668800628731152,1.7255900721476891,7.262751552273919,11.032422507536396,2.7715372883039864,4.393980001870854,2.4066259824726135,3.3247271444187563
PCL_PCL1161,0,fold0,0,0.0004370381632435217,0.00043539590860263225,,5.155929950769183,,2.3453088921647818,,1.9311703979013861,,10.749758228860541,,6.022259797181412,,4.647077675709936
PCL_PCL1166,0,fold0,0,0.00043514127918514007,0.00043509423483178815,6.090805009991051,5.111979640440101,3.007063905980271,2.7219112683495346,2.490851016969796,2.1927700636531458,7.858119365453004,11.474121408549498,4.089085297702692,6.346485386280841,3.221707041323154,4.950317231250571
PCL_PCL1167,0,fold0,0,0.0004371109188109359,0.00043454164335148676,4.084269061379652,5.275381152499779,1.3374047914808613,2.547718613917412,1.1939383364767049,2.054775020369769,8.889630902147285,11.339559725824703,2.9008572964480837,5.743835059639421,2.294704651908295,4.53180438622807
PCL_PCL1168,0,fold0,0,0.0004385635337061773,0.0004350566466462154,4.843740458479037,5.1110158197661475,1.4893140626703676,2.3610348629317235,1.2202694272554755,1.871928580744521,5.862874906607736,11.06563259903271,1.5031306689486426,5.31648200681471,1.220978497360095,4.184139699425957
PCL_PCL1178,0,fold0,0,0.0004387748065201295,0.00043514001565921057,4.700235074531506,4.9883231163629596,1.3933340466842477,2.082094502808063,1.155804789235169,1.6860331679176386,6.862797610348317,10.500455779237324,1.4173971544627426,4.745505445667811,1.157240615497882,3.543724699014547
PCL_PCL1179,0,fold0,0,0.00043868491119979124,0.00043480183867663537,,5.078460859195122,,2.6963050867898612,,2.2188436832001717,,10.456884576733524,,6.030011230924062,,4.74408810830646
PCL_PCL1180,0,fold0,0,0.00043573132897988307,0.0004351114879076485,,4.983778414100988,,2.569534862342128,,2.029990650500483,,10.441955628572728,,5.498278613484499,,4.381087549058185
PCL_PCL1181,0,fold0,0,0.00043902598787186076,0.00043530941990928447,,5.270245086326766,,2.249307413083528,,1.7611148132609913,,10.676939459707498,,4.738830724295478,,3.7595654323661076
PCL_PCL1182,0,fold0,0,0.0004373062478894218,0.0004348884065014987,,4.971504338177913,,2.5173455547470325,,2.042777417652955,,11.138834204059563,,5.489090910032157,,4.187629266335883
PCL_PCL1184,0,fold0,0,0.0004365681142098976,0.00043432565821396006,5.108110869702243,5.195494942467123,2.527654633069379,2.3731719694280944,1.931850820365724,1.9802796527587545,7.0,8.89848782365308,3.3853556269767995,4.077967691558717,2.440779278282046,3.0120302304098168
PCL_PCL1185,0,fold0,0,0.000436678523122219,0.00043408548168961947,2.955044646235194,5.480971515520755,1.285374069151999,2.861845888838215,1.1382441590364762,2.318284380825758,6.429918493894372,9.512697041816676,2.3965386736340157,5.555616685537035,1.6843707832018266,4.362821315079363
PCL_PCL1186,0,fold0,0,0.0004380273876832199,0.000433656722059474,,5.441211218385552,,2.894553901739663,,2.2930134760131304,,8.69834883114453,,5.267291410225063,,4.163700086525628
PCL_PCL1187,0,fold0,0,0.00043557560005166656,0.00043407573505798575,4.932430175045178,5.067406587050309,2.3617988099116665,2.58667153283469,2.0279010663089583,2.1212942556689076,6.857465390881759,10.584684538293018,2.7985976035982194,5.391851274875691,2.2791355883510844,4.245222891265823
PCL_PCL1188,0,fold0,0,0.0004354666102444251,0.0004341892814438645,4.468003421271886,5.566743910249619,1.7434898148120204,2.805555819736749,1.3339655158991546,2.228042514117665,14.889630902146894,10.180265187224908,4.447055847640393,5.047007979400745,2.419083039887823,3.9540691498003713
PCL_PCL1189,0,fold0,0,0.000436500078883526,0.00043354844895048157,6.417569377764046,5.331720704962843,2.008426263724929,2.888382089467366,1.4039595990663671,2.329687400778481,9.42928998582542,9.323919698519557,2.3723818212603756,5.740849754958886,1.490477194019898,4.511243708763135
PCL_PCL1190,0,fold0,0,0.0004380328567169997,0.00043410575702202206,4.617208121629263,4.8442754183869505,1.6318349826387297,2.58888665459153,1.3369591151215892,2.0843907717077883,7.0,9.744971414717869,1.839656583354726,5.4048327933171345,1.3532057697968798,4.273310160886852
PCL_PCL1196,0,fold0,0,0.0004385601180784832,0.00043485168888759626,,5.323939977665836,,2.6442453082749013,,2.15483571034741,,10.64247925791843,,5.690781096745515,,4.477350798253261
PCL_PCL1197,0,fold0,0,0.000437195705198811,0.000434506584698853,4.00829400192608,5.317078276031004,1.3582255529871494,2.5920380037101696,1.136733793240465,2.1012404258047304,5.428983634659764,11.67970622056659,1.469339930509586,6.016478689765637,1.1734359910600516,4.665561506134089
PCL_PCL1203,0,fold0,0,0.0004344561390569639,0.00043412649048976855,4.609608211947189,5.082854075525935,1.6814492440562028,2.777206016880052,1.308475974046117,2.2624486928392313,9.865208478372175,10.101834478016917,5.043334369709848,5.139287481417053,3.785852090032154,3.9203821596540545
PCL_PCL1204,0,fold0,0,0.0004383713003327775,0.00043404486686759135,4.407907992882841,5.036084305866122,1.3656947327106896,2.8309116170589688,1.1373484327311136,2.255473620562623,5.429597873287084,8.984842911263417,1.3874821890927458,5.515448379921342,1.1386426342115026,4.391870922687805
PCL_PCL1205,0,fold0,0,0.00043924119836342404,0.000434610870976123,,5.047270499891144,,2.3164390448382832,,1.9269885378570417,,8.992410129392804,,4.171909624243147,,3.231121412399904
PCL_PCL1206,0,fold0,0,0.00043663414505151115,0.00043467276425765596,4.318055777768786,5.416455478801099,1.9937422209676117,2.5839477580565147,1.5263872103954046,1.9895341731264151,7.249488652156401,9.404056904586975,2.8792578754624683,5.110313438771926,1.9923077609516247,3.9065381459362145
PCL_PCL1207,0,fold0,0,0.00043712752647480694,0.0004345395016224513,3.212237174612387,5.4533482186469,2.082537030810146,2.6189901494394623,2.032038587138539,2.031538787305383,5.430938205783059,9.331343963290564,2.2258468379379805,4.844590924426548,2.0827332172834265,3.6811688958152047
PCL_PCL1210,0,fold0,0,0.00043573191896415306,0.00043387721993009935,5.215532303035944,5.422200028461751,2.251569300058813,2.368946670113705,1.8328576538772872,1.9224872742922228,8.888797886889032,9.108145423142037,3.1307635863224705,4.348626908333264,2.4770968494254335,3.0872096490462457
PCL_PCL1211,0,fold0,0,0.00043655790189699726,0.00043412791069079824,5.067123882516843,5.44918751877507,2.089131043314014,2.5909297236338147,1.7804290288824738,2.0857122636304153,6.244254593813073,9.586137779137914,2.263298852523144,4.573361545163903,1.854489068663103,3.4475426967891005
PCL_PCL1212,0,fold0,0,0.0004358361407479415,0.0004341825642359184,,5.11437714958605,,2.4816187379522505,,2.0261982705008075,,9.928388109715312,,4.755776226823528,,3.4336750932139823
PCL_PCL1213,0,fold0,0,0.0004366886751890235,0.00043436414713489933,4.087169382230076,5.217492136268207,2.1515091865100886,2.6772900403429523,1.8600291953613586,2.188331073880649,5.0,9.096762763873723,2.2590835860163416,5.345472908845137,1.9179662465285197,4.085459206055367
PCL_PCL1227,0,fold0,0,0.00040381125160314323,0.0004130141893044399,7.368783959599026,6.225763668455749,3.981932736678437,4.149223195581311,2.587226582731669,3.3545193808438385,8.596099438611748,8.017406598024928,4.720995358415764,6.088353195856562,2.918254764292879,5.237183132088378
PCL_PCL1228,0,fold0,0,0.00040525317825325835,0.0004090058910312215,4.641884125130245,6.614551420733009,4.040798310634875,4.3637615801816905,3.7389725476261706,3.399328818085826,6.827233820374534,9.204269236882203,5.364206151506764,5.722697497370494,4.734743694060211,4.752504974964844
PCL_PCL1229,0,fold0,0,0.0004000497635159642,0.00041052503613070966,,6.402308272312457,,3.716796124194771,,2.979158659809853,,7.616203631415598,,4.744157279258072,,3.9225466096943054
PCL_PCL1230,0,fold0,0,0.0003992456890612804,0.00040557267241904393,5.247897984443214,6.845851618755994,3.8728598640736873,4.5110660285575594,3.058488099504631,3.37816465124342,7.236939603417814,8.743937630597587,5.428290568977056,5.876473759165838,4.12328375286041,4.924116379392183
PCL_PCL1231,0,fold0,0,0.0004024672717422941,0.0004123304004615136,7.8113096008887375,7.027166271095156,3.8838785926224197,4.763485779607762,2.806242035564034,3.729769090689877,10.878217734414923,8.441422536583904,5.1146079276853245,5.961748176523102,3.573062261753494,4.891157405841156
PCL_PCL1232,0,fold0,0,0.00040267047988655166,0.00041247136205119043,5.589654078853214,6.693963681836607,3.942925446135995,4.770729939934958,2.916225704151839,3.7612191144363742,6.235314720565588,8.09159037083026,4.564606724625948,6.0275692648717225,3.368546940402632,5.000564518887733
PCL_PCL1258,0,fold0,0,0.0004034056812988203,0.00040676698936796714,,7.922750087277268,,4.912207629373531,,3.794934143582746,,10.424386933573393,,6.179159992167199,,5.054214095346762
PCL_PCL1260,0,fold0,0,0.00040197920407245995,0.00041212860518301947,5.268189553486975,6.016518559347461,3.623763653434958,4.0698848860351635,2.871925689956578,3.1603050004777553,6.805259773816397,7.848627359844616,4.1325225283148495,5.240477724975307,3.1374501992031876,4.245934809738606
PCL_PCL1261,0,fold0,0,0.0004027224324891968,0.00041471245519354195,,6.101394291912885,,4.526037415137481,,3.534668290900028,,7.978464695586822,,5.569906470064507,,4.70072109696941
LT_1002,1,fold1,0,,0.00042075157246195677,,6.281105836255112,,2.482046410689871,,1.9845410154386407,,7.639238587279985,,2.898473739974226,,2.0340704698750183
LT_1003,1,fold1,0,,0.0004167667249952139,,6.713147988725637,,2.6217599311675817,,2.0858310760852565,,7.6226451967816375,,3.1944197998106256,,2.232938620383322
LT_1004,1,fold1,0,,0.00041545108342746183,,6.868143518376289,,4.494357488126006,,3.587125716080347,,7.8318982545975215,,5.401867142207306,,3.9127406763471466
LT_1006,1,fold1,0,,0.0004216947971856077,,5.9621101263302245,,2.4144390233394835,,1.9809871097094038,,7.686915496999766,,3.334973031816249,,2.346557491983012
LT_1009,1,fold1,0,,0.00041907651121242916,,6.380362168484849,,2.5581037499898143,,2.0861054092422586,,8.204364011322145,,3.809758037813591,,2.6607135995914195
LT_1011,1,fold1,0,,0.00041875218733524074,,6.651917726880535,,3.0564628040519515,,2.4314616227836403,,8.036358103846164,,4.416102101998802,,3.1780874742689806
LT_1024,1,fold1,0,,0.000414871286233286,,6.695297529926597,,2.8764253188800204,,2.32066880093978,,7.895912742962061,,3.841139690508994,,2.717766913895394
LT_1026,1,fold1,0,,0.00041845073096965363,,6.26564800596369,,2.4036389979380672,,1.9533190644765044,,7.955566188929364,,3.3099755758745992,,2.1371015283458648
LT_1027,1,fold1,0,,0.0004169727996455701,,7.068114154510876,,4.395232650508987,,3.613539987614011,,9.241008160153902,,5.317972101910458,,4.116897902585224
LT_1029,1,fold1,0,,0.0004132902756026364,,6.975480299981917,,3.0019363783218678,,2.4804681916866387,,8.5659038347479,,3.955152623356357,,2.785930984679099
LT_1038,1,fold1,0,,0.00041425369757334095,,6.979473246454921,,4.180177280836514,,3.3373319247133697,,8.473765042544438,,5.14891745703246,,3.7411220600414032
LT_1039,1,fold1,0,,0.0004165426882008598,,7.011196049541382,,4.77050708258113,,3.6839001747662925,,8.096263210499485,,5.680701021837655,,4.190640843945313
LT_104,1,fold1,0,,0.00041727414051449634,,7.136440041971719,,3.256825231951089,,2.6062972126429234,,9.05923111580856,,4.734825796192417,,3.3489030925444023
LT_1042,1,fold1,0,,0.0004212969463804686,,6.5538179596498205,,4.104043065217013,,3.3551655800251146,,7.547057345758456,,4.779922614709223,,3.5933310834949017
LT_1043,1,fold1,0,,0.0004188180163664755,,6.349346211644073,,2.6209372901417294,,2.118745489363055,,7.590423039993469,,3.3792675773935974,,2.419083231867939
LT_1044,1,fold1,0,,0.00041742018359118387,,6.444531808797818,,2.6920078357631616,,2.2247134305616334,,7.5241032615677055,,3.3088507158085902,,2.3735162077724437
LT_1045,1,fold1,0,,0.00041873867289745834,,6.3865574499574,,2.3376204832290446,,1.9502458284950814,,7.867146030230615,,3.442592672480935,,2.4145305638080075
LT_1052,1,fold1,0,,0.0004169748131381667,,6.400157051180835,,2.400075679497063,,1.9982854415084126,,7.614356711690206,,3.082206519129228,,2.188456181605439
LT_106,1,fold1,0,,0.0004162900667879343,,6.668494131196575,,3.207297194913177,,2.5240602015890206,,7.801197119152089,,4.670458582405929,,3.3845221005256674
LT_1065,1,fold1,0,,0.000415536635268993,,6.716272780106167,,4.3927710642459,,3.4406442236855215,,7.78964004088072,,5.29371071022974,,3.885337220787571
LT_1067,1,fold1,0,,0.00041333572112041417,,6.791605642784034,,2.97466310092749,,2.3899457992191464,,7.7006382245943295,,4.001117381854761,,2.8617746140911158
LT_1069,1,fold1,0,,0.00041590253881469696,,7.145626397878333,,3.5501556601399926,,2.734452614700097,,9.018031222372084,,4.556240617561411,,3.1721005112565233
LT_1073,1,fold1,0,,0.0004143235784810767,,7.031469532796474,,4.959328031792448,,3.7764679477125513,,7.709930374540731,,5.979890598839086,,4.3200985589197645
LT_1076,1,fold1,0,,0.0004167649240109199,,6.247700042785012,,3.268855372592907,,2.5467588145135327,,7.873284105601781,,4.36215475982531,,3.0859961705500116
LT_1077,1,fold1,0,,0.0004170157444252712,,6.12871799965092,,3.1601508883809166,,2.4613566957787167,,7.864279500033553,,4.231558047622416,,2.9762398518413278
LT_1081,1,fold1,0,,0.00041030360783956936,,6.809980264098153,,2.6628822443558784,,2.1641949418510342,,8.811537579643463,,3.7806782101328764,,2.45113254059026
LT_1083,1,fold1,0,,0.00041441231726229745,,6.834886302900538,,4.617114198386186,,3.594029522325603,,8.090604199211871,,5.596967313455255,,4.276047034872743
LT_1084,1,fold1,0,,0.0004104469043434613,,6.597961349825077,,2.665359364935853,,2.148933635781536,,8.47263144066686,,3.4232783938902367,,2.3758464725438935
LT_1087,1,fold1,0,,0.00041042150850144343,,6.429195264889264,,2.708988009031705,,2.1989733080629055,,8.804781460744833,,3.8569280257656215,,2.6365330255223585
LT_1088,1,fold1,0,,0.0004120689685562732,,7.4766756342622855,,3.2313361398111673,,2.524225879834373,,9.99563713019517,,4.878781136670266,,3.4722145533426247
LT_1093,1,fold1,0,,0.00042192723478012145,,6.343652582395299,,3.177357571783505,,2.5447970282914656,,8.155298876653475,,4.285363855489563,,3.0307901187323045
LT_1101,1,fold1,0,,0.0004173586764601462,,7.004371377008662,,3.426652744192205,,2.6450251336178856,,8.513007869712789,,4.514693573909289,,3.23012950656347
LT_1132,1,fold1,0,,0.00041962083695451166,,6.589838399414519,,2.9440028213454155,,2.3309509357927762,,7.708670772033946,,4.001326790015386,,2.8369790571252373
LT_1143,1,fold1,0,,0.0004244365362185785,,6.498959371247164,,2.5756234055950253,,2.1100183873105482,,8.08553142898839,,3.6514939548298204,,2.6103390339853565
LT_1146,1,fold1,0,,0.00041876159559957153,,6.354993063222786,,2.7271495317206904,,2.1992200667332256,,7.740994922639852,,3.875823920134998,,2.7642102262649364
LT_1148,1,fold1,0,,0.0004166012518247563,,6.663451430769916,,4.110956639788731,,3.1744963113863425,,7.710892502687835,,4.652855562529128,,3.245134815274509
LT_1154,1,fold1,0,,0.00042034226098768175,,6.457663198696863,,2.2934737578985516,,1.8923587958085757,,8.03337814673888,,3.0877654049839673,,2.1462807768476213
LT_1157,1,fold1,0,,0.00041803237889715544,,6.648131541645509,,3.037694154881988,,2.4441091617549806,,7.744417186287491,,4.2204030388553875,,3.038188740211861
LT_1161,1,fold1,0,,0.0004156225696888092,,6.554718891702945,,2.8781039878769015,,2.285503073684073,,7.755948445195481,,3.8971594506172234,,2.7762381629090074
LT_1162,1,fold1,0,,0.0004140460563353352,,6.580356920845208,,2.8576709650084764,,2.3486240624935215,,7.445669953755796,,3.526144780019117,,2.568592469386035
LT_1163,1,fold1,0,,0.00041518784763363605,,6.539903221202418,,2.671894036668407,,2.1970498336302597,,7.604312163958772,,3.3958120501578106,,2.429875670008691
LT_1165,1,fold1,0,,0.00041967212381117773,,6.029492460986612,,2.3708776214782303,,1.923790061722078,,7.848888517473748,,3.0565252920012496,,2.1689394327227243
LT_1166,1,fold1,0,,0.0004187017252736836,,6.504804959475724,,2.8722299206910873,,2.324420437669198,,7.764188321700499,,3.9070993996758543,,2.799487267746073
LT_1168,1,fold1,0,,0.0004133621689362491,,6.710504458255269,,2.640676339766322,,2.161854935243027,,8.07824051003355,,3.5515835186506703,,2.403603856584546
LT_1169,1,fold1,0,,0.0004156410115283421,,6.3372621926935775,,2.6452601385593972,,2.1295305903958717,,7.423932498190398,,3.3025884271407913,,2.3936797171157207
LT_1170,1,fold1,0,,0.0004132827593639095,,7.262473247281933,,4.6818535771578915,,3.633952569942751,,9.033033025074172,,5.744683531706075,,4.198560851006444
LT_1171,1,fold1,0,,0.00041789946099908895,,6.422035278193733,,4.11693542488121,,3.2376752436982144,,8.085649851593798,,4.949471941394723,,3.5931322496420806
LT_1173,1,fold1,0,,0.0004201053375693306,,6.096242408262724,,2.327618595856705,,1.9157775387252587,,7.734282706696433,,2.760759106115629,,2.0081813099058454
LT_1174,1,fold1,0,,0.0004136494882539879,,6.946960567001697,,2.8903646289485994,,2.391063013115946,,8.654259127306906,,3.848661309743345,,2.674517826652049
LT_1175,1,fold1,0,,0.00041498498535485345,,6.910872051959619,,2.5215287066022403,,2.047727707079688,,8.469197677086504,,3.036612256304247,,2.0932898812461467
LT_1176,1,fold1,0,,0.0004185490808787107,,6.424951491891977,,2.9798630431854614,,2.3664575275366246,,8.395125521731808,,3.748573481106569,,2.5873195111938676
LT_1179,1,fold1,0,,0.0004138380262835341,,6.627477549913927,,2.7878065947634143,,2.2427322079893837,,8.514533516252751,,3.717413300283047,,2.5525385432702814
LT_1180,1,fold1,0,,0.0004168560471166892,,6.481984595297518,,2.84023153429282,,2.2763166570069386,,7.804536611554373,,3.912424266635614,,2.821060296649318
LT_1181,1,fold1,0,,0.0004184239042932369,,6.616166295314491,,2.5622852117715285,,2.082506563619456,,7.951416892164272,,3.277792868917185,,2.2271079480701923
LT_1182,1,fold1,0,,0.0004120838474867654,,6.694513864156931,,4.4503576781173875,,3.614009906654559,,8.17827030342176,,5.540314785398129,,4.28799964851035
LT_1183,1,fold1,0,,0.0004149647073097302,,6.023072177085785,,2.408584397295299,,1.9799474919578575,,8.052169800138072,,3.6434013095929845,,2.596929735248334
LT_1184,1,fold1,0,,0.00041311573313261227,,6.7028060428504705,,2.714037048910105,,2.1137741722471963,,8.129082454429394,,3.7848187307272076,,2.5980619584342715
LT_1186,1,fold1,0,,0.0004177312470338701,,6.50156652613581,,2.6314046637573094,,2.1541973472921288,,7.445992202934432,,3.138095629134469,,2.2695068899109825
LT_1187,1,fold1,0,,0.00041833641686954935,,6.537303525130368,,2.519467518537976,,2.044058753152147,,7.796758615676994,,3.38883551256144,,2.3567467061084235
LT_1190,1,fold1,0,,0.00041750544072579124,,6.609612569439805,,2.757283067266476,,2.168712224836471,,8.219658482210138,,3.989537725509083,,2.6852727155356346
LT_1191,1,fold1,0,,0.00041687145248087837,,6.305536463292696,,3.0033201364730453,,2.391117566258008,,7.994950236917223,,4.276279555675962,,3.0706328160328735
LT_1196,1,fold1,0,,0.0004143491704017323,,7.305820440877475,,3.5030955288720866,,2.6952814432684495,,9.133498304836996,,4.999306317402929,,3.59947571953634
LT_1197,1,fold1,0,,0.00041708471639615927,,6.634644163961195,,3.026586080949031,,2.4723692244868976,,7.747267487460676,,4.093989196698473,,2.995159179624169
LT_12,1,fold1,0,,0.0004097201824061515,,7.1120044924421215,,2.862359277958349,,2.2849276973223187,,9.09023104993258,,4.056870862950507,,2.737550161646002
LT_1201,1,fold1,0,,0.0004178455754558566,,6.500385770522862,,2.5495876877164267,,2.109685589981826,,8.213564883789395,,3.2301207989902423,,2.2033267675449206
LT_1219,1,fold1,0,,0.0004173193912779642,,6.634509083473582,,3.0212429711743156,,2.2909127626242,,8.182469203723102,,4.02984303820125,,2.71793575116204
LT_1221,1,fold1,0,,0.00041174353684533295,,6.4901808751840075,,2.764837973875727,,2.22974336216464,,8.65159525822635,,3.741763664229735,,2.556234988986692
LT_1222,1,fold1,0,,0.0004119570472762256,,6.87267700373944,,4.544084927993842,,3.4910179969464883,,7.65572692795671,,5.36586765542925,,3.8115561365670554
LT_1223,1,fold1,0,,0.00041376445515947137,,6.446929562501672,,2.780808828803775,,2.1747390217946547,,7.473004847205838,,3.4745013929200628,,2.3841798656636652
LT_1225,1,fold1,0,,0.0004214560648012865,,6.686197258383505,,3.2124592718927034,,2.5608244082176457,,8.204177204569692,,4.327488855031419,,3.0250072568701967
LT_1240,1,fold1,0,,0.00042224121637353396,,6.585608324214652,,2.964905904091451,,2.38546624247558,,7.91177943968412,,3.936604230895641,,2.698068022037984
LT_1242,1,fold1,0,,0.00041627958387966714,,6.8084594847324,,4.123226554358986,,3.2231379896620345,,7.834777891428393,,4.633431258849486,,3.2776913936214136
LT_1257,1,fold1,0,,0.0004164974355204583,,6.563762951354754,,2.5260785429313217,,2.0675734055915345,,7.9054607006266115,,3.756823873059601,,2.5449342008548057
LT_1261,1,fold1,0,,0.00041786195328347327,,6.004011285150507,,2.364713924039196,,1.9521560419421642,,7.78396109806469,,3.0623559524086352,,2.1845606148420407
LT_1262,1,fold1,0,,0.00041396243141689736,,6.799003474980342,,4.67506640962654,,3.6416713167856285,,7.912233385231979,,5.609592442964648,,4.098667430824429
LT_1264,1,fold1,0,,0.00042083948592296257,,6.861231311798005,,4.47228165865528,,3.608294860604178,,8.909384314495151,,5.34190596211673,,4.080514962413627
LT_1265,1,fold1,0,,0.0004158894768023884,,6.55280601001568,,4.515338627103081,,3.5633682814157335,,7.938340589715809,,5.482217292491565,,4.096337856977205
LT_1268,1,fold1,0,,0.0004181903970882257,,6.134103142465959,,2.527060287751424,,2.0831446741146844,,7.514663530074739,,3.1485646427954292,,2.2143929206344546
LT_1270,1,fold1,0,,0.0004133581776049732,,6.949326582966024,,4.70563678664444,,3.600209905301993,,8.43594154820139,,5.651272040771561,,4.185504619248419
LT_1271,1,fold1,0,,0.0004187833654551894,,6.137291411659685,,3.8092179698183886,,3.1266842384231053,,7.709872264954348,,4.416889453597949,,3.234821140678014
LT_1276,1,fold1,0,,0.0004106642407639173,,6.349371200390344,,2.586604185346507,,2.135819139948688,,8.5588110538209,,3.931957165598071,,2.728990940342754
LT_1320,1,fold1,0,,0.00041873507168586725,,6.7335862706998,,4.2155730809051715,,3.4965992204781453,,7.772438061092327,,5.030824935811665,,3.7523802893216107
LT_1321,1,fold1,0,,0.00041606997936205654,,6.433673299378478,,2.4450466498331096,,1.9714210267324594,,7.610250307106803,,3.0808000811907066,,2.1588623565812317
LT_1322,1,fold1,0,,0.0004186039379845685,,6.550083475196166,,2.8199303178550132,,2.2428738136085715,,7.872670608218924,,3.858248341943512,,2.690169682925616
LT_1324,1,fold1,0,,0.00041693237421404003,,6.322491062514482,,2.3740983639117514,,1.9457296786356493,,7.865144147407299,,3.4664331274531093,,2.478967552728333
LT_1325,1,fold1,0,,0.0004169680825172363,,6.896859855361479,,3.1064061652231896,,2.4877712741279394,,8.972215081893967,,4.415200398718375,,3.189942561481769
LT_1336,1,fold1,0,,0.000418481887078952,,6.581433523608548,,2.6339537948536775,,2.140204480940633,,8.040035062666746,,3.6651793645930453,,2.4840789857980123
LT_1339,1,fold1,0,,0.0004163293574921574,,6.571447435752072,,2.6792080794420334,,2.179776998329358,,7.785358310002396,,3.8729195773268588,,2.731360189629261
LT_1347,1,fold1,0,,0.000411883758807758,,6.684846100509389,,3.1815454527467604,,2.3797770173135855,,8.353418698626156,,4.227112920191464,,2.9675078472232386
LT_1348,1,fold1,0,,0.0004141419553998476,,6.7198198844938615,,4.120524782496327,,3.3194339711521175,,8.1721101111645,,5.144106044335123,,3.8870915714697083
LT_1349,1,fold1,0,,0.00041484308577545946,,6.533294148886355,,2.611729997474154,,2.1521221819207845,,7.642679458782857,,3.482683017462643,,2.5143190506437874
LT_1350,1,fold1,0,,0.0004163859870568321,,6.2198031030239305,,2.3921250639055223,,1.9564744382851889,,7.745357784771065,,3.4407436763132435,,2.4721981473376564
LT_1351,1,fold1,0,,0.00041490925445029567,,6.490604107932031,,2.523559932220132,,2.0704275731929007,,7.826997210788542,,3.512578097470566,,2.4650273103618825
LT_1354,1,fold1,0,,0.00041282737717545856,,6.394810929604541,,2.5762445809301378,,2.0712055339346356,,7.797011370699428,,3.6070438552869,,2.4867716712857053
LT_1360,1,fold1,0,,0.00041593159925418406,,6.347693076963456,,2.4558141324596883,,2.025540248077341,,7.951157982201678,,3.54948309231875,,2.315282870157205
LT_1361,1,fold1,0,,0.00041052510645859727,,6.519167378990761,,2.633876879018151,,2.1415559831989386,,8.352205451276584,,3.3422970148856384,,2.3037297866711497
LT_1362,1,fold1,0,,0.0004149096977268795,,8.05459476083209,,3.507707282375522,,2.7197700420613797,,10.155828240712534,,4.850336767926305,,3.371596768674627
LT_1369,1,fold1,0,,0.0004106249532837298,,6.670447943593029,,4.627236417212028,,3.5940402419487945,,8.69081230967451,,5.597363280311563,,4.205904674631724
LT_1383,1,fold1,0,,0.00041516566191445586,,6.72636962067584,,3.5209755878476745,,2.651442030858624,,8.670140124557886,,4.413994330441439,,3.182032634248162
LT_1387,1,fold1,0,,0.0004123701637591924,,6.764269053830244,,3.310005864254222,,2.5383856321911136,,8.149872362017655,,4.53402141390945,,3.1774956395253713
LT_1389,1,fold1,0,,0.0004116315478762886,,6.502745582957584,,2.747073748611964,,2.2667465190148555,,7.495620314300992,,3.4459952985059794,,2.403032795228942
LT_1390,1,fold1,0,,0.00041096719192326193,,6.8719069562434445,,2.593417536787466,,2.118081496729891,,8.47609169878502,,3.5384229340061992,,2.4001006028038816
LT_1411,1,fold1,0,,0.00041037029250081195,,6.1039575222927605,,2.705309008440458,,2.1833756166642297,,8.052892352303664,,3.930489371658243,,2.787063479450697
LT_1413,1,fold1,0,,0.00041016685142630793,,6.563119275272817,,4.379299286762204,,3.45348914642523,,9.020224015714204,,5.570381252166777,,4.03878808975679
LT_1424,1,fold1,0,,0.0004124077717927114,,6.509502821501394,,2.5600073229993265,,2.0537345112970105,,7.875895607482826,,3.5998799177026712,,2.502504202165077
LT_1427,1,fold1,0,,0.0004115585817923966,,6.670420114466478,,2.914258932583689,,2.349024530766574,,7.6412272478908845,,3.921567793634221,,2.7263491022391273
LT_1469,1,fold1,0,,0.0004153584186946252,,6.94706453693911,,3.162149538688815,,2.5222349878754677,,8.609085883058807,,4.310663811587747,,3.004162329865283
LT_1473,1,fold1,0,,0.00041269599151587226,,7.1861899405749705,,3.4355995098006353,,2.6322104011960468,,8.955536090916281,,4.754951589666929,,3.434938280855265
LT_1476,1,fold1,0,,0.0004125388788572531,,6.950314866191516,,2.686046150581386,,2.1615011860630133,,8.882173460151135,,3.7570301202648007,,2.5040568251230115
LT_1479,1,fold1,0,,0.0004107755107328973,,6.998839548866921,,3.420226617009229,,2.6097728628142143,,8.307951099875089,,4.873962023381662,,3.474665307097209
LT_1480,1,fold1,0,,0.00041490665367815635,,6.420496772762311,,2.5166174530700736,,2.0255761687474143,,8.232900280752391,,3.2030788755292203,,2.2237368247404357
LT_1484,1,fold1,0,,0.000413011017964612,,6.583273957611176,,2.668086237028782,,2.1553409896613043,,7.514729228157729,,3.351643561023945,,2.3349663768274698
LT_1490,1,fold1,0,,0.00041334857202509137,,7.006464553460984,,2.8618821206117033,,2.33701758980352,,9.218179711505936,,4.180719887501613,,2.8566676275365057
LT_1492,1,fold1,0,,0.0004111677608745548,,6.752964872448633,,2.6514481966962027,,2.1728460919022314,,8.622714561205738,,3.6335968689231386,,2.395660523791679
LT_1493,1,fold1,0,,0.0004093351741599298,,6.685065980416801,,4.36186216152944,,3.3454484964543223,,7.885128872998904,,5.292618552716018,,3.8462765277254385
LT_1495,1,fold1,0,,0.00041459926779230556,,6.557267988362058,,3.2085831691436733,,2.5554945194437155,,8.71514711642773,,4.279475719850113,,3.0624879531202645
LT_1496,1,fold1,0,,0.0004105805505440676,,6.565447569982923,,3.220932345859535,,2.549617559871957,,8.532385662981728,,4.391793948353455,,3.081726585134638
LT_1497,1,fold1,0,,0.0004092673157294127,,6.5840833781879216,,2.9250126077974654,,2.3470170443361726,,8.169652673268192,,4.0803792676379755,,2.838500780680401
LT_1498,1,fold1,0,,0.0004116447137700336,,6.526225002404493,,2.801596022845361,,2.2278283194668136,,7.839169881686225,,3.608864549553331,,2.445122934700832
LT_1503,1,fold1,0,,0.0004156556855491895,,7.353845832851845,,3.6379524439652835,,2.7388057385734244,,8.948271453510706,,4.593044318732268,,3.2349812860742677
LT_1505,1,fold1,0,,0.0004126315567527343,,6.893241886974252,,4.311145880577964,,3.3247936485272005,,8.65821207562976,,5.129243836158633,,3.6425360711725117
LT_1509,1,fold1,0,,0.0004127596861645041,,6.7433827338754035,,2.6516981277075273,,2.1302842195275327,,8.873136748603782,,3.719255905273344,,2.4195230549477476
LT_1511,1,fold1,0,,0.00041430569056183884,,6.621622981128846,,2.557332834860999,,2.1075731008188447,,8.718025146947111,,3.579989181647841,,2.3265046900825395
LT_1512,1,fold1,0,,0.00041100873839083375,,6.732479416887769,,4.071747791379743,,3.1906294022955803,,8.717812211032795,,4.929388248951448,,3.4910218589655506
LT_1516,1,fold1,0,,0.0004112169313834433,,6.656503449622772,,4.09136818026049,,3.1704167492736093,,8.8488232215832,,5.06503289593744,,3.517525386765418
LT_1517,1,fold1,0,,0.00041427790289870654,,6.242078347820168,,4.128688053075971,,3.3348073903279563,,8.357223067803295,,5.026205174427154,,3.597020102907539
LT_1518,1,fold1,0,,0.00040913517730968227,,7.020858395334501,,3.278847521772548,,2.5959064891930947,,9.053232066812914,,4.4486229498788585,,3.029226541053177
LT_1520,1,fold1,0,,0.00041157477435019123,,7.058933055507922,,2.833153391107475,,2.3184186803312317,,8.712249939486922,,3.9383996864764055,,2.682741669872276
LT_1521,1,fold1,0,,0.00041050055354423763,,6.917421287038945,,2.7934882309476468,,2.3177337090907137,,8.837672812656294,,3.936548957876713,,2.6845301140881257
LT_1524,1,fold1,0,,0.00041072830019604073,,6.912547605364242,,3.3746132841183654,,2.607775169078205,,8.874221236675858,,4.669736434662112,,3.378093152515552
LT_1563,1,fold1,0,,0.000410489051354811,,6.798035180189422,,2.8504397639293617,,2.3403098730063374,,8.522804331997424,,3.8669997326344077,,2.566243053162621
LT_1565,1,fold1,0,,0.0004132870398465497,,6.680005526830996,,2.691057181966578,,2.077199140698043,,7.825873152780748,,3.566532722951398,,2.4451048856759603
LT_1568,1,fold1,0,,0.0004121064705167061,,6.3538424712495125,,2.650807247298913,,2.152648517826863,,8.5128040761078,,3.5841075007877383,,2.4656030443304484
LT_1570,1,fold1,0,,0.0004192820614998347,,6.596475858821078,,4.528313645464773,,3.484520260752531,,7.709456047516101,,5.368604826111344,,3.8961643645872255
LT_1572,1,fold1,0,,0.0004116273339156585,,6.3826973635622695,,4.390373334738979,,3.551136276530816,,8.253518591363058,,5.6367308924426665,,4.308579280086687
LT_1574,1,fold1,0,,0.00041059192632288306,,6.821526649298466,,2.89888920424257,,2.3778361765233162,,8.334030875500767,,3.8876129349744817,,2.7191405687725867
LT_1575,1,fold1,0,,0.0004097218654977239,,6.794761335822398,,3.2763408334713233,,2.625298319542206,,8.721843318104037,,4.766886384565208,,3.3740567115986386
LT_1576,1,fold1,0,,0.0004097561059597625,,6.589651556636758,,3.097763791603109,,2.4539804073331344,,8.773028160760584,,4.395032688323033,,2.9928032480154427
LT_1577,1,fold1,0,,0.0004113540564266091,,6.322977639625948,,2.5966257742792376,,2.145730393202395,,7.941578602375581,,3.4672009659418292,,2.4202855060474766
LT_1579,1,fold1,0,,0.0004085299914764872,,6.786609977819857,,4.79859104448543,,3.627102009665405,,8.876416625893617,,5.931658883764606,,4.3354825117197375
LT_1581,1,fold1,0,,0.00041084167769836304,,6.955935414673248,,4.411590254197269,,3.4372207683806755,,8.469420271553261,,5.451151970058423,,4.008540777922124
LT_1593,1,fold1,0,,0.0004130137226108551,,6.3921203827622985,,2.3486320305164776,,1.9501162682882494,,7.902161693198803,,3.0549768026481803,,2.1532866728704185
LT_1601,1,fold1,0,,0.0004095721562590252,,6.929610838898795,,2.8535231509092087,,2.312365958560473,,8.795357892638584,,3.914632904500457,,2.8050222677927676
LT_1604,1,fold1,0,,0.00040951070831438466,,6.881828746257319,,3.2027031922592557,,2.53871279987374,,9.088504567814848,,4.557270342090503,,3.27194856722068
LT_1607,1,fold1,0,,0.0004103459719840309,,6.789443574789589,,3.167311811382109,,2.5285940319601523,,8.503468474456467,,4.552541449821199,,3.254483770604948
LT_1612,1,fold1,0,,0.00041057004448070977,,6.72188087006722,,4.346448639795519,,3.494857862045304,,8.068859916605048,,5.588534278257425,,4.197878656961456
LT_1615,1,fold1,0,,0.00041091025252918377,,6.819639316659997,,4.410365791691671,,3.407986747872556,,8.458153867301448,,5.21729322698325,,3.8696350338447654
LT_1616,1,fold1,0,,0.00040938195336860314,,6.858751995210026,,2.836156517970947,,2.307565536631838,,9.16991556239547,,4.1765741238760015,,2.8638637224602714
LT_1618,1,fold1,0,,0.00041097752379369926,,7.017949328822691,,4.67279041699645,,3.608307873740802,,8.807504845614577,,5.7289405394394795,,4.23906497395415
LT_1620,1,fold1,0,,0.00041029079898188825,,7.29245339845866,,3.2639420982708267,,2.6304862151899346,,10.070084053653177,,4.781667493437468,,3.391617462404391
LT_1621,1,fold1,0,,0.0004106688533440147,,6.840632896811389,,4.221342006167864,,3.352392926168337,,8.59096209142157,,5.255546937502882,,3.73023182664479
LT_1625,1,fold1,0,,0.00041101193671608596,,6.658219349316822,,2.51542085828453,,2.0848448633493755,,8.251625617135115,,3.3655219399875844,,2.289559397432119
LT_1626,1,fold1,0,,0.00040988641322005706,,6.947732784948923,,2.7391319640604808,,2.2329867888940593,,8.62845891607577,,3.919115444465265,,2.7182351583152564
LT_1628,1,fold1,0,,0.00041097903705461167,,6.801690652131218,,2.762601568012218,,2.269831542757294,,8.826545672560096,,3.6623373424664916,,2.4837686464504354
LT_1629,1,fold1,0,,0.00041020492165144,,6.638321007845524,,3.1296621293645472,,2.409822083059257,,8.317323449305224,,4.392847744331661,,3.1213661635731698
LT_1631,1,fold1,0,,0.00041187756210753906,,6.336451557825125,,4.372493571698026,,3.543416007430799,,7.98492499101716,,5.374512294844613,,4.153350674627668
LT_1632,1,fold1,0,,0.00041478447079830623,,6.643198233418433,,4.33487034345031,,3.4386727558392525,,7.617475122188396,,5.085395279395642,,3.744220145058543
LT_1633,1,fold1,0,,0.00041131503268030875,,6.819676000404124,,3.205347297068422,,2.4580861462213206,,8.115866491244294,,4.662533107332525,,3.284981855562381
LT_1634,1,fold1,0,,0.0004106703946237869,,6.785565504001226,,4.227361219202169,,3.2695813956669832,,8.647653984128924,,5.154902088062567,,3.741719198514193
LT_1639,1,fold1,0,,0.00041063148153898735,,6.452777738871294,,4.138631908865107,,3.413910127945937,,8.221251002084482,,5.33510257834413,,3.9931798979709945
LT_1645,1,fold1,0,,0.00041375062977499,,7.564569590270731,,3.4341823434570733,,2.663682893954017,,9.871505975538108,,4.985678776199621,,3.54660438561789
LT_1659,1,fold1,0,,0.0004188906293989148,,6.623290084031065,,3.916883363658609,,3.2093774576497744,,7.765481800602779,,4.587424092904211,,3.3005008113437273
LT_1661,1,fold1,0,,0.0004117400507280024,,6.89901350674938,,2.809423861316572,,2.319098806319726,,8.767561237450948,,3.796714435856383,,2.6000198771715564
LT_1663,1,fold1,0,,0.0004199854575109036,,6.358190134694165,,3.1460730230569065,,2.465165561915673,,7.770707809571104,,4.259731867571171,,2.9796103770902556
LT_1664,1,fold1,0,,0.0004188348026097164,,6.210190601748053,,2.5390285993527844,,2.0700136604729753,,8.47560145042483,,3.862686389217665,,2.5590892523618667
LT_1666,1,fold1,0,,0.0004186303259161271,,6.667055240471324,,4.114603591950032,,3.443254552351446,,8.195358115652748,,5.2269484905146575,,4.002796660440734
LT_1667,1,fold1,0,,0.0004174125609789272,,6.540298377729618,,2.308886139601921,,1.8813965393311582,,8.175631508115853,,3.0244097124146183,,2.005005186341051
LT_1670,1,fold1,0,,0.00041562508116712096,,6.523543227967843,,3.0127823097817954,,2.3708382813884974,,7.77365903162539,,4.299839951702261,,3.1306010184449327
LT_1679,1,fold1,0,,0.0004094233898850625,,6.943112515129869,,4.350698522963327,,3.2970120848465094,,8.892767960388797,,5.35013581107818,,3.8428432696900265
LT_1683,1,fold1,0,,0.00041166987881670336,,6.408621618882619,,2.8720197001719967,,2.320049668588094,,7.5302145745338365,,3.552643389573883,,2.53011347171459
LT_1685,1,fold1,0,,0.00041145174961038956,,7.0448268492879595,,2.6737342897032503,,2.1560851346150316,,8.960364455857293,,3.8466419327438506,,2.553031745861442
LT_1686,1,fold1,0,,0.0004113716276503646,,6.525901818045933,,2.6324703174515722,,2.1564751153539343,,7.678824439671791,,3.4799787436293124,,2.423622765725119
LT_1687,1,fold1,0,,0.0004110364997015042,,6.483243027653982,,2.816396137262149,,2.2673654680811124,,8.216629777637353,,4.224668286106835,,3.0015444876694906
LT_1690,1,fold1,0,,0.0004105832016070357,,6.586616828099974,,4.27400237343607,,3.453963959269819,,8.025992806973392,,5.4881170456596635,,4.133520624656576
LT_1692,1,fold1,0,,0.000410828321003448,,6.569177650465105,,4.604002378128807,,3.51579667876328,,8.212983732707674,,5.6420757194009905,,4.202491896056743
LT_1693,1,fold1,0,,0.000411343662590595,,6.630873108972258,,4.168098487185542,,3.326874902737012,,8.410474157378632,,5.17659663085335,,3.7333294050609442
LT_1694,1,fold1,0,,0.0004121316311103372,,6.812211267394263,,2.6660762971243592,,2.127494483471103,,8.722604940941663,,3.830404708373665,,2.5024107199000336
LT_1695,1,fold1,0,,0.000409936216678973,,7.002165108962308,,4.339307062231136,,3.345798376628162,,8.956071565933264,,5.347751401014175,,4.012623354336233
LT_1696,1,fold1,0,,0.0004095267622198553,,7.0127662938065525,,4.835878547122701,,3.66269016357491,,7.974866242861029,,5.776607615488659,,4.3335873481317755
LT_1697,1,fold1,0,,0.00041150217873812955,,6.237936075688302,,2.6571343778778673,,2.1596555997739775,,7.576368972121864,,3.3826224528175555,,2.3280405806565954
LT_1702,1,fold1,0,,0.0004099590606415869,,6.355199174750003,,2.7245371398392884,,2.254125768174662,,8.587841004722176,,3.852392003370465,,2.6875367715898273
LT_1704,1,fold1,0,,0.00041107458130335353,,6.627926768118259,,2.7650925782468945,,2.236158220842464,,7.911953311086102,,3.8735615773339673,,2.7219817543236804
LT_1722,1,fold1,0,,0.00041501692209569563,,6.808880851447566,,2.7727517078722057,,2.1964813842056667,,8.749448407161683,,3.612822739890168,,2.5168975928416932
LT_1743,1,fold1,0,,0.0004129787636839577,,6.4189979349349935,,2.5676198644661357,,2.0962808461391402,,8.001912145398764,,3.5957852455182917,,2.4169839755208367
LT_1781,1,fold1,0,,0.00041584246373609426,,6.34939877630854,,2.7163146384040235,,2.233095502121745,,8.317758670383512,,3.5731843127268084,,2.437506956300829
LT_1783,1,fold1,0,,0.0004139707845577205,,6.517608030211469,,2.5337103595999935,,2.1162009526904266,,8.181884956505423,,3.4743268174026767,,2.4662728633950404
LT_1784,1,fold1,0,,0.00041450336551903354,,6.824607771848979,,2.765751454005341,,2.2940706348652427,,8.074527970666928,,3.4341457527895263,,2.3889345674483975
LT_1833,1,fold1,0,,0.00041098874127957347,,6.891704899388542,,3.0516148093681434,,2.3990806916060365,,8.675709148557777,,4.078174896619922,,2.90316129805
LT_1834,1,fold1,0,,0.0004105013188802596,,7.083664894260582,,3.352011155440441,,2.5546435273749974,,8.92326320386118,,4.413520810340405,,3.043434659210086
LT_1836,1,fold1,0,,0.00041082833346393205,,6.7489935730138,,3.3054301371778085,,2.552194550971397,,8.820130986493709,,4.7224868040935535,,3.3907440370061397
LT_1837,1,fold1,0,,0.00041130403345727984,,6.423971310779327,,2.7611756204839204,,2.138135396526597,,8.071707339984837,,3.7595395821315525,,2.6867123754221236
LT_1839,1,fold1,0,,0.0004107634965259191,,6.60906261690821,,2.715569881336755,,2.2367589203984495,,8.27088786332801,,3.487149492092431,,2.423099949077142
LT_1840,1,fold1,0,,0.0004132428918881218,,6.599652569215246,,2.982402778571479,,2.381706653517519,,8.602883492379718,,3.7977066729219944,,2.7360961244226694
LT_1841,1,fold1,0,,0.0004095829663257559,,6.781182125226961,,4.3558250976683235,,3.413147791117175,,8.950622972509858,,5.484326569913618,,4.068812424227552
LT_1854,1,fold1,0,,0.00041635510937311146,,7.322819577440111,,3.482883846812974,,2.652269274156303,,9.524137204451717,,4.490382480860093,,3.1316905271714077
LT_1855,1,fold1,0,,0.0004143235079998014,,6.718915702688692,,2.597671503887468,,2.127186651778303,,7.913794845422682,,3.498507365226095,,2.4636409439186124
LT_1878,1,fold1,0,,0.00041752687391791686,,6.5626509275789084,,3.9794503706320645,,3.3097761781030406,,7.935609749685221,,4.876046492829408,,3.5429437727677175
LT_1879,1,fold1,0,,0.0004184876150632646,,6.506923609882496,,2.5973168034896963,,2.124191954076612,,7.751809155040448,,3.4527263941071737,,2.4242009811895366
LT_1897,1,fold1,0,,0.0004161229747467153,,6.3621454068705985,,2.576864220305147,,2.114140474521668,,8.186930415829854,,3.773854699765359,,2.5965321431722765
LT_1904,1,fold1,0,,0.0004209421153515743,,6.3678249790213926,,2.5555446988454396,,2.0821312969136354,,7.64464658090767,,3.2704772287215533,,2.315425845721219
LT_1937,1,fold1,0,,0.0004088061046847117,,7.057891541712679,,4.745422461681739,,3.576840775166916,,9.760901613875054,,5.859014871335398,,4.253670419835106
LT_1938,1,fold1,0,,0.0004130967524950506,,6.823777188240211,,4.004449137863372,,3.1113855433189292,,8.642081398924988,,4.641266254411721,,3.2636169252086775
LT_2002,1,fold1,0,,0.0004181529513972611,,6.5596528138510335,,4.572524059304817,,3.7221757806897977,,7.98241154599171,,5.589719143668465,,4.357716677900349
LT_2004,1,fold1,0,,0.00041856608695751453,,6.446556886748353,,2.658245996806067,,2.1621450368179644,,8.09187922214918,,3.854963324690752,,2.679948935067439
LT_2005,1,fold1,0,,0.0004202919996427624,,6.691621548582216,,3.80474507709612,,3.17045660305407,,8.096306352887172,,4.411766462058336,,3.185297176030064
LT_2007,1,fold1,0,,0.00041806828147359504,,6.673688606617977,,4.259657192455889,,3.5497596065183896,,8.217939640081395,,5.354056788291547,,4.061528327385997
LT_208,1,fold1,0,,0.00042040663194752893,,6.371527035544683,,2.2308360004380163,,1.8280879424194914,,7.848388328988536,,2.7496108690573813,,1.9419666042570927
LT_221,1,fold1,0,,0.0004150898343031305,,6.251027040430538,,2.5081635536077727,,2.0685744286088297,,7.6798638079062425,,3.3027788306844625,,2.3609962154850797
LT_231,1,fold1,0,,0.00041368225304091663,,6.6928513790305315,,2.6830665496025574,,2.1657288408111053,,8.268059659896162,,3.388736078100117,,2.382924253154583
LT_238,1,fold1,0,,0.0004333304194353016,,6.5304254524518095,,2.5937400802786743,,2.105866868879564,,7.5167448214271975,,3.220171109837033,,2.3973024919188686
LT_239,1,fold1,0,,0.0004134431515367583,,6.580976364834191,,4.198587406751981,,3.358563383889219,,8.589234464493865,,5.232249055365609,,3.850855601553308
LT_24,1,fold1,0,,0.00041502711420671537,,6.565682005269924,,2.383080040468752,,1.9565312905051493,,7.722899099828812,,3.228305726336782,,2.256982844893273
LT_244,1,fold1,0,,0.0004298228856013959,,6.599318463082663,,3.0829830010358994,,2.384183551746628,,7.602281758656125,,4.269760967509737,,3.0729170015088014
LT_251,1,fold1,0,,0.00042342506240318663,,6.320478155842701,,2.309325455114588,,1.9002577722841423,,7.702824388125779,,3.008430036890327,,2.196153216820286
LT_257,1,fold1,0,,0.0004145888051780913,,6.602705279366489,,4.22352253668976,,3.362935656394656,,8.588165072366694,,5.297466142582033,,3.907213543408434
LT_260,1,fold1,0,,0.0004155529291485511,,6.452058889923199,,4.098508649776837,,3.3884612645500334,,8.521138744133463,,5.162022203761965,,3.965261961230175
LT_281,1,fold1,0,,0.00041846323345879136,,6.415214982966569,,2.643675235210647,,2.115792928552655,,7.498346158501086,,3.2182605830642883,,2.2791787610261833
LT_286,1,fold1,0,,0.0004165206567416351,,6.534706246682211,,2.954866304670511,,2.344606969130947,,8.786451392947312,,4.312116370437643,,3.092761614488164
LT_292,1,fold1,0,,0.00042014190915806715,,6.54029059841878,,2.902175713785902,,2.2469586614106283,,7.711189509318424,,3.92179229642842,,2.760760867683236
LT_294,1,fold1,0,,0.0004172551206335605,,6.501056109945983,,2.4244293546025784,,1.9858483321231322,,7.67991643396221,,2.8707213568277465,,2.0088930650006223
LT_295,1,fold1,0,,0.00041708123525016974,,6.4948810446640035,,2.810355716641156,,2.294664276185419,,7.555251966397548,,3.3973345741237595,,2.4558728020147904
LT_299,1,fold1,0,,0.00041728432472889175,,6.752952865735298,,3.151491066684185,,2.3978886513518614,,7.879889836560302,,4.231901983691148,,2.985125073905684
LT_309,1,fold1,0,,0.0004134984899048337,,6.832375978074677,,4.779852475447747,,3.700253703805573,,7.491692351292219,,5.7599549258963485,,4.14387794049293
LT_312,1,fold1,0,,0.00042243804500022124,,6.6415374096255775,,2.9204540189244836,,2.403811745958423,,7.864918972771507,,4.266344809454097,,3.1399129914995787
LT_32,1,fold1,0,,0.0004182250993424279,,6.424013016195264,,2.534138975290859,,2.0760627058065957,,7.672915214693668,,3.149910760615984,,2.242274075876429
LT_327,1,fold1,0,,0.00042117610159413815,,6.4637168255770785,,2.4307419342918095,,1.9954599715295964,,8.060726690889785,,3.3606447571179663,,2.330572507986848
LT_336,1,fold1,0,,0.0004213819664740225,,6.418051133850189,,2.40282303715159,,2.010677458052452,,7.618971445675778,,3.0544120480155614,,2.1637982159858167
LT_346,1,fold1,0,,0.00041310140218951685,,6.524565210911978,,4.137607632689509,,3.2721485184186494,,7.766062229083413,,5.160858514098019,,3.7796009214333304
LT_347,1,fold1,0,,0.0004146717036099031,,6.392501118476879,,3.9056830635993203,,3.196161561001573,,7.889138292825756,,4.6223294004061115,,3.347227378607918
LT_350,1,fold1,0,,0.0004153847228345591,,6.854239778000445,,3.27818133195787,,2.4610678562918267,,8.218638064581416,,3.9031744551968806,,2.7376512437426506
LT_357,1,fold1,0,,0.00041353340745521085,,6.959100505936541,,4.656007218438225,,3.6171814779813145,,7.628108590676118,,5.586357730368948,,4.06177222150499
LT_37,1,fold1,0,,0.0004146947074242253,,6.501130385731462,,2.814493040924864,,2.2592891069151215,,7.797050886739143,,3.9685704101459947,,2.8475646490779187
LT_374,1,fold1,0,,0.00041879097498965373,,6.192184050718183,,4.0636849681280465,,3.277413150561515,,7.69362496317038,,4.7314439018970695,,3.497015664767098
LT_385,1,fold1,0,,0.0004113832718819488,,7.520341424690515,,4.723792901280909,,3.6312809692030434,,9.552427770523671,,5.702627825090415,,4.236984880979799
LT_388,1,fold1,0,,0.00041238447429107344,,6.5932528730320055,,4.257489341044045,,3.3099039003553905,,7.953896946695756,,5.248927277758707,,3.813372004528227
LT_390,1,fold1,0,,0.0004145294742763546,,6.733767308774987,,2.580390955140773,,2.134276096620423,,8.608241100461065,,3.5870872496349753,,2.37155603949416
LT_391,1,fold1,0,,0.000417947956902651,,6.444630125164864,,4.068895851415581,,3.208039064656791,,7.742679111346155,,4.6626344098075005,,3.324878427011342
LT_393,1,fold1,0,,0.00041578360628444916,,6.760894507585119,,4.071782400261945,,3.205544282961354,,7.629222412012021,,4.84061630094308,,3.470873509130842
LT_394,1,fold1,0,,0.00041698030115108406,,6.6400898120593075,,2.8926817935632108,,2.2903164620461722,,7.704555257863099,,3.9680343134617235,,2.855510096427455
LT_397,1,fold1,0,,0.00041416434297828625,,6.256798342284857,,2.250762135135348,,1.886833210936495,,7.867857897865102,,2.9365597161493473,,1.9923869460088548
LT_4,1,fold1,0,,0.00040975412493467894,,6.819669540865171,,2.7416322486855598,,2.235348577170439,,9.308190792053665,,4.0738659014562195,,2.7804605358651853
LT_40,1,fold1,0,,0.00041429601838925516,,6.603797828238972,,3.090051904165957,,2.3671534961329317,,7.6754777278623285,,4.193065242266105,,2.9979767927456513
LT_408,1,fold1,0,,0.0004188535514554805,,6.247645829981302,,3.097969946108218,,2.4451091198236474,,7.852118010524055,,4.169521478126501,,3.055939601634407
LT_409,1,fold1,0,,0.00041493716715602924,,6.894201827945084,,4.186189773241096,,3.2635315597304135,,8.803469307602011,,4.990302128260853,,3.502591382303997
LT_41,1,fold1,0,,0.0004141472132853444,,6.465770086050325,,2.956491080821482,,2.312916763816481,,7.832662789764177,,4.030035783092009,,2.906158359695749
LT_412,1,fold1,0,,0.0004138525789203918,,7.065039339605264,,2.7961390386963862,,2.30542114813683,,9.045868642740079,,3.997601791105958,,2.798959447815958
LT_416,1,fold1,0,,0.00041564980159232087,,6.658660354256717,,2.519247553640258,,2.040655724374857,,8.061925408122482,,3.3709463680263885,,2.320950215805228
LT_419,1,fold1,0,,0.0004193839057052909,,6.4143097633233745,,3.311675165246218,,2.61521108525969,,8.069338122700644,,4.465533276971152,,3.1689463357734806
LT_421,1,fold1,0,,0.00041461565328983034,,6.404483701130712,,2.570060593543303,,2.126904790703023,,8.038198642025469,,3.7689461373236934,,2.6853240112339245
LT_422,1,fold1,0,,0.00041603297834164575,,6.668561040209038,,4.006667081346789,,3.3401233393376772,,7.812000314659604,,4.575771224820086,,3.4309307056962464
LT_423,1,fold1,0,,0.00041538561205992433,,6.832677115165349,,2.582366861385477,,2.111462447148586,,8.488034239270041,,3.1184558392534627,,2.168104543021721
LT_424,1,fold1,0,,0.0004137042401901603,,7.179443023552263,,4.487948728523078,,3.528689339481393,,9.080158999621483,,5.543192574655306,,4.086477449935738
LT_425,1,fold1,0,,0.0004141040009082112,,7.004101552024374,,2.6160732201008727,,2.1447406501080386,,8.820675108427984,,3.6443194534300285,,2.386476037332776
LT_427,1,fold1,0,,0.00041231520091859937,,6.581136169357909,,2.910908729601777,,2.3153572540018654,,7.968551661881756,,4.15019781377217,,3.0208565037063635
LT_432,1,fold1,0,,0.00041587527856117197,,6.165398089874072,,4.061898288431928,,3.3801694667046713,,8.023770043241715,,4.925788931980704,,3.7884665076508934
LT_433,1,fold1,0,,0.00041246232308842293,,6.6676452295539566,,2.9547982808964055,,2.346872352886135,,8.177671094152124,,4.185211254279877,,2.984998206297669
LT_435,1,fold1,0,,0.00041500460556071275,,7.029731885985895,,4.257133120210648,,3.2556062848703378,,8.444393978245206,,4.922889212519787,,3.480769590277756
LT_436,1,fold1,0,,0.0004216228213291765,,6.305921537866134,,2.3501315987465783,,1.9018805953407314,,8.104622463303073,,3.487109128266571,,2.464548447290944
LT_44,1,fold1,0,,0.0004112243324839466,,6.420204972962336,,2.8426814278870878,,2.2228891959032255,,8.230411795740899,,4.187833596978248,,3.020447113629163
LT_442,1,fold1,0,,0.0004148573941448394,,6.3116089300515394,,4.224823517368877,,3.4968795326340776,,8.187403864930653,,5.280765802941326,,4.118754348579429
LT_443,1,fold1,0,,0.00041452995665084216,,6.699712376059726,,4.1592701986316,,3.460187418091495,,8.041124626404587,,5.04932255112975,,3.9322016560738273
LT_445,1,fold1,0,,0.0004136015102073256,,6.9574556043114075,,4.460300555951406,,3.6836828914051853,,9.31199535795105,,5.513326811783242,,4.128943071026447
LT_446,1,fold1,0,,0.000413598853284557,,7.394859393401835,,3.3107858077450936,,2.688209193179816,,9.460470187021047,,4.831950350542205,,3.395613292857308
LT_450,1,fold1,0,,0.0004169034783616573,,6.536931885243366,,2.23595524098533,,1.8521668589786782,,7.86908190920659,,2.7513411861328185,,1.9055799522512527
LT_452,1,fold1,0,,0.00041189374887776187,,6.903477044817448,,2.7729369728262765,,2.2170411744492227,,8.807782677417213,,3.9466417238996416,,2.7413700314122735
LT_453,1,fold1,0,,0.00041494788728226734,,6.503431475260465,,3.870636316097939,,3.17422548521383,,7.78304090369101,,4.580809504701275,,3.3797144527106173
LT_456,1,fold1,0,,0.0004108484363989015,,6.681348211378072,,2.7303513098117995,,2.237258328891374,,8.713940607413553,,3.9001168194014233,,2.6732154141350706
LT_46,1,fold1,0,,0.00041652645194974365,,6.8970362511524606,,3.275203857959295,,2.552529410258481,,8.2047017168151,,4.721338360553436,,3.38239525929727
LT_463,1,fold1,0,,0.0004139459618547319,,6.431698164716603,,2.7563307785941964,,2.2725877429797796,,7.5799546362962875,,3.6556497193065725,,2.573681334211599
LT_467,1,fold1,0,,0.00041193559016362326,,6.99630884150439,,3.101220328331315,,2.427653347372837,,8.527136771185097,,4.446468844324926,,3.163475461054523
LT_469,1,fold1,0,,0.0004117885291887429,,6.992649287017483,,4.1444260410921805,,3.189862644569875,,8.900141746893866,,5.089610139341006,,3.480005676859253
LT_471,1,fold1,0,,0.0004128345721172554,,7.79328668152774,,4.902329396992224,,3.7437096357879986,,10.012684263150359,,5.945031374757876,,4.360754251149673
LT_475,1,fold1,0,,0.00041370481000311404,,6.4029117901849455,,2.4207991455536053,,1.9519019926486298,,7.797612422958013,,3.3343664212214703,,2.207949516895725
LT_483,1,fold1,0,,0.0004104225532244113,,6.999817169233677,,4.758329407520974,,3.5512426638773515,,8.493095711458537,,5.645452661917806,,4.159528512608196
LT_485,1,fold1,0,,0.00041309547746082136,,6.999559874467731,,4.2768884066782835,,3.2975100702667675,,8.688651880619757,,5.213652774645514,,3.6200237204382817
LT_486,1,fold1,0,,0.00041251516473225606,,7.313559780335537,,4.846526965580053,,3.744642956486369,,9.342806095436016,,5.901674007960171,,4.427307738778305
LT_49,1,fold1,0,,0.0004169466205782395,,6.123959030182422,,3.0135968504456287,,2.3812154897345525,,7.859564927716501,,4.1608793510200615,,2.9684980655353894
LT_492,1,fold1,0,,0.0004198497231459389,,6.150995759891124,,2.494605616016019,,2.039108812349167,,8.565193037443255,,3.776602427842277,,2.474055378321007
LT_498,1,fold1,0,,0.0004188999878320821,,6.332385371864238,,2.4351180338101455,,2.0043356039216005,,7.659527636558884,,3.2296104860127066,,2.3362469138779396
LT_500,1,fold1,0,,0.00041299523907362135,,6.906925710554316,,2.7271528485187524,,2.1852062755472272,,8.754062905179842,,3.6780905949915104,,2.522738549950658
LT_502,1,fold1,0,,0.00041304275506401193,,6.690693309789663,,4.575306086312386,,3.707471741407386,,7.886473388192457,,5.486146962255621,,4.162949690117548
LT_508,1,fold1,0,,0.00041391673221074024,,6.7772403611016845,,2.995603756994777,,2.4364494236789214,,8.970168961293385,,4.3402637479174135,,2.9833403080405807
LT_509,1,fold1,0,,0.00041429105921947373,,6.392254768971952,,2.460140583214464,,2.0464818475140985,,7.95045722265232,,3.6635632815663723,,2.6376979403794203
LT_51,1,fold1,0,,0.00041994468505587683,,6.402934399648202,,2.4734155507819438,,2.025050282399637,,7.77181307993487,,3.1421583893561826,,2.235531658280523
LT_510,1,fold1,0,,0.0004106962384723325,,7.097224134447657,,4.699884311189711,,3.595961970159559,,8.499459762668998,,5.692129050329853,,4.213446341210679
LT_517,1,fold1,0,,0.00041590425766706296,,7.879067485375164,,4.785236071701433,,3.5910556447809356,,9.94600844983996,,5.816582721546793,,4.1133597444192755
LT_518,1,fold1,0,,0.000413303984359065,,7.311000202768439,,3.0844443822181606,,2.5130947533327856,,8.888141221930509,,4.439145525127268,,3.1211558898502982
LT_519,1,fold1,0,,0.00041264378368390496,,6.990962956737829,,2.939079637555355,,2.336730503651917,,8.597929205381089,,3.8279029727892167,,2.6951060382754295
LT_523,1,fold1,0,,0.00041513688334166715,,7.18004395253915,,4.196027122495199,,3.2369235434283805,,8.677448531651422,,5.036086096358262,,3.4013293592300857
LT_524,1,fold1,0,,0.0004119467359768765,,7.091232517432506,,4.348189618348701,,3.4136907292427363,,8.054439187555218,,5.48089921124314,,3.873642562470567
LT_527,1,fold1,0,,0.0004159349447164975,,6.3911286204785664,,3.822931069409253,,3.1306919182721376,,8.023870424177566,,4.719719963494736,,3.4471215312237375
LT_528,1,fold1,0,,0.00041385816872070193,,6.234636216169193,,3.989260923945391,,3.279686004279094,,7.899467448678134,,4.880991140652822,,3.6560940879246724
LT_530,1,fold1,0,,0.00041124186248786207,,6.947005226471342,,4.076016016699442,,3.238958286669457,,8.595190583955421,,4.950670457734476,,3.548910544424256
LT_531,1,fold1,0,,0.000413233565685317,,7.230956174395212,,4.306504112010262,,3.343494895532286,,8.947012606598022,,5.375399159210374,,3.7355798388365233
LT_536,1,fold1,0,,0.000416214450338093,,6.837338948661489,,4.694973324259322,,3.7212599422541572,,7.887795114234422,,5.601509454608204,,4.170142305528319
LT_537,1,fold1,0,,0.0004141783639436073,,6.895732285553618,,2.6428911395451355,,2.1367417568969165,,8.664029940459654,,3.597533823266424,,2.338640066779117
LT_539,1,fold1,0,,0.0004169881602256228,,6.341125477204465,,4.175056525432014,,3.34473920141529,,7.866591619767128,,4.930216622038761,,3.55427257121619
LT_540,1,fold1,0,,0.00041054766838342395,,6.909036291486054,,2.847155653017122,,2.3219906233219394,,8.840767848328378,,3.9281515742307405,,2.7547863263953296
LT_543,1,fold1,0,,0.00041753659112262614,,6.149870613604009,,3.786027625358215,,3.0524758973239003,,7.762900099519833,,4.2679865298587085,,3.0837429245803736
LT_544,1,fold1,0,,0.00041154305953853935,,6.449668269305954,,2.625401967239269,,2.187185508647005,,8.358384286844865,,3.5424282620971708,,2.398943455011056
LT_547,1,fold1,0,,0.00041154315106548336,,6.210725906021978,,2.3728158248323363,,1.9835669778499423,,8.35341582132711,,3.917736660485416,,2.7024658117087457
LT_548,1,fold1,0,,0.00041081686631585547,,6.762525386950487,,2.5731492155883173,,2.0945448359865764,,8.42459728420213,,3.6321411925201756,,2.404984321722602
LT_551,1,fold1,0,,0.0004158176738266531,,6.509365793838722,,4.072859365674577,,3.382106199019158,,7.649612537453512,,4.754778821925984,,3.530812572840449
LT_553,1,fold1,0,,0.0004188791272793594,,6.328531116994399,,2.3190912961066465,,1.9082540394091705,,7.754851702981057,,3.1147899166990127,,2.160182851820717
LT_555,1,fold1,0,,0.0004197942036000303,,6.508994985645308,,2.4921384272287948,,2.07993219245242,,7.9657304960088275,,3.757051370874458,,2.6426999216429823
LT_558,1,fold1,0,,0.00041588004591626773,,6.681844925854929,,4.2258657452804504,,3.4687816765331294,,7.866841062209478,,5.033213689883269,,3.8839010170121826
LT_559,1,fold1,0,,0.0004117338427578072,,7.091059954441476,,3.1948190701083155,,2.5424849604195954,,9.151322327932952,,4.594865887428119,,3.3145704934001197
LT_560,1,fold1,0,,0.0004103654964553727,,6.986686293162471,,2.7144253622140493,,2.200431786089588,,8.473825609912078,,3.844891645704668,,2.634085586207164
LT_564,1,fold1,0,,0.0004144851770627369,,6.473430174690818,,2.73976184054353,,2.2317844606187065,,7.290726784424325,,3.265602150592862,,2.304607780181947
LT_565,1,fold1,0,,0.0004152112087632675,,6.304792021506279,,2.5113916480002176,,2.0653592378345205,,8.00306806507759,,3.3769380336247456,,2.284989942245556
LT_567,1,fold1,0,,0.00041852494167534185,,6.267366859938989,,2.387119330056367,,1.9878418531030222,,7.7588315438972595,,3.2276951687890247,,2.1622671178352055
LT_569,1,fold1,0,,0.00041411561170539256,,7.017642530467228,,4.293741579261656,,3.3382604824521183,,8.013648599390024,,4.899776563092736,,3.5699551932786515
LT_573,1,fold1,0,,0.00041345494680021,,6.28249048070416,,2.331716223052661,,1.9339608010945954,,7.925673390825881,,3.2196557200210534,,2.2676972521252714
LT_58,1,fold1,0,,0.00041217286354565397,,6.64356585455897,,4.28266783663603,,3.2369973625912825,,7.692926077100652,,4.850107609738986,,3.3852316238276043
LT_585,1,fold1,0,,0.0004171366627689077,,6.879805785950244,,2.661047337404789,,2.163853788028666,,8.6863985016013,,3.665381204096618,,2.4523143662831726
LT_586,1,fold1,0,,0.0004120062325335735,,7.165644972519001,,4.694325931977505,,3.5895708392086876,,9.19455875963674,,5.890879013744937,,4.2380007726318825
LT_587,1,fold1,0,,0.00041072511067619284,,7.146408751271794,,2.842289842035174,,2.286388462917036,,9.44100122749163,,4.515631392344575,,3.046184316014545
LT_59,1,fold1,0,,0.00041250331628324595,,7.060584928674843,,3.493773290127022,,2.7697334183751434,,10.054640759150661,,4.709255116052548,,3.3489630653714264
LT_590,1,fold1,0,,0.0004092934153238064,,8.03597968632932,,4.845355086123247,,3.661092172849522,,10.752479502376637,,6.1883646697065515,,4.493746458528832
LT_592,1,fold1,0,,0.00041549401135097287,,6.03254197966873,,2.3882733606977062,,1.954368188898642,,8.122160500377595,,3.442702754621193,,2.3153013795426056
LT_593,1,fold1,0,,0.00041283931490376444,,6.708222515972444,,2.6873178972826866,,2.158407950999827,,8.89440793827921,,3.746201275404008,,2.4605405699421867
LT_595,1,fold1,0,,0.00041529177011935536,,6.55410519860809,,4.5667809067493925,,3.6212517727737144,,8.436479055314749,,5.5555709182911235,,4.135926132710698
LT_597,1,fold1,0,,0.00041493280324987787,,6.8142953861197775,,2.9616407201357546,,2.3671569633372744,,8.73586174766967,,3.905445501846303,,2.704940954113413
LT_598,1,fold1,0,,0.0004166372465273776,,6.89846741799587,,2.8593191361938564,,2.291207567579512,,8.303278611226862,,3.4817143987378323,,2.433316382938241
LT_601,1,fold1,0,,0.00041722341391385066,,6.738091888636933,,3.9854285126888103,,3.1914265234189587,,7.70880691382759,,4.503474981806746,,3.2355314540332367
LT_604,1,fold1,0,,0.0004145994837242758,,6.297625905374529,,2.394619412471668,,1.9824038726081716,,7.523134175170757,,3.037449353363811,,2.0829259152584108
LT_605,1,fold1,0,,0.0004126782878654863,,6.9529396329584845,,4.323006412890836,,3.3674081946001437,,8.818171878793937,,5.177303929417445,,3.7385934976822095
LT_611,1,fold1,0,,0.000411283788081071,,6.45925574091774,,3.2051272069296513,,2.454823474833835,,7.521351751000459,,4.477156693738756,,3.2182898605120043
LT_612,1,fold1,0,,0.00041341130720450904,,6.938784390390522,,3.242725912609552,,2.541476979903788,,8.415350095304337,,4.502775000541345,,3.221254386483426
LT_613,1,fold1,0,,0.00041196365369075387,,6.886163133809636,,2.9700146410843717,,2.3812893087372515,,8.632337520792161,,3.804238617601733,,2.78455123538619
LT_614,1,fold1,0,,0.0004131995182078685,,6.923798543701674,,4.643465685658132,,3.569214051022623,,9.488914684308478,,5.854342739549146,,4.363320361031529
LT_615,1,fold1,0,,0.0004147143796200889,,6.899525736846387,,2.822915329723926,,2.323079659487301,,8.669093710658318,,3.917995712108485,,2.715142288011628
LT_616,1,fold1,0,,0.00041388712709501674,,6.834342508975052,,2.711684817423966,,2.2135749214822034,,8.819484130333729,,3.738421860781578,,2.5492439648329857
LT_617,1,fold1,0,,0.0004132993407463259,,7.275042849622108,,4.6387953783118165,,3.5653371623885364,,9.50876624534513,,5.763704261864617,,4.3103260782489095
LT_626,1,fold1,0,,0.0004143403527684629,,7.062545299829156,,2.7929269165385375,,2.2836925440392974,,8.902901201235252,,3.9721964876933704,,2.670503308457671
LT_628,1,fold1,0,,0.0004130039998085939,,6.9420752558478425,,2.686555044655394,,2.198118614985106,,8.630158641795266,,3.740803723943964,,2.48439606925943
LT_629,1,fold1,0,,0.00041309831850552294,,6.705209375464099,,4.47780532464892,,3.388413274263394,,8.15757765259696,,5.288964113318165,,3.8384019655416997
LT_63,1,fold1,0,,0.00041858033067953583,,6.400836906507031,,2.459455596283746,,2.0277952949315514,,7.605003164723419,,3.098678858009679,,2.1416519608511067
LT_638,1,fold1,0,,0.00041019323893773385,,6.356056351415046,,2.874481269290563,,2.2369218599405993,,8.056127322608742,,4.2005334349381735,,2.990119589978931
LT_64,1,fold1,0,,0.00041455745079058137,,6.566191933126678,,3.028386398506826,,2.342397906498378,,7.860705829979718,,3.999663516147895,,2.8893559840145437
LT_642,1,fold1,0,,0.00041078870397097227,,7.042484647194927,,4.126169000269222,,3.2460251683481856,,8.995414666478414,,5.1065595780637425,,3.5678540786256687
LT_643,1,fold1,0,,0.00041337039421763047,,7.42017682708008,,4.852648483704363,,3.71479963009643,,9.097062718222032,,5.927625499930122,,4.350897132331624
LT_644,1,fold1,0,,0.00041362878353619,,6.757957082898749,,2.9926687307668858,,2.4063223867795522,,7.7631719968945125,,3.804946943825418,,2.7414392683866824
LT_645,1,fold1,0,,0.00041398200558853855,,6.550268081386553,,2.626699364764868,,2.175108470081837,,8.489727980767215,,3.678165872141557,,2.4794544241453553
LT_647,1,fold1,0,,0.00041373241757802076,,6.9537419713679745,,4.289227083668984,,3.3921959793953835,,9.224857076100884,,5.4178247653461415,,3.89254908144976
LT_66,1,fold1,0,,0.0004154809095746632,,6.361467649190603,,2.935194635666622,,2.3535574863730444,,7.7445155914039825,,4.286426067893647,,3.081500340260894
LT_660,1,fold1,0,,0.0004151209911391861,,6.768617758559632,,4.070479117446838,,3.143061009378019,,8.262158884180968,,4.710699711130095,,3.272303216679604
LT_661,1,fold1,0,,0.00041286749199782,,6.572599537795806,,2.6885761505705137,,2.194644895512504,,8.77053870407201,,3.921072584070371,,2.650397627113235
LT_662,1,fold1,0,,0.0004138826566155683,,7.042308726398474,,2.625203761352738,,2.096454802928968,,8.683783697324873,,3.4326563764168116,,2.272239799974538
LT_663,1,fold1,0,,0.00041362798902021096,,6.6302041987635505,,2.626509342954005,,2.143809259162216,,8.123956208671226,,3.1849727337051523,,2.2223696924457794
LT_665,1,fold1,0,,0.0004113990214164101,,6.901506363437439,,3.3972476804499476,,2.6483506725648365,,8.816955098939829,,4.668096636220792,,3.3867026027868827
LT_67,1,fold1,0,,0.0004270941480733429,,6.272116225531042,,2.3565640795631677,,1.940932428359533,,8.998891552926912,,3.8127046118769545,,2.6811668258212937
LT_678,1,fold1,0,,0.0004126758175025027,,7.4962249884012335,,4.733647196146133,,3.5923042501192857,,9.295147408252834,,5.816136443375877,,4.213241917408269
LT_682,1,fold1,0,,0.0004201533705187905,,6.864180012826179,,2.9960039160588416,,2.409534504012324,,9.454061707251656,,4.375125745084305,,3.1074255132217785
LT_684,1,fold1,0,,0.0004146072066133384,,6.894559738024684,,3.021566704280026,,2.383044316366546,,9.184422222125107,,4.3512970392684585,,3.155740188149312
LT_686,1,fold1,0,,0.0004177490480955816,,6.56390692785512,,2.2703738050864968,,1.8567979911465364,,7.777025041188042,,2.7749734776979347,,1.92973717905543
LT_687,1,fold1,0,,0.0004180598912791253,,6.744780859938198,,2.426808609756049,,1.9390611602256589,,7.905208257419626,,2.7524229925566055,,1.9198296263279808
LT_688,1,fold1,0,,0.0004131628138436573,,6.518255544584057,,2.9363875164723785,,2.3190403172127447,,7.74960770388661,,4.043632740924987,,2.852869386137579
LT_695,1,fold1,0,,0.0004140858601839898,,7.106083945489942,,2.993156680969171,,2.4385280430530942,,8.926741811103588,,4.196442515603905,,2.9411143276106806
LT_70,1,fold1,0,,0.00041664005542022507,,6.472710097565071,,2.4580791060324487,,2.023486691699787,,7.814979339393095,,3.2392185376621976,,2.2833666824882854
LT_700,1,fold1,0,,0.00041020994858281465,,6.807469855281025,,4.430229084325261,,3.46132187332418,,8.24670597327985,,5.5205310841214095,,4.100914689034207
LT_701,1,fold1,0,,0.00040999695019326536,,6.888843180927308,,4.659923973450253,,3.5743973355583423,,8.630938261494437,,5.845968281311464,,4.430634687058696
LT_702,1,fold1,0,,0.0004100888802648292,,7.064109193784918,,4.62381499884969,,3.5379028702865063,,8.811230990966108,,5.800197677603179,,4.273341516353008
LT_704,1,fold1,0,,0.00041328560108463107,,6.80952280081664,,4.588225837433025,,3.5488144481755914,,8.086858632882574,,5.523160209803854,,4.204933141255411
LT_705,1,fold1,0,,0.00041338707634138924,,6.549590345782874,,4.532424599532025,,3.471423681560254,,8.519411795032525,,5.441040339877252,,3.9868359193837595
LT_709,1,fold1,0,,0.0004100429483910057,,6.30322460899512,,2.6090924222911966,,2.1302112067921524,,7.96832726661686,,3.809709229931924,,2.6519741147270954
LT_71,1,fold1,0,,0.00041973126085308524,,6.2566288716613645,,2.6111857834802517,,2.091335072248564,,8.762502376196773,,3.997009667727919,,2.71954315674636
LT_710,1,fold1,0,,0.00041435552816691985,,6.393438747604731,,2.933889189979951,,2.360648182664653,,8.036043031641602,,4.360617781674414,,3.1663797731231664
LT_712,1,fold1,0,,0.00041092977100377383,,6.549288151806732,,4.103880035825296,,3.263897126375605,,8.351994664677358,,5.012696068414805,,3.7106691457650953
LT_713,1,fold1,0,,0.0004106423358510008,,6.595561074013076,,2.77463329496362,,2.2759164011857993,,8.559594982955371,,3.7058818099964346,,2.585389290428309
LT_714,1,fold1,0,,0.0004118225851393858,,6.4202742971365865,,4.004254673439378,,3.2707589486145223,,8.241641064204785,,5.105386690201349,,3.9184719189939736
LT_717,1,fold1,0,,0.00041121069661397003,,6.533155170321271,,4.041691044271234,,3.206727986687047,,8.361488751375735,,5.006754684189042,,3.5796724149669985
LT_718,1,fold1,0,,0.00041226730212465604,,7.079068934743314,,3.1221882071974316,,2.4712494545501693,,9.335497747238437,,4.713890462079851,,3.3203055387251643
LT_722,1,fold1,0,,0.0004222342285397588,,6.3793872855881615,,2.221700018408506,,1.8735754430676752,,7.6394269738745235,,2.802049643057036,,2.0165073936743063
LT_727,1,fold1,0,,0.00041127165494152587,,7.081165751455081,,2.9946965297445947,,2.393138056017749,,9.382424342503587,,4.238010607677464,,2.8221527902627837
LT_730,1,fold1,0,,0.0004110315797272567,,6.985687945666413,,2.8147492502926363,,2.307699275935695,,9.208534423591074,,4.251396851126036,,2.841167318063837
LT_732,1,fold1,0,,0.00041993125903549977,,6.275472765935893,,2.89673736314431,,2.321338907563364,,7.734372565003838,,4.1935791897190295,,3.0782509771242
LT_733,1,fold1,0,,0.00041651122896421526,,6.569148052172098,,3.026442618878801,,2.412741492211343,,7.622191885064134,,4.33562764438927,,3.0996512196470785
LT_734,1,fold1,0,,0.0004118308375726503,,6.7489376514092605,,4.229962057296291,,3.2533965632399657,,8.389575004278159,,5.032068096523359,,3.5912383415910223
LT_736,1,fold1,0,,0.0004187794889322985,,6.547876510195753,,2.4915557489746263,,2.0739160228723783,,7.770506107573323,,3.424346374070214,,2.372940575745564
LT_739,1,fold1,0,,0.0004141311256288249,,6.549542438340457,,2.4241626239828307,,1.9620619111664375,,8.120460979341201,,3.321164519117768,,2.3184718360411316
LT_740,1,fold1,0,,0.00041201847001781124,,6.227830652443846,,2.496703878867301,,2.0322501829697033,,8.22081203931388,,3.819047299119447,,2.6810324432789656
LT_741,1,fold1,0,,0.00041383062089996904,,6.511815956329364,,2.4024905882537766,,1.9854115312427685,,7.4118175878306545,,3.159406386271831,,2.236634406619548
LT_743,1,fold1,0,,0.00041548883218926573,,6.283073130435659,,2.304584639309728,,1.9090383711523906,,7.582275445389039,,2.8878104176300883,,2.027794411891278
LT_744,1,fold1,0,,0.00041166841811541253,,6.654640115248483,,2.739592707873085,,2.253814531055534,,7.872200736462366,,3.7980189744048958,,2.668176031604353
LT_747,1,fold1,0,,0.0004172377212622626,,6.441509775869759,,2.2646479100828305,,1.8796497070350249,,7.599969918284124,,2.8459492160524746,,1.9258575840210332
LT_748,1,fold1,0,,0.00041529896838183276,,6.632532791449386,,3.972658126917016,,3.342217597983528,,7.569048554608405,,4.682487417648892,,3.5703727843574535
LT_75,1,fold1,0,,0.000411635612869915,,7.012474215116835,,3.0272083534189655,,2.4303546264477642,,8.706891564027584,,3.972476697057966,,2.8047904225750657
LT_751,1,fold1,0,,0.00041899530712146034,,6.599875269027667,,2.319309275398739,,1.907223937323956,,7.908272827843669,,3.1136279359137347,,2.1832394931420263
LT_77,1,fold1,0,,0.0004150383111515641,,6.212554634406332,,2.41734408286363,,1.9796407114425705,,7.631473974025088,,3.1095913183613084,,2.2378947137962917
LT_779,1,fold1,0,,0.0004194740860570829,,6.766293797214872,,2.5542956990010817,,2.0677598905491132,,8.195009087358915,,3.0062376115438116,,2.0739491608072718
LT_78,1,fold1,0,,0.00041603452315697696,,6.253050301808176,,2.5394997785105002,,2.056262172729614,,8.692621157326004,,4.00742883890993,,2.7284289591165
LT_781,1,fold1,0,,0.0004123947920875951,,7.215884580200696,,3.2473948909096766,,2.6135297684793075,,8.86139774625881,,4.4826843897760185,,3.1534300342295514
LT_786,1,fold1,0,,0.00041339619801250907,,6.6556178339401075,,3.0958427092069405,,2.5177410039910764,,8.584507093764728,,4.45332250530743,,3.1922575482570235
LT_789,1,fold1,0,,0.0004153551198859233,,6.815236029432716,,4.006067196563221,,3.1529458530206598,,8.495887575429053,,4.728200765444024,,3.405325437988666
LT_79,1,fold1,0,,0.0004210535045641693,,6.434924422559713,,2.4855143836357696,,2.026309634764414,,7.819208537669866,,3.185832756395536,,2.259492420787839
LT_790,1,fold1,0,,0.0004166560525349656,,6.725231835575682,,2.653458348223025,,2.1658423272630207,,8.552701480670713,,3.5718174522230233,,2.444349569856304
LT_791,1,fold1,0,,0.0004139303548984716,,7.2039420976717565,,2.7975340928731907,,2.2834899944513665,,9.242791577064983,,4.0053552129218035,,2.699152383446015
LT_792,1,fold1,0,,0.00041270705916558736,,6.976463676891749,,4.1077023727042965,,3.301280651878187,,8.919490952394954,,4.951424271589249,,3.6112614131735654
LT_800,1,fold1,0,,0.00040996949857063057,,6.5519099310931574,,2.7083076846848537,,2.2017888210890897,,8.433028832782837,,3.638150248704475,,2.5494541590899464
LT_81,1,fold1,0,,0.0004144997924539675,,6.650257292884388,,4.030228134657433,,3.1690327578524062,,8.346882367157047,,4.711050933396186,,3.299804645251439
LT_810,1,fold1,0,,0.00041238990676544483,,6.696788463673125,,2.7110872990177812,,2.212287642067885,,8.530791549228162,,3.7622906185867175,,2.5494354475349796
LT_811,1,fold1,0,,0.0004128916192523962,,6.671481999498876,,4.154418029824921,,3.45433994270584,,7.8798705636881055,,5.294726927200916,,3.9571003943201557
LT_812,1,fold1,0,,0.00041116955466143426,,6.715280105275943,,2.744988910676841,,2.2368890599162876,,9.10715298286996,,4.168229559493044,,2.9317191005483796
LT_816,1,fold1,0,,0.0004117937186431768,,7.2276331613606875,,3.2285435135711156,,2.528979711592048,,9.435766897228287,,4.715144613144679,,3.315633863815068
LT_817,1,fold1,0,,0.0004121697538134843,,6.804542139832603,,2.9285943577563636,,2.387384002590747,,7.89377600110311,,3.903731010969859,,2.799842232023705
LT_818,1,fold1,0,,0.0004138193531325572,,6.971322144349482,,4.650100347523321,,3.575504884212631,,8.42801926492873,,5.693116716507187,,4.093749058505275
LT_821,1,fold1,0,,0.0004125303815541194,,6.9561935763532485,,2.6958698354743613,,2.2059366395017497,,8.765516873620953,,3.9886388473428642,,2.7627687303072546
LT_823,1,fold1,0,,0.0004138985695447805,,6.83322224987556,,2.616473329515563,,2.1467917247589097,,8.47365082479849,,3.486051955635481,,2.378218489652673
LT_829,1,fold1,0,,0.0004141840268199106,,6.8133855806055905,,2.6244927437172043,,2.158544940252828,,8.58393327402424,,3.556805790152762,,2.37713490166445
LT_830,1,fold1,0,,0.0004133166618311996,,7.0522022834299065,,2.947775142854586,,2.410595297170705,,8.898713215939974,,4.106339924058815,,2.837127332188692
LT_836,1,fold1,0,,0.00041652168004628967,,6.902391617662922,,2.73595558111335,,2.2484190971701823,,8.83166643220647,,4.052282988608409,,2.7887748464533075
LT_837,1,fold1,0,,0.0004121549399554482,,6.525432962073017,,2.89334925496992,,2.2646372795327494,,7.800613496027591,,3.8189377093061183,,2.649531168656439
LT_839,1,fold1,0,,0.00041145826799693017,,6.66261492995098,,2.737290335047666,,2.3068279938980796,,8.203948697687466,,3.5945800438726505,,2.513657562191811
LT_841,1,fold1,0,,0.0004166100740827586,,6.312120186076468,,2.553610104824953,,2.1300974476704067,,8.100863050731595,,3.8370289495262355,,2.6313130117232197
LT_843,1,fold1,0,,0.0004138080453706082,,7.363333385656652,,3.369093191200378,,2.673293133628734,,9.12702111797059,,4.854037515677805,,3.510817775024369
LT_844,1,fold1,0,,0.00041570033226219147,,6.104872628954503,,3.7263333988369274,,3.0296766710019076,,7.730082683908975,,4.240077673786556,,3.102348800534855
LT_85,1,fold1,0,,0.0004153458430145515,,6.240959390672693,,2.4478623279392417,,2.0047882842698166,,7.97801014412461,,3.375916224703493,,2.3003372840949883
LT_851,1,fold1,0,,0.00041306703729510064,,7.106309722451963,,3.16201092356117,,2.498254412553529,,8.734516390383844,,4.298232592813141,,3.039451225609782
LT_853,1,fold1,0,,0.00041728372285568596,,7.31087960189192,,3.199040540380799,,2.5667433629242877,,8.849934547245674,,4.618749920222737,,3.2259615938382487
LT_856,1,fold1,0,,0.00041158543852286116,,6.829931901995708,,4.640360704258308,,3.5988210847763025,,9.196731520947825,,5.7635920294474845,,4.3157822311035385
LT_860,1,fold1,0,,0.0004167019781052637,,6.212761794606259,,2.44458726271435,,2.0616729619460767,,7.882305390949351,,3.593765068129306,,2.5306425084280697
LT_863,1,fold1,0,,0.00041171957101025954,,7.114917605178122,,4.7514131429660535,,3.592521926609704,,9.076598226646272,,5.818964194447235,,4.130871093474574
LT_865,1,fold1,0,,0.0004109376958542927,,6.399124012601746,,4.20565411975076,,3.352080756560335,,8.306708837810245,,5.238488132713679,,3.8412509995550344
LT_867,1,fold1,0,,0.0004211753451649654,,6.634421830784318,,2.9327313879447994,,2.3605955013922535,,8.060982609356778,,4.085345190196685,,2.9257023944246647
LT_870,1,fold1,0,,0.00040933197356255065,,6.734255114797779,,2.8913058436887247,,2.3364956406469113,,8.89697348136764,,4.000827794856187,,2.820202942890932
LT_877,1,fold1,0,,0.00041164255314995665,,6.338117668275474,,2.445136169382801,,1.9911837109030814,,7.948606733109306,,3.342800076530535,,2.245701574967334
LT_88,1,fold1,0,,0.00043320847876857256,,6.111239454962486,,2.230957890778157,,1.8214043185672708,,8.036083034219613,,2.999889268083,,2.12352562040085
LT_888,1,fold1,0,,0.00041033330062508096,,6.81901427898436,,4.357026304713294,,3.414635189726107,,8.693015939480848,,5.510492299386931,,3.9334558160082276
LT_890,1,fold1,0,,0.00042084954818205275,,6.266200792535957,,4.020787964069957,,3.277864682805307,,7.609024919637052,,4.83131938407123,,3.610428590141552
LT_892,1,fold1,0,,0.00041165908440015525,,7.025682799737735,,3.3908782604227143,,2.5931654774917523,,8.146701337971313,,4.595583426075888,,3.402994098784534
LT_896,1,fold1,0,,0.000411807078783041,,6.671296384259754,,2.8716910027507008,,2.2944216331023317,,8.104052319182447,,3.5574643823768315,,2.517433387615527
LT_898,1,fold1,0,,0.00041256898511969446,,6.620825339770438,,2.8877305294662663,,2.2847395938742965,,8.714582668357691,,4.116263279179252,,2.816847403132096
LT_899,1,fold1,0,,0.0004130433125926706,,6.707850826889731,,2.5807118882400593,,2.100033449633784,,8.504904262089015,,3.085201056323873,,2.1105551737169295
LT_9,1,fold1,0,,0.0004115285863463651,,7.092005106410977,,2.8451840174092333,,2.2865839806588086,,8.894349245457336,,3.99199297064938,,2.774103411380507
LT_903,1,fold1,0,,0.0004142596386548913,,7.061025374619403,,4.561544166020074,,3.516825938142265,,8.387747048711473,,5.5007803475403465,,4.131951888476852
LT_908,1,fold1,0,,0.0004085432128010918,,6.651162502431772,,2.7449296821292504,,2.166709170844259,,8.379333514495455,,3.708237708076017,,2.6029180331766524
LT_909,1,fold1,0,,0.0004115493319095196,,7.15576936550018,,3.0158081390422233,,2.42262322703069,,8.899936166202668,,4.280191114016371,,2.9898850024460852
LT_910,1,fold1,0,,0.0004136226956107155,,6.823950351665113,,4.154340130630548,,3.1793685404508025,,8.493410337075995,,4.92827968862631,,3.406534730088014
LT_911,1,fold1,0,,0.00041259609475247615,,7.988815614181383,,3.35333706478607,,2.6529271852907392,,9.98634070748172,,4.882582784057561,,3.4146121504010187
LT_922,1,fold1,0,,0.0004149835534080406,,6.787754883937707,,2.6095715137541893,,2.1261408536291,,8.457492836545443,,3.18536119792273,,2.189191758385265
LT_923,1,fold1,0,,0.000414821519360559,,6.861318179608101,,4.152926045348306,,3.2159639864173313,,8.58912883544727,,4.780007421099942,,3.3435850749929807
LT_924,1,fold1,0,,0.00041189289160137657,,6.255549976928172,,2.75520122731114,,2.154732258570328,,8.061728450844061,,3.9235970240110944,,2.83316316028277
LT_926,1,fold1,0,,0.0004152002619234457,,6.741431483740106,,2.6514961628903873,,2.0396993051768155,,8.168337334433419,,3.607457176346631,,2.4680529575744163
LT_927,1,fold1,0,,0.00041307401832593044,,6.949418986607879,,3.1987122330761806,,2.4563725842087836,,8.90285159779761,,4.27695482140509,,2.9243171451478
LT_931,1,fold1,0,,0.000415034821235262,,6.475876956045977,,4.086725945120671,,3.1819539328256194,,8.263355314141812,,4.873853776710441,,3.4733191814437987
LT_932,1,fold1,0,,0.00041083572168378914,,7.3788958892913845,,4.668374092765029,,3.600964362339297,,9.831951598540975,,5.847946434017847,,4.245429867016552
LT_937,1,fold1,0,,0.0004144301978378003,,6.898743435236492,,2.597568824117779,,2.122259096304764,,8.67333717835949,,3.2486041005022868,,2.1908057466868005
LT_938,1,fold1,0,,0.0004085897582618032,,7.032400082173683,,3.3286289977161565,,2.606805744559105,,9.329477779038763,,4.866296973409728,,3.469715889854066
LT_940,1,fold1,0,,0.00041301628230215777,,6.732075240770481,,2.627867246034518,,2.1170598080224123,,8.340233585490838,,3.4672481001452544,,2.389919260827183
LT_941,1,fold1,0,,0.00041605246156708325,,6.322718254353591,,3.8667840333472596,,3.1772057712154336,,7.9973711421456,,4.7740170334395255,,3.5051006123446995
LT_942,1,fold1,0,,0.0004107232905362652,,6.956834323316205,,2.900191827002318,,2.3279873631496,,8.696850770723797,,4.049285858768825,,2.799590753727298
LT_946,1,fold1,0,,0.00041360793810309333,,6.716221294823151,,4.743267177863462,,3.6308399970655882,,7.6174076421956185,,5.604842424739237,,4.055757578424232
LT_948,1,fold1,0,,0.0004154688201848701,,6.169497285419281,,2.4482902050607542,,1.9921607143810625,,7.7395844702918195,,3.090363774317503,,2.14089094114871
LT_956,1,fold1,0,,0.0004182832507023254,,6.649150843755079,,2.6388905070757156,,2.1514423418714874,,8.510285810206577,,3.3910568038082194,,2.325748234939887
LT_957,1,fold1,0,,0.0004147239466580858,,7.006525608778296,,4.504371977368005,,3.530429919510943,,8.71500574698383,,5.39685741087084,,3.9443926395440645
LT_959,1,fold1,0,,0.000420590754034101,,6.34604768519301,,2.52441588579843,,2.0880186001664485,,7.719573248293347,,3.443071756904299,,2.477293830206175
LT_969,1,fold1,0,,0.00041634007804412093,,6.4210182244745395,,2.4041857159486164,,1.9898136691680262,,7.723350689092431,,3.2235749631843955,,2.1968338696084992
LT_972,1,fold1,0,,0.00041439786671067236,,6.673545399256517,,2.945844763003289,,2.413004080741965,,8.129025647593984,,4.008547000115139,,2.8330783562826105
LT_973,1,fold1,0,,0.00041912666841892494,,6.696565725266845,,3.2483885666358248,,2.587020842398423,,8.70562086482623,,4.512294713344859,,3.227601817766414
LT_980,1,fold1,0,,0.0004193967594959772,,6.84008321864316,,2.645804760494642,,2.115324374667224,,8.428950027485648,,3.070535469205658,,2.1207382446618066
LT_987,1,fold1,0,,0.00041580264685060417,,6.313432938984787,,2.3742139396313426,,2.0077333510486395,,7.716938039910756,,3.1986230822069195,,2.281361811324267
LT_995,1,fold1,0,,0.0004154221531693144,,6.368026245714177,,2.6120658589182466,,2.1346692018498,,8.165795385869457,,3.7343429747590653,,2.6114346203838847
LT_996,1,fold1,0,,0.00041644684353810135,,6.389998461359115,,2.569082974578736,,2.1037362421234644,,7.98992426125796,,3.8065848892687453,,2.7198660693418217
LT_998,1,fold1,0,,0.0004150654862859048,,6.619097188507899,,2.9468678057755118,,2.3336160197251257,,7.532479327749395,,3.618025069077371,,2.552903158302624
PCL_32532,1,fold1,0,,0.00041219044452434593,,5.66102247938893,,2.4996091550852846,,2.0058789217508903,,7.601005900754666,,3.244258826396771,,2.2741644496601987
PCL_32644,1,fold1,0,,0.0004157329779931919,,6.092022913245753,,3.828780542909284,,3.0052268846046197,,7.3616787990966,,4.395845654975381,,3.1414041838776927
PCL_32645,1,fold1,0,,0.0004161501047850614,,6.232429771897798,,4.106976067283962,,3.281747868702281,,8.276404243984892,,5.057906178667749,,4.027632108056743
PCL_PCL0161,1,fold1,0,,0.00043635618540189755,,4.5914377586857364,,2.7177216665354536,,2.1047548746803533,,7.69524674577088,,3.3579577203364313,,2.306850846077808
PCL_PCL0162,1,fold1,0,,0.00043639336661517245,,4.5859833886437285,,2.369436413150286,,1.8695561620458938,,7.919974057649039,,3.4657120065672435,,2.4029286673661208
PCL_PCL0163,1,fold1,0,,0.00043649263647405415,,4.619221123799498,,2.395082994981952,,1.961125460086262,,7.614100165249964,,3.267531660502178,,2.275561519009873
PCL_PCL0164,1,fold1,0,,0.0004354676992387313,,5.652216241132061,,2.6102750729306843,,2.0096925482579353,,7.606678590862627,,3.1849363331320917,,2.241373425754088
PCL_PCL0165,1,fold1,0,,0.00043643465722863727,,4.864658432025751,,2.690506485907563,,2.0968397707012207,,8.044785932555824,,3.7080717838128243,,2.5754306367207875
PCL_PCL0166,1,fold1,0,,0.00043637850450366743,,4.839716850206856,,2.8165325952641402,,2.2352630174932835,,7.769991354216181,,3.7907684805895103,,2.671622339220145
PCL_PCL0167,1,fold1,0,,0.0004349780933272599,,5.463220983527712,,2.553079175094099,,2.0321108733076163,,8.125038982357772,,3.8709999270425595,,2.7488677717761782
PCL_PCL0168,1,fold1,0,,0.000435970186663694,,4.851461754758789,,2.3883908776342557,,1.9199527387549216,,8.54668225004132,,3.6717132874334917,,2.5968994556777076
PCL_PCL0169,1,fold1,0,,0.0004361521304414029,,4.918149517443982,,2.499572079413562,,1.9659805987851908,,7.940926184666499,,3.73229147948185,,2.735686112201759
PCL_PCL0170,1,fold1,0,,0.00043577464224562636,,4.850738176496695,,2.58535825975733,,2.059111745647422,,7.666545405579456,,3.762611747447018,,2.7858173557568344
PCL_PCL0171,1,fold1,0,,0.00043638894437110325,,4.961791144498492,,2.441104104295099,,1.9711099612869263,,7.9602955453456845,,3.5052553228262706,,2.524433118069096
PCL_PCL0172,1,fold1,0,,0.00043643989595983264,,5.083692573031879,,2.223363308545508,,1.8125818368573798,,7.444921383939347,,3.223546946752081,,2.279538502918059
PCL_PCL0173,1,fold1,0,,0.00043288780067908886,,5.438665736383122,,2.3726188915054895,,1.9175758667369207,,7.519613085606709,,3.117166513078172,,2.2648831270754908
PCL_PCL0174,1,fold1,0,,0.00043608207054731014,,5.0915094276522215,,2.2403159194914526,,1.7970749519920501,,7.04819720479992,,2.7362844399659747,,2.0331194616188233
PCL_PCL0175,1,fold1,0,,0.0004338671132279575,,5.823399893497983,,2.8913536111648535,,2.276479904288431,,7.684527163819125,,3.8841261411048604,,2.772044474111661
PCL_PCL0176,1,fold1,0,,0.00043472438897675623,,5.763619262379817,,2.462532499580303,,1.9775485883670183,,7.741974861197495,,3.3645681042380504,,2.397133567261291
PCL_PCL0177,1,fold1,0,,0.00043471093885674196,,5.85337785119122,,2.3937844080819675,,1.959311027016916,,7.625285554351156,,3.1869692713893873,,2.3208059131732406
PCL_PCL0178,1,fold1,0,,0.00041737400002272475,,6.091937478297901,,2.7843115835305103,,2.22532999684778,,7.818249827442553,,4.013394469818282,,3.004287259565492
PCL_PCL0179,1,fold1,0,,0.0004308833712382224,,6.743416249472979,,3.0196491022499368,,2.4435774614440997,,7.820867961987344,,4.070459079003813,,2.9916132597625444
PCL_PCL0180,1,fold1,0,,0.0004357515805351094,,5.91880134348095,,2.467277254812756,,1.9364417493698431,,7.836860678286123,,3.197225016414151,,2.3789934056480373
PCL_PCL0181,1,fold1,0,,0.0004308330807172682,,6.040264128143567,,2.7382854773690677,,2.164477879398817,,7.614544045507776,,3.2810184568054845,,2.3268719343590103
PCL_PCL0182,1,fold1,0,,0.00043641045110315996,,4.86250510638592,,2.74338018060983,,2.1752152553350816,,7.37855705965917,,3.778738582863614,,2.7274071192613425
PCL_PCL0183,1,fold1,0,,0.00043656929550468446,,4.8744889296973115,,2.394691077371884,,1.9399723015049115,,8.147509880342705,,3.394507479559788,,2.4412300179172908
PCL_PCL0184,1,fold1,0,,0.00043647351345812296,,5.067470084963188,,2.167810899221501,,1.7381453555226227,,8.139363434889217,,3.197646036766666,,2.2651909361400833
PCL_PCL0185,1,fold1,0,,0.00043581933162365957,,5.441360687031344,,2.7115650463230505,,2.173989113588674,,8.392471803696658,,4.003908433773454,,2.758892143863378
PCL_PCL0186,1,fold1,0,,0.0004359480254631093,,4.791359584057445,,2.66686343760577,,2.110686202162313,,8.096368824624697,,3.8644135088410563,,2.683768045939738
PCL_PCL0187,1,fold1,0,,0.00043649912273020786,,4.988761063548289,,2.6107009813785362,,2.1052058459586678,,7.639843261929154,,3.5402570290207627,,2.5160135730409654
PCL_PCL0188,1,fold1,0,,0.0004358365886655228,,5.129444717845814,,2.2316931390802126,,1.8089423469504344,,7.7150682106740405,,2.946434827640651,,2.1712784059807877
PCL_PCL0189,1,fold1,0,,0.00043410564932269864,,5.530488842848362,,2.6813548248532446,,2.1542001730476135,,7.385994970187851,,3.712908486245575,,2.7950992919128037
PCL_PCL0190,1,fold1,0,,0.00043619741877391066,,4.979303799070787,,2.6753138169193695,,2.1586426568361334,,7.870753602028689,,3.95668549714722,,2.8927404910795294
PCL_PCL0250,1,fold1,0,,0.0004287125077917821,,6.027656420343368,,4.151132598200427,,3.3468268816817215,,8.426050896071127,,5.4388655619756285,,3.9009701242594734
PCL_PCL0251,1,fold1,0,,0.00042830949264022374,,6.444572638994737,,3.8370267832218348,,3.078034784837963,,7.761105838043884,,5.207528673329732,,3.710642946761011
PCL_PCL0252,1,fold1,0,,0.00042146581874531915,,6.3275385519261516,,4.087282896663587,,3.2599614516587567,,7.473957264502769,,5.292812290996687,,3.8023883035409356
PCL_PCL0253,1,fold1,0,,0.0004201860695097065,,6.44672373070964,,4.196742247232811,,3.350816561428305,,7.998185051816348,,5.114560448622849,,3.7585847703403115
PCL_PCL0254,1,fold1,0,,0.0004197575580161348,,6.777735525303901,,4.076054021603745,,3.251750603660168,,8.324166915963652,,5.365270454381165,,3.6982075673838883
PCL_PCL0256,1,fold1,0,,0.0004277150250794632,,6.689157622516736,,4.48838744651314,,3.690709500714691,,8.73355696463714,,5.815842843145071,,4.1674826604559705
PCL_PCL0257,1,fold1,0,,0.0004325622496748685,,5.759671784188732,,4.344443478699077,,3.578641204474996,,8.106013925025682,,5.5248555313051835,,4.343108491663155
PCL_PCL0258,1,fold1,0,,0.00042472513552640513,,6.429880094232135,,4.501104322543049,,3.614131267225241,,8.009246845262162,,5.525764242571414,,4.123884624202366
PCL_PCL0259,1,fold1,0,,0.00041883963903655355,,6.213134775007379,,4.078179105843304,,3.162639879322762,,8.011654889296665,,5.6305775389010195,,4.0775226794483475
PCL_PCL0260,1,fold1,0,,0.0004204972124397001,,6.634927565459374,,3.9263561074260354,,3.137707550851839,,7.845983357041501,,5.358497293740612,,3.7093678412592967
PCL_PCL0261,1,fold1,0,,0.0004269005568796006,,6.238015633018952,,4.012456297346635,,3.2809740272101924,,8.002728904079135,,5.115993180060482,,3.731201426987018
PCL_PCL0262,1,fold1,0,,0.00042057288640431206,,6.40562479663648,,4.015473321541901,,3.192688260121752,,7.96234084059955,,5.256132042391995,,3.840669493651413
PCL_PCL0263,1,fold1,0,,0.00043003713428816856,,6.269425369826455,,3.953523954706373,,3.168146035482044,,7.86119503927057,,5.125016489832151,,3.8322787064646886
PCL_PCL0264,1,fold1,0,,0.00043084382327156223,,6.424610613364311,,4.025089794187337,,3.2112402816198578,,7.871441060310752,,5.42897363694028,,3.9061478430809795
PCL_PCL0265,1,fold1,0,,0.00042074391669171506,,5.889307532324696,,4.040255161748706,,3.1883841108964317,,7.500789719046024,,5.385543528111866,,3.9776725164029014
PCL_PCL0266,1,fold1,0,,0.000420815109796812,,5.842309118421705,,3.8309794981585292,,3.030385799884527,,7.807218112193525,,5.316399347367662,,3.8899734167804807
PCL_PCL0267,1,fold1,0,,0.0004219416180099977,,6.169956997329612,,4.221052600351054,,3.47393189757305,,7.614065082649649,,5.219400135157754,,3.83101812759929
PCL_PCL0269,1,fold1,0,,0.0004201484656403201,,6.3892717857023635,,3.9537067244301185,,3.106117805565769,,7.624308351254952,,5.194531266307426,,3.619373536280435
PCL_PCL0326,1,fold1,0,,0.00041886503071654306,,5.980450545260505,,2.8711785477095204,,2.2776610876386996,,7.63055826803123,,3.8519499329671487,,2.8805751206541954
PCL_PCL0327,1,fold1,0,,0.0004219367341429456,,5.947507966599932,,2.6944795587814236,,2.1374862703734943,,8.078778349548328,,3.4170213608295352,,2.5444836473274837
PCL_PCL0340,1,fold1,0,,0.0004073767960931299,,6.128402346607305,,2.827998099030008,,2.337859190510029,,8.314775858033979,,3.5440617433842254,,2.424928967340203
PCL_PCL0342,1,fold1,0,,0.000407258065941829,,6.121695373089355,,2.8675608220371593,,2.394219818279605,,9.358921563249059,,3.792241456080707,,2.7064562067065827
PCL_PCL0343,1,fold1,0,,0.0004116974371902258,,6.3574166875725595,,2.8549312990213775,,2.20771184865202,,8.280507664400512,,3.7001578020046937,,2.533681449527032
PCL_PCL0347,1,fold1,0,,0.00043072753197874285,,6.45140186850249,,3.061805254105761,,2.551968165500531,,7.853658412664151,,3.8512233621220058,,2.7398610613005134
PCL_PCL0348,1,fold1,0,,0.0004295865952319098,,5.478614737287874,,2.7101405116650032,,2.2022623135232546,,7.1949324691765595,,3.3414657559589718,,2.3879303057812926
PCL_PCL0349,1,fold1,0,,0.0004299916225597028,,6.022178751288242,,2.918920051595967,,2.318295140088575,,7.456631753649109,,3.526543714066465,,2.6576864595281875
PCL_PCL0350,1,fold1,0,,0.000415404005309504,,7.4022070431789935,,3.171128236067607,,2.4434801872761245,,9.497474605001257,,4.643091916280293,,3.151279813650395
PCL_PCL0351,1,fold1,0,,0.00042905346313249285,,6.616820334361628,,3.1283676321866816,,2.5094875775482732,,9.294360174774255,,4.45014890868782,,3.179201899437262
PCL_PCL0352,1,fold1,0,,0.00043178411351971896,,5.529557887144185,,2.6616632589766964,,2.192498259078348,,7.041032111424553,,3.502456199773976,,2.5734900102264344
PCL_PCL0353,1,fold1,0,,0.000407640127152142,,6.499856482425522,,2.9021871367067953,,2.29537290573108,,8.011295852405764,,3.9900788874003896,,2.9009023090903296
PCL_PCL0354,1,fold1,0,,0.00043058209542104313,,5.980327931367106,,2.559702494885622,,2.1765311751454055,,7.745845602039967,,3.576009704312329,,2.519298627866861
PCL_PCL0355,1,fold1,0,,0.00042200909501791985,,5.853538811079986,,2.84794884279179,,2.223264398166548,,7.582575379079995,,3.9928846441001116,,2.6973956878577727
PCL_PCL0356,1,fold1,0,,0.00042157411348209793,,5.8199722770040605,,2.8421021503205086,,2.3436378401098064,,7.893640666224998,,4.085796268373738,,2.8942940427624584
PCL_PCL0357,1,fold1,0,,0.00043080151162718135,,5.522620906334615,,2.692310036197246,,2.2096438903880524,,7.557325646859509,,3.370578006498395,,2.451965299113382
PCL_PCL0358,1,fold1,0,,0.0004285006501481333,,5.928086306480453,,2.601593485275572,,2.07670956442518,,8.06390482702709,,3.6852819267343637,,2.5940223125930553
PCL_PCL0359,1,fold1,0,,0.00043341867166118465,,5.514472887172175,,2.567443520413762,,2.06518344680052,,7.545897097005186,,3.9308922165366083,,2.839282733825702
PCL_PCL0360,1,fold1,0,,0.00043200016056483756,,5.4872625004398135,,2.6934066484195682,,2.26014527191792,,7.247928650583304,,3.859361511524951,,2.887461916951079
PCL_PCL0361,1,fold1,0,,0.00041865961386074527,,6.2589999327007115,,3.0976030817799547,,2.504848699495868,,8.256857731433858,,4.237910741018309,,3.005532669870509
PCL_PCL0362,1,fold1,0,,0.00043262541813717144,,6.059585452147895,,2.6619236715350225,,2.165907096958843,,8.199528619598599,,3.8972837898611594,,2.732634274265903
PCL_PCL0363,1,fold1,0,,0.0004315204599215812,,6.618757219011274,,2.814727342512765,,2.205899382400877,,7.834784276995153,,3.677595273440148,,2.612770288612969
PCL_PCL0364,1,fold1,0,,0.0004316900507151007,,6.255154319185438,,2.7651521272421786,,2.2953123400002693,,8.070397096144662,,3.9727266703344135,,2.78225379839535
PCL_PCL0372,1,fold1,0,,0.00041990415833690654,,6.586441458833082,,3.0624996592735405,,2.4522465100912227,,8.09846897914902,,4.275395688756428,,3.087222384528931
PCL_PCL0373,1,fold1,0,,0.00043426057826079396,,5.8234480169347735,,2.647910057325707,,2.1336463893326836,,7.354978869914572,,3.5747637459297747,,2.6570774388656853
PCL_PCL0374,1,fold1,0,,0.0004331134726157145,,5.796579632720635,,2.5850183345485123,,2.0749922999265835,,7.306272529838023,,3.144520028500203,,2.2585364183795487
PCL_PCL0375,1,fold1,0,,0.0004261110026092252,,6.412206420849705,,3.0457653474160176,,2.3738798302099915,,8.700097305962291,,4.269200179422938,,3.0660447796228465
PCL_PCL0376,1,fold1,0,,0.000417400749023307,,6.13119604683933,,3.0781968222503413,,2.4388504641777033,,7.827320095019168,,4.461279582733407,,3.1928943259044242
PCL_PCL0377,1,fold1,0,,0.00042915786376883716,,6.211365683328463,,2.7828692173960303,,2.264987147486239,,7.757040271642367,,3.9717193162650197,,2.8332089429088443
PCL_PCL0386,1,fold1,0,,0.0004347784280252717,,5.682843736262087,,2.548557474284865,,2.0617985306482423,,7.566386308043488,,3.578537168743395,,2.5236487958581755
PCL_PCL0387,1,fold1,0,,0.0004351698163786201,,5.39583101309827,,2.268087080536474,,1.8473894064137668,,7.9500533934431905,,3.2059343206643156,,2.241595699491007
PCL_PCL0388,1,fold1,0,,0.0004223179157505485,,5.541184242747565,,2.504568056568955,,2.0314447203558914,,7.767472198485344,,3.6325425774739357,,2.4518865057708386
PCL_PCL0399,1,fold1,0,,0.0004170206050572861,,6.153525265357401,,3.102697597154736,,2.5278754700725323,,8.539362640258638,,4.330017719398688,,3.115143927663491
PCL_PCL0400,1,fold1,0,,0.00042290540763507793,,5.158867259747541,,2.9545342878473853,,2.281269385647707,,7.6783322125337055,,3.845749925146349,,2.7605867931284176
PCL_PCL0401,1,fold1,0,,0.00041517529601919553,,5.7533329448918336,,2.9374950570200062,,2.3410522170628076,,7.6452256130249605,,3.6824430461707185,,2.6148980009322766
PCL_PCL0402,1,fold1,0,,0.0004268194611980712,,5.127772721807619,,2.7674779187324923,,2.1783481705646035,,7.497713420714307,,3.539071726517655,,2.61977506134603
PCL_PCL0403,1,fold1,0,,0.00041616285940896357,,6.110888843814734,,2.783233153397555,,2.1294198748752406,,7.7996668613287845,,3.6259939730349253,,2.5364095152958375
PCL_PCL0404,1,fold1,0,,0.0004301719405071097,,7.235876829411152,,3.2741663804120775,,2.576540839454919,,8.910787216959736,,4.424526325047966,,3.3091691164374177
PCL_PCL0411,1,fold1,0,,0.00043152455269243085,,6.302996395213862,,3.0110047555970563,,2.335593585982534,,8.174803142936568,,4.305165206547182,,3.0997336180455086
PCL_PCL0412,1,fold1,0,,0.00043036623341695737,,6.215767966114716,,2.8494207846099644,,2.3245981761948684,,8.067449919761325,,3.9944207894722528,,2.8273532351479327
PCL_PCL0413,1,fold1,0,,0.000428651496175346,,6.206269273964996,,2.8970254064985625,,2.4257099035746803,,8.072518837534332,,3.8133438623926956,,2.705303687762116
PCL_PCL0414,1,fold1,0,,0.0004304255827012535,,6.664096108231905,,3.0743860940265537,,2.54098414209375,,8.305136438259515,,3.6470714730954072,,2.5953487412305307
PCL_PCL0415,1,fold1,0,,0.00042971129472985266,,6.309551007908506,,2.72563595053042,,2.2867571601231176,,8.022589281649529,,3.8073182787839155,,2.7853619785306765
PCL_PCL0416,1,fold1,0,,0.0004306293687551324,,6.283046542418592,,2.971824361312117,,2.4003112111416107,,7.925171701190069,,4.1159833790912455,,2.9531762482776553
PCL_PCL0520,1,fold1,0,,0.0004207843460685423,,5.4671665169011705,,2.753809537530918,,2.170099531829222,,7.339472632342497,,3.9603907383773462,,2.9382961212500867
PCL_PCL0521,1,fold1,0,,0.00042084440739681254,,5.457329700331367,,2.946775328578196,,2.340060464588112,,7.6591323396229924,,4.262430206773189,,3.03936263006959
PCL_PCL0522,1,fold1,0,,0.0004222261013553698,,5.422006435738097,,2.8027583810782515,,2.319072092626832,,7.687348574811633,,4.0333510086120805,,2.9129636847401295
PCL_PCL0523,1,fold1,0,,0.00042114629864257666,,5.497053116244219,,2.759462618149249,,2.201975037916551,,8.05400561935189,,3.9866255972545637,,2.7331473736552674
PCL_PCL0524,1,fold1,0,,0.00042030553640245126,,5.5520472099693166,,2.8013699061928783,,2.2308092719627237,,7.613131676639748,,3.8456773571159233,,2.6980793694924676
PCL_PCL0525,1,fold1,0,,0.00042113574043526475,,5.929812527512717,,2.7812108688305224,,2.2640807059119616,,7.665002515318098,,3.9686355859283,,2.788895060832708
PCL_PCL0526,1,fold1,0,,0.00043109359840041994,,5.882651100544685,,2.8664234019901613,,2.252882834296843,,7.841950218126951,,4.411683702436271,,3.182153442879635
PCL_PCL0527,1,fold1,0,,0.0004299118246701202,,5.64455735068374,,2.8136623928980327,,2.2565274357538754,,8.066861802098876,,4.005092257104659,,2.843209954864955
PCL_PCL0564,1,fold1,0,,0.0004320767939071518,,5.942129653309304,,4.40822327595768,,3.3517521746180785,,7.315975527752576,,5.118474520550423,,3.7804374747405856
PCL_PCL0566,1,fold1,0,,0.0004346342978465371,,5.81427480049117,,3.633893636128541,,2.943562117138283,,7.305412048892917,,4.15993701267812,,3.022938226691203
PCL_PCL0571,1,fold1,0,,0.0004337938865866531,,5.784885675992553,,3.836867781782322,,3.004505811983665,,7.779763504943361,,4.821035099170404,,3.4744108284006074
PCL_PCL0574,1,fold1,0,,0.00043246673416749877,,5.763043408643643,,4.4434811576876765,,3.3600488661452794,,7.57678666909997,,5.458754741589821,,3.92784868802947
PCL_PCL0583,1,fold1,0,,0.0004136689812805749,,5.5833157103201785,,2.2919832934685362,,1.885905463930306,,7.590890793124208,,3.026404900240057,,2.0742216814473173
PCL_PCL0593,1,fold1,0,,0.0004105383801988761,,6.282701878162255,,2.4114960308459423,,1.9577539714661334,,8.122428857298756,,2.8393622347016523,,2.0532328862020037
PCL_PCL0623,1,fold1,0,,0.0004176067957931441,,5.666079618743637,,2.64202512051741,,2.220343550473229,,7.5614689066061285,,3.6004189911308284,,2.6336857020934925
PCL_PCL0626,1,fold1,0,,0.00040524991386327487,,5.877573600077013,,2.8873996262281363,,2.390347922980952,,7.595086716070745,,3.9877760255596617,,2.8647597927523334
PCL_PCL0658,1,fold1,0,,0.0004081420705374598,,5.9997615430943325,,2.96953697150732,,2.5071895040732577,,7.2571750871617455,,3.902502463167148,,2.7628451210374174
PCL_PCL0675,1,fold1,0,,0.0004292093529604628,,6.860218528953628,,3.146570578151156,,2.3917233669281623,,8.725144865560582,,4.309079700918974,,3.061235855559445
PCL_PCL0677,1,fold1,0,,0.0004334500139511581,,6.250789451845546,,2.605554365363276,,2.0879001245067306,,7.5387235240757295,,3.173753824629345,,2.273563571128116
PCL_PCL0684,1,fold1,0,,0.000424132992531313,,5.422496092323356,,2.4524772760819324,,1.9648563481123233,,7.68419610790295,,3.057976629095932,,2.1353602621134495
PCL_PCL0765,1,fold1,0,,0.00043072837492137174,,5.68478081793584,,2.3781314197525383,,1.95705372833825,,7.616770149038374,,3.025163351137731,,2.1520852045669936
PCL_PCL0766,1,fold1,0,,0.0004315099883303343,,5.622518092732775,,2.6537875292062085,,2.145952778360822,,7.462674331411459,,3.9721416383712134,,2.842047314020669
PCL_PCL0767,1,fold1,0,,0.00042655805596453385,,5.988017705246408,,2.426542715884659,,1.9564753014783332,,7.578554207981242,,3.1636337630071325,,2.0921167538152323
PCL_PCL0768,1,fold1,0,,0.0004215245043159045,,5.851882017842548,,2.3983184506131447,,2.049752036668921,,8.002288286669028,,3.550499083283115,,2.4274234921720796
PCL_PCL0772,1,fold1,0,,0.00041958549560536067,,5.566662189772781,,2.461668072928737,,1.9938124839327838,,7.745166513474281,,3.4940993645099074,,2.4687187135582667
PCL_PCL0773,1,fold1,0,,0.00042195210865145216,,5.815900888365662,,2.715787684978848,,2.195981929191849,,7.54474376397402,,3.5296740152418455,,2.431390941833766
PCL_PCL0778,1,fold1,0,,0.00041698609899111505,,6.27286171439736,,2.549034778302845,,2.1083073651011803,,8.192600086333062,,3.592855748879889,,2.4773662617249723
PCL_PCL0781,1,fold1,0,,0.0004277541718577752,,5.897083121941127,,2.654187269517735,,2.223868356772478,,8.07246425198244,,3.72815213725685,,2.656211571317634
PCL_PCL0975,1,fold1,0,0.00042934163931903767,0.00043400648674189746,,6.05531429955905,,4.485199897714195,,3.4663412379760397,,7.398239077989326,,5.4569770133259965,,4.225130365136439
PCL_PCL0976,1,fold1,0,0.0004272470495622632,0.00043385377649449684,,5.957667500827291,,4.254822568519862,,3.3965510265039036,,7.48452151671449,,4.999504684418236,,3.8727449047723557
PCL_PCL0977,1,fold1,0,0.0004294226801710972,0.0004339716519371952,,5.793187542298717,,3.5250668182666542,,2.90290291792291,,7.642817721435032,,4.169782502687583,,3.2579979375160977
PCL_PCL0978,1,fold1,0,0.00043039136725048867,0.00043328938008686466,,6.045046509833323,,4.269296103564586,,3.3389268471720994,,7.454277397780249,,5.118914955098691,,3.896894444107339
PCL_PCL0979,1,fold1,0,0.00043044455212534684,0.00043433692411785907,,5.8411902966192395,,4.075124187119091,,3.1899312340792125,,7.38032489050619,,4.6388230446102945,,3.4820139824824414
PCL_PCL0980,1,fold1,0,0.00043173928987703405,0.0004327795166584776,,5.784271351400011,,3.9126791852926237,,3.1867791510246937,,7.44932233753801,,4.580580090516962,,3.3282193207802124
PCL_PCL0981,1,fold1,0,0.00042635837561297616,0.0004324862630947397,,5.69268545352264,,4.365379512087582,,3.3053741709840403,,7.252765749394056,,5.134792923778695,,3.9462433252213676
PCL_PCL0982,1,fold1,0,0.0004336882375325489,0.00043213444004004155,,6.273878502613419,,4.5514674986909025,,3.7429261556890907,,8.397998658434439,,5.957686406193623,,4.458375225018477
PCL_PCL0983,1,fold1,0,0.00043101018554263877,0.0004320136965855429,,6.470364297685047,,4.5085381234075745,,3.5466732476331417,,7.630185676427848,,5.5535672646450305,,4.116677283837799
PCL_PCL0984,1,fold1,0,0.00043024758954209876,0.0004333710540910321,,5.6326557375995305,,3.7246044915799543,,2.9565224522066202,,6.885806685617122,,4.310665052823271,,3.1213781845026647
PCL_PCL0985,1,fold1,0,0.0004280392508875501,0.00043188906361808603,,6.2086544009704365,,4.364087902776703,,3.494006177332498,,7.178404395327729,,5.2493644133026285,,4.0390310247734265
PCL_PCL0986,1,fold1,0,0.0004309391626705828,0.00043242851631495986,,6.010750681973209,,4.281514336670203,,3.3879539631109368,,7.396465567639395,,5.242116297985851,,4.042388847491436
PCL_PCL0987,1,fold1,0,0.00043296894155796906,0.00043097304125311146,,5.841989297874004,,4.217977094828613,,3.3081264326974167,,7.142306975452924,,4.9368002736447965,,3.715269359821464
PCL_PCL0988,1,fold1,0,0.00042942268017109734,0.00043164738165395004,,5.6965170874463436,,4.260419726896076,,3.515121488626694,,6.9868959916619975,,5.205998386407622,,3.972770620478351
PCL_PCL0989,1,fold1,0,0.00043127561603082266,0.0004325412037416605,,6.378605280891336,,4.443814345732123,,3.531758502073212,,8.228033224144665,,5.61429275971129,,4.111487946288136
PCL_PCL0990,1,fold1,0,0.00043280456114315843,0.0004333770668260607,,6.297578365909386,,4.376812820249694,,3.3591324184240197,,7.462332161022219,,5.325488695802139,,4.006430375648038
PCL_PCL0991,1,fold1,0,0.0004340265041335061,0.00043303102639347113,,6.152012763991462,,4.366033664448352,,3.5032492882298985,,7.413487446639405,,5.3387426838974825,,3.9528751882840183
PCL_PCL0992,1,fold1,0,0.00042887553263769383,0.000432552757067238,,5.546148802571646,,3.935927453966714,,3.0906708764242765,,6.897805357277721,,4.5863511080020265,,3.2770232997340405
PCL_PCL0993,1,fold1,0,0.00042969923478463804,0.0004334550008929395,,5.958605957690139,,4.116709263932422,,3.221079020535349,,7.294542906712869,,4.9935000297075645,,3.8563340576261647
PCL_PCL0994,1,fold1,0,0.0004311501517039492,0.0004329796138803476,,6.6555576852318055,,4.539619650506011,,3.668737478615856,,8.866716868171999,,5.619644383725912,,4.255035470364998
PCL_PCL0995,1,fold1,0,0.0004309832686754964,0.0004333822095400966,,5.752953238659338,,3.949182715002577,,3.093255365013739,,7.14714041042353,,4.450768707452908,,3.287595501774275
PCL_PCL0996,1,fold1,0,0.0004361698235583487,0.0004338820464553812,,5.8001570138151095,,3.862572455736768,,3.0032734095751414,6.864917693921377,7.260175980400427,2.0849750171322343,4.172705200596772,1.4840620700198746,3.274315599743754
PCL_PCL0997,1,fold1,0,0.0004338958288795196,0.0004327774766452342,,5.325667330626615,,3.979500964964923,,3.1017231632996265,,6.885303359432786,,4.437258996978832,,3.2373402635199997
PCL_PCL0998,1,fold1,0,0.00043067550277369105,0.00043004693646049585,,5.424645884104551,,3.9484102234314697,,2.927697316606842,,7.402170208132373,,4.994165155552138,,3.6586849564087385
PCL_PCL0999,1,fold1,0,0.00042969452797110043,0.00043009085022961864,,5.792105021944166,,4.026660595269882,,2.983923752925116,,7.718884461544983,,5.271161101017542,,3.9241326664456224
PCL_PCL1000,1,fold1,0,0.000431629329657232,0.00043026791657279836,,5.662548395610488,,3.963889216750447,,3.0225768130669106,,7.38981110775979,,5.286439340058115,,4.038030372755405
PCL_PCL1001,1,fold1,0,0.00042897674562516623,0.0004250956590099216,,6.504721925832925,,4.172323967587347,,3.3892355299898544,,7.903076018145883,,5.3673544538073825,,3.9585991674453713
PCL_PCL1010,1,fold1,0,0.0004324270005214335,0.000431689120967374,,5.785783782090023,,4.449133996101885,,3.6416030735086924,,7.428734372170754,,5.710608705321224,,4.274918119111754
PCL_PCL1025,1,fold1,0,0.0004354345518513728,0.00042877430633772064,7.257888485905232,7.250261884960375,3.9137112614691474,4.585746775114756,2.8363585318749203,3.6665286939966504,7.83977175580413,8.786562760673464,4.532752593478417,5.883386983121133,3.4428274428274435,4.368254010929388
PCL_PCL1077,1,fold1,0,0.00042901183065902553,0.00043174022062287057,,6.333170355189953,,4.076138779828956,,3.2259311796077137,,7.5029483835235595,,4.806507173534395,,3.5544298427988754
PCL_PCL1081,1,fold1,0,0.00042930870882475485,0.0004334101239527391,6.451548391025634,6.486262392824624,4.690377248604822,4.117000656431573,3.343041442396014,3.342136896361285,7.053739202385261,7.580468465595388,5.470422594968935,4.763043923229388,4.180645161290323,3.5923308809461965
PCL_PCL1156,1,fold1,0,0.00043590890334098685,0.0004360838291906071,5.050493872066745,5.161968842468395,2.579499059342369,2.175690138706105,2.2403917266378306,1.8530577206790515,14.138091044620532,7.482920339095395,5.164274564728065,3.2165063478650544,3.860776763966865,2.2793823938439672
PCL_PCL1158,1,fold1,0,0.0004372164314509911,0.00043525411047681296,3.0515256222259217,5.832535668416428,1.6376270289346209,2.632391464342094,1.34637535919863,2.0483934927579295,6.4276887832556735,8.09016642322947,2.84145403955781,3.265439355142253,2.1103346213927487,2.266920222566188
PCL_PCL1162,1,fold1,0,0.0004341712865576352,0.00043529230012187385,4.208030222407036,5.38913798639721,1.62545168591419,2.2933845227079437,1.254547497280648,1.7863308347131797,8.858835975811404,9.274026617616512,3.0065782121095195,3.2292870622565837,1.8371562126318077,2.210594815629544
PCL_PCL1163,1,fold1,0,0.00043306609440243055,0.00043637813751938766,5.4660786629614275,5.25158234626367,2.0317443471602865,2.0172953415101347,1.4466461592671136,1.6738202595236062,13.171611512175769,7.726098292826534,8.405887034484882,2.6697446453264195,6.715676534869859,1.9217919199985574
PCL_PCL1164,1,fold1,0,0.00043605947627270295,0.00043533855744531946,5.692316360738452,5.428227859786584,1.8888229972604997,2.608337260503641,1.4218872549438446,2.052081236926267,14.920793349542542,8.645513298518745,5.5255027957303815,3.3551142496952835,4.095024841143338,2.2598366431246655
PCL_PCL1165,1,fold1,0,0.00043247318184332713,0.0004352619044720833,7.46041292695106,5.501565142895285,4.297922552422791,2.4634721090290257,3.056427143259089,1.949159731924144,11.2559994944728,8.527116644632542,6.175674243079864,3.3508640892113246,4.479217501492318,2.2082713700549266
PCL_PCL1169,1,fold1,0,0.0004343851509445872,0.0004361816852882002,5.733850494427019,4.690219772682387,4.069022231506887,2.2177974957523006,3.544147791480412,1.8150334936424963,6.0,8.697543351865356,4.217910913834379,3.0938171404321615,3.674133333333333,2.0995323984171086
PCL_PCL1191,1,fold1,0,0.0004352494849428072,0.0004357823945326453,4.347473043879101,5.10025556582177,2.8311110530477936,2.443133501074331,2.2528344962228233,2.077784393942252,9.844127398484705,7.994501334969853,7.445979569684006,4.05993824378676,6.2075358338340045,2.83587915091247
PCL_PCL1198,1,fold1,0,0.0004382795198068726,0.00043490127776841733,3.9990570280076407,5.509518669078264,1.3171234880554614,1.9776410195602268,1.1351748188447601,1.6706246927596757,9.431622574465687,8.890509639203913,2.0992389042972017,2.9741412789502806,1.461307473295273,2.076852795972678
PCL_PCL1199,1,fold1,0,0.0004331905317540079,0.00043606098819879216,4.601440951138198,5.622643842829116,2.8963504576620136,2.1060460467761644,2.2838177309152106,1.7556199430343904,12.267588194151346,8.115790304869003,8.716805656827262,2.9193184741010425,6.650794918910282,2.008348603085268
PCL_PCL1200,1,fold1,0,0.00043417737031292453,0.0004363019965792983,3.7193823850892427,4.999814749562705,2.1212334281740817,2.0787339960055204,1.6200839153933866,1.6786634455924627,10.256879430520065,7.176412950060065,5.742708643730306,2.6895439253186275,4.695574182951153,1.9713497764568642
PCL_PCL1201,1,fold1,0,0.00043743834123942193,0.00043416683464112156,4.8182078974864195,5.184768614044821,1.9350028538497197,2.052936571935879,1.436589530414505,1.6962321738744501,13.0,7.625068257834301,6.361275502106416,2.7065195469780847,4.9384592064875505,1.8971338654541101
PCL_PCL1208,1,fold1,0,0.0004354316315046626,0.0004369174561803784,4.113509177780414,4.903771489368142,2.4033502148459887,2.1141853091826595,1.9269641188821949,1.6974794159666047,11.260124843898351,7.580298951206357,4.519159426343222,2.736055703508376,3.1520002151722077,1.9536253993735282
PCL_PCL1209,1,fold1,0,0.00043484729892207154,0.0004330051211908371,4.43326919890154,5.495777583941329,1.617515295269049,2.25261946944068,1.2949855530622991,1.8135806550950115,12.288413586800191,7.892517947045456,3.5997912519392066,3.2978903691387202,2.3338469391097374,2.129358250433654
PCL_PCL1214,1,fold1,0,0.00043644979563080174,0.00043143116750894543,4.165711436271589,5.510790261723804,1.4688508906048106,2.4885715527577688,1.2509921205459305,1.9970875735771578,10.244799205848516,7.917058304754237,2.9440485523651767,3.810445548748165,2.1169540870081023,2.4556429352486373
PCL_PCL1215,1,fold1,0,0.00043361316028535276,0.0004356700188807728,5.976897733852682,5.774312436715516,2.0137508590647837,2.295294384072458,1.447167353993839,1.8028647958804473,14.908621847375343,9.209870926375448,7.114781878991073,3.1784212420867006,5.360671838250769,2.1362195262421553
LT_10,2,fold2,0,,0.00042679962087147777,,6.658293119554686,,2.7370267915760444,,2.272939076484907,,7.842125933733616,,4.134614507385365,,3.225939094197579
LT_1008,2,fold2,0,,0.0004207977447975627,,6.70966685274324,,4.186103609625336,,3.35268505548409,,8.718765191152517,,5.02846439050824,,4.184263372824285
LT_101,2,fold2,0,,0.00042139199507851624,,6.162989048137981,,2.721829301005921,,2.223922806900134,,8.008815515436071,,4.3214840852465946,,3.2580485757774897
LT_1010,2,fold2,0,,0.0004251415383885078,,6.2080042071625074,,2.499187105868567,,2.0992633782724512,,7.948602805466767,,3.082862869962087,,2.4938479572578114
LT_1012,2,fold2,0,,0.0004248601321087519,,6.572832096241019,,2.635724672724442,,2.234304064841396,,8.257678396101431,,3.457415615926812,,2.751225491621943
LT_1013,2,fold2,0,,0.00042489428516952893,,6.16867088613487,,2.2991911432420187,,1.9964927496125486,,7.594349119566601,,3.0586921380036793,,2.394532171957792
LT_1014,2,fold2,0,,0.00042500503425269183,,6.496457712492213,,2.696612519793173,,2.307087149836345,,8.063030775358516,,4.182306621212452,,3.366334682748722
LT_1015,2,fold2,0,,0.0004248321456728453,,6.405068056964772,,2.5633236949288336,,2.1377469588627633,,8.198066724155279,,3.2839050496688342,,2.6817709658035485
LT_1017,2,fold2,0,,0.0004202544077281812,,6.749534186193718,,4.270589310400033,,3.4667558377496555,,8.212084868450347,,5.1760241300531185,,4.332120052447536
LT_1019,2,fold2,0,,0.0004251445952913723,,6.483354035993674,,2.613439128111241,,2.1526604386923665,,7.938011161846637,,3.6356577198056863,,2.8727640906998535
LT_102,2,fold2,0,,0.00042018787265488827,,6.630913201591946,,2.6220184676051104,,2.219578553963948,,8.816326432009337,,4.086406532910125,,3.145438098544334
LT_1028,2,fold2,0,,0.00042442117588075215,,6.100175396452894,,2.4408470323366065,,2.057356475880634,,7.698971879753326,,2.9095860345996156,,2.318797297798623
LT_1032,2,fold2,0,,0.0004206993213095884,,6.4442625895601156,,2.7458506535737843,,2.315041802342254,,8.001745647136358,,4.203903827596855,,3.3104585608887147
LT_1033,2,fold2,0,,0.0004206294525230265,,6.3869782446439585,,2.800012346024842,,2.353337841900533,,8.454454458579484,,4.89341104757002,,3.767811323277938
LT_1040,2,fold2,0,,0.00041964374402641766,,6.486630044792298,,2.6870660274359333,,2.253591553844985,,8.347687289119019,,4.155274835884107,,3.382407495492971
LT_107,2,fold2,0,,0.00042094616168637973,,6.7174677008274015,,4.179279559265979,,3.3739237088021627,,7.559102137927254,,4.649470527706504,,3.9235476485416925
LT_1071,2,fold2,0,,0.0004209653189349606,,6.228788320630479,,2.6179441737360856,,2.1496304080357214,,7.847433732432668,,3.62415337791115,,3.08524903417107
LT_1072,2,fold2,0,,0.0004195658671971858,,6.2368122521450235,,2.4435141938294858,,2.036315879377682,,7.7266962405283826,,2.9973894326315835,,2.45045606170094
LT_1078,2,fold2,0,,0.0004209979663146804,,6.649468699591415,,2.7234374596573736,,2.280560277738075,,8.764933387158818,,3.678453118637922,,2.9002594213696518
LT_1082,2,fold2,0,,0.0004204760631561482,,6.897435268551976,,4.225393048796483,,3.337689573460196,,9.308053559597662,,4.803139365437097,,4.045107141098623
LT_1085,2,fold2,0,,0.0004208060334860951,,6.865958598732557,,2.949795065225326,,2.483837934292134,,9.037395327198237,,4.522164657486185,,3.4907495311052212
LT_1095,2,fold2,0,,0.0004194683101915002,,6.770191244221771,,4.05394519411006,,3.2757180181891465,,8.181045740640199,,4.483534332409285,,3.8658613150908927
LT_1098,2,fold2,0,,0.0004207392974611389,,6.776446639854342,,2.8871131145594884,,2.349854556685365,,9.260456119741413,,4.594590041364115,,3.4432834850373872
LT_11,2,fold2,0,,0.00042093278996349626,,6.630230969054627,,3.0127490781675,,2.5382760114925644,,8.22619122825552,,5.037539998674237,,3.9754840027417715
LT_1100,2,fold2,0,,0.0004193305902357256,,6.578972632897207,,2.5922838702483793,,2.1809958883916094,,8.035652471236999,,4.0944721507360535,,3.301112134498844
LT_1105,2,fold2,0,,0.0004183213584785534,,6.779122743238614,,2.739400576456959,,2.2854237823616743,,8.559386228151373,,4.164924525655025,,3.2563379993458326
LT_1107,2,fold2,0,,0.00042061940387675377,,6.169131721172456,,2.4670454188178206,,2.0621014360816865,,7.985860242920641,,3.7005012815541583,,3.009094091053901
LT_1110,2,fold2,0,,0.000420648300158942,,6.724047189351648,,4.053467982963508,,3.27171679369634,,8.217171861727667,,4.924899332210726,,4.202309843421988
LT_1111,2,fold2,0,,0.0004255861874422357,,6.434854969787385,,2.7228731436530937,,2.2456479293010148,,7.504226070246658,,3.875153182220316,,3.0757278317888708
LT_1115,2,fold2,0,,0.00042013805784794564,,6.852073872898819,,4.386620828889605,,3.4678936537765406,,8.622978716669882,,5.495183207208706,,4.4394165457424295
LT_1125,2,fold2,0,,0.000421658450452422,,6.55005009566276,,2.6929458561574533,,2.315530637402693,,8.36064405094981,,3.406512779074966,,2.693099281510784
LT_1128,2,fold2,0,,0.00042148350458941046,,6.5450237259439366,,2.597669092532637,,2.2260863971631024,,8.347800642015388,,3.187573180416384,,2.6292496631000213
LT_113,2,fold2,0,,0.00041976767824628697,,6.579866649706937,,4.293001548301695,,3.525633556961521,,8.253682359552956,,5.261683080681938,,4.366089356602186
LT_1130,2,fold2,0,,0.00041941496168076964,,6.939641030857746,,3.1862531992850767,,2.6215610693323357,,8.875699182534522,,5.135319715961219,,3.863983023621506
LT_114,2,fold2,0,,0.0004210020608722883,,6.224503434973788,,2.328683186836409,,1.9667074610557451,,7.849577687003005,,3.2538795118400206,,2.664728611954099
LT_116,2,fold2,0,,0.0004209918014534547,,6.567408959109043,,2.988301283557196,,2.523702421069523,,7.95646979147478,,4.798800623411939,,3.8099291697128046
LT_1160,2,fold2,0,,0.0004212425631984207,,6.3169684231567995,,2.5551879203796664,,2.1656005503754705,,7.940336493012941,,3.150653256384882,,2.6046037397408885
LT_1167,2,fold2,0,,0.00041972028012860624,,6.564505763707973,,2.6518257651662993,,2.1936546654082454,,8.790198548747005,,4.053111413037673,,3.2801874457784055
LT_1189,2,fold2,0,,0.0004198247128435334,,6.963760263606857,,4.166533132796838,,3.321983192944386,,8.505581914614456,,4.627318285355171,,3.929105798674597
LT_1205,2,fold2,0,,0.0004202543737260641,,6.646046015171878,,2.6680794047767655,,2.2314498081476657,,8.328460240884896,,3.8359840818234487,,3.0694471957891776
LT_1206,2,fold2,0,,0.0004244391463797889,,6.679034677507459,,2.772512641390886,,2.329885175662274,,8.425835361517596,,4.065073780320624,,3.29515879343711
LT_121,2,fold2,0,,0.00041965012188558207,,6.795712863742255,,3.8145571558573685,,3.1352947563061906,,8.348173456300405,,4.518241582000396,,3.7561264825610667
LT_1213,2,fold2,0,,0.00042387614223780845,,6.467683256152223,,2.6803844713413283,,2.230709099577842,,8.251193552585548,,3.9160579647227136,,3.125754247306392
LT_1218,2,fold2,0,,0.0004204889823404886,,8.005717366517947,,4.584004366831622,,3.6592588993739845,,9.493623627181911,,5.960187921092339,,4.714903944989182
LT_123,2,fold2,0,,0.00042468840628658716,,6.403606152076634,,3.73835563106194,,3.145910441101467,,7.708342000592092,,3.7591350582526664,,2.950306496701773
LT_1236,2,fold2,0,,0.00042353234653864404,,6.582122688059745,,2.9872050626358133,,2.5228260596444905,,7.691532416295377,,4.556787928955376,,3.561146887565271
LT_1239,2,fold2,0,,0.0004217070081911304,,7.0406379870187745,,3.1931239090076833,,2.643802985116276,,8.877072750086432,,4.9453224117510235,,3.757359307286925
LT_124,2,fold2,0,,0.00042187161842999893,,6.597112780697299,,2.9400712578008945,,2.4351578214549843,,7.919504258477299,,4.347958146628767,,3.4429135645653877
LT_1244,2,fold2,0,,0.00042349874001195754,,6.399220824865332,,2.8786754801384715,,2.415393779350279,,7.875660972220141,,4.478175960603832,,3.5688460305574545
LT_1245,2,fold2,0,,0.00042064450006034683,,6.4367196118803545,,2.6086794537606375,,2.202954305898725,,7.995657322846734,,3.9631778217812235,,3.2619120281905807
LT_1248,2,fold2,0,,0.00042472864651465006,,5.7765881410699125,,2.925959428472434,,2.454811240178361,,7.762088896701937,,4.767426514465176,,3.774576306074722
LT_1254,2,fold2,0,,0.0004201813076110117,,6.675228331995286,,2.742903761973644,,2.308613849136639,,8.577076346344615,,4.117302149526228,,3.232234329953193
LT_1256,2,fold2,0,,0.0004203433809501899,,6.462561619783119,,2.68400138192074,,2.2506633654065444,,8.15613718353833,,3.7314369322112,,3.0775836110781127
LT_1259,2,fold2,0,,0.00042106813618488816,,6.561331597262196,,2.495883508390171,,2.06313629965942,,7.990796141101383,,3.210827400648729,,2.783031667309069
LT_1263,2,fold2,0,,0.0004219723859589415,,6.0475479598988775,,2.7363532226720038,,2.2509478479616147,,7.289798228512087,,3.727031437617907,,2.963099140078662
LT_127,2,fold2,0,,0.00041980269191593464,,6.914389709947598,,4.094630630692982,,3.328981534822839,,8.117563822406883,,4.802204951015882,,3.8290088760153025
LT_1275,2,fold2,0,,0.0004198391379281706,,6.677316034226717,,2.6733449078203977,,2.262571997162249,,8.902153278035662,,4.068369574703746,,3.3565854046319927
LT_1279,2,fold2,0,,0.000420751728955086,,6.402712259769592,,2.5477892357327385,,2.109353134707016,,7.495018271459399,,3.4627491457738104,,2.835353017840013
LT_1286,2,fold2,0,,0.0004196191099946969,,6.859542896649461,,2.815697307831556,,2.369785005743273,,9.295996363854384,,4.303505245490163,,3.429198923070318
LT_1295,2,fold2,0,,0.0004210528349784231,,6.6811054968915125,,2.764710215882397,,2.3180793699624607,,8.165839559462531,,4.39326588014928,,3.4964302335997837
LT_1297,2,fold2,0,,0.00042037625582984524,,6.558616302854356,,2.6408551950416586,,2.229878535703469,,8.171849574556603,,4.06626064986289,,3.2561891994132153
LT_1306,2,fold2,0,,0.00041910985365025896,,7.02806553580485,,2.7802092327681103,,2.266772547910504,,9.619670170899383,,4.589221833788281,,3.4539894274113543
LT_1313,2,fold2,0,,0.0004189344124678439,,6.806702684971812,,2.9088108809116946,,2.4260354174192034,,9.25581820189984,,4.981070496155589,,3.710116251471829
LT_1316,2,fold2,0,,0.00042106661601451836,,6.523178700803051,,2.8263094859314877,,2.3946606441013323,,7.762396427199904,,4.464060763253664,,3.597230268944577
LT_1317,2,fold2,0,,0.00042040740740882307,,6.378034493111194,,2.631961634396034,,2.2161949646816876,,7.916068993300362,,3.551827113745806,,3.020051308211723
LT_1318,2,fold2,0,,0.00042555597631679237,,6.372236473807981,,2.6664091480097465,,2.2439147225216085,,7.703248863780428,,3.884551920294318,,3.1228910508115373
LT_1323,2,fold2,0,,0.00041914684339118026,,6.786359399132337,,2.75753711386706,,2.3088111258206556,,8.66133834314813,,4.156494200201408,,3.333664393299698
LT_1326,2,fold2,0,,0.0004219425669374187,,6.4384635623510835,,2.968841685075896,,2.5113439161018585,,7.710865695237976,,4.746034174026263,,3.8429318350387964
LT_133,2,fold2,0,,0.00042220788212798434,,6.376264400761034,,2.5741020180793197,,2.198273746858717,,7.699466778396382,,3.1926304979845277,,2.634535963618548
LT_1331,2,fold2,0,,0.000418943062024401,,6.877590354372594,,4.026734137475209,,3.1546215316059376,,8.439883177137578,,4.701525055196662,,3.7317445881115816
LT_1333,2,fold2,0,,0.00042041606167334683,,6.79377969523848,,2.707808072244834,,2.2404702047854084,,8.17262205710589,,3.9825604906242416,,3.2542289055110576
LT_1337,2,fold2,0,,0.00041998266904584927,,6.675748398862124,,2.725813123189821,,2.300119303138211,,8.335872594111581,,3.838689963083187,,3.2068181157243343
LT_137,2,fold2,0,,0.0004218162773609209,,6.997206468176919,,4.066498944265142,,3.3037964700185345,,8.179571200842226,,4.330859015578918,,3.626493033618385
LT_1381,2,fold2,0,,0.00042050588761063934,,6.410862389910766,,2.5844960247405386,,2.1932515161905832,,7.974114054594668,,3.373948251079208,,2.728904000093326
LT_1382,2,fold2,0,,0.0004209453962466612,,6.826182833701693,,2.8294749059334623,,2.382011138550079,,8.813998922399833,,3.5722291356151414,,2.920221866271155
LT_1385,2,fold2,0,,0.00041988753723699347,,6.488412129211893,,2.9243464923892546,,2.44721083793089,,7.976577145036737,,4.426185830771255,,3.406256175326325
LT_1386,2,fold2,0,,0.0004194444879562706,,6.792887417024317,,2.783949540235863,,2.3283722362122927,,8.439302211320353,,3.967397395617167,,3.0945383606888703
LT_14,2,fold2,0,,0.00041972962364513616,,6.791568753328079,,2.644893383994978,,2.276764195849818,,9.25831298896369,,3.7868280385682143,,3.0422499847382807
LT_1403,2,fold2,0,,0.0004192758824128392,,6.813262572748764,,2.730399444300444,,2.289997927134997,,9.010040770868724,,4.282851114001998,,3.358264994139702
LT_1405,2,fold2,0,,0.0004195981477325469,,6.762650253566509,,2.8139121517275747,,2.368101397395591,,8.542291404666313,,4.179723680332,,3.384186126166107
LT_1409,2,fold2,0,,0.0004202169463753472,,6.352396693120686,,2.6723219904567554,,2.2753342563243457,,7.934769068468419,,3.479012318570012,,2.9815614479460293
LT_1412,2,fold2,0,,0.0004205419497555034,,6.484959605212288,,2.502686351749446,,2.057315087402535,,7.7641380352867255,,3.533600167534115,,2.930721832679535
LT_1414,2,fold2,0,,0.00041985604694962965,,7.024657253170139,,4.177422568773413,,3.306685540138221,,8.675921707071694,,5.087232248453548,,4.199712482642229
LT_1415,2,fold2,0,,0.00041997583219394174,,6.367050377277425,,2.454296183317586,,2.0741560089439783,,7.8956825217307385,,3.369100140970117,,2.9149441011344077
LT_1418,2,fold2,0,,0.0004199080151420873,,6.601075641516262,,2.9639354446295645,,2.5089720490904033,,8.056004186306096,,4.822507589059369,,3.7351759386504284
LT_1423,2,fold2,0,,0.0004195270249201591,,6.4328487525321165,,2.7084188006620384,,2.1967256026875277,,8.179062933839372,,4.165054395340469,,3.2986304411065115
LT_1428,2,fold2,0,,0.00042199790872795087,,6.58696745251821,,2.541609721257203,,2.114883261448464,,8.18805593190225,,3.926307311765966,,3.1756376111407896
LT_1429,2,fold2,0,,0.0004205136411613835,,7.202182051257525,,4.592108332554868,,3.6023249172804306,,8.50467441898359,,5.853500275481874,,4.644630413519
LT_1430,2,fold2,0,,0.0004190298923261969,,6.629994779527098,,2.7988020208190534,,2.3251139806590624,,7.980053430271326,,3.8313237226505517,,3.2499759134150676
LT_1435,2,fold2,0,,0.0004189404665377282,,6.448206264038264,,2.557234035066821,,2.193477965373725,,7.985304978269169,,3.8242822331910777,,3.071031384016576
LT_1437,2,fold2,0,,0.00042188395149315473,,6.35446679579321,,2.5568962264274737,,2.166828247231072,,7.966449224531615,,2.856757611435463,,2.3478367885086864
LT_1440,2,fold2,0,,0.0004196924403033521,,6.952375396660761,,2.8098208131731988,,2.335535677669806,,9.08633138764985,,4.297816763191815,,3.2980072391853374
LT_1444,2,fold2,0,,0.00041897107623014955,,6.945935945072177,,4.408557808157804,,3.5267210489430085,,8.461141019652855,,5.473552244896522,,4.40055212285045
LT_1445,2,fold2,0,,0.0004201876915738284,,7.0353035762095875,,4.075837872290821,,3.240747418686576,,8.920947113999901,,4.22355759068381,,3.387046019075195
LT_1447,2,fold2,0,,0.00041895031928336143,,6.479916406361599,,2.633317337833791,,2.233858863695826,,8.900251528126226,,3.635486759333574,,2.9234592432768993
LT_1450,2,fold2,0,,0.00041855677946183237,,6.768660986991259,,2.967432267093944,,2.404709369807555,,8.817937321905706,,4.811165545826114,,3.7237652385220525
LT_1452,2,fold2,0,,0.0004200462493834413,,6.616119760488909,,2.6018998241074907,,2.130030470183636,,8.26815077457669,,2.9714842588363037,,2.3870183047904114
LT_1453,2,fold2,0,,0.0004213108348713329,,6.816380973111288,,2.875719366057203,,2.439590593357029,,9.073877078571408,,4.5592900169311,,3.517380282738618
LT_1455,2,fold2,0,,0.0004196167608478008,,6.708828310155573,,4.168421560525958,,3.250970802886327,,8.237433105711805,,4.788761808567964,,3.717475426233776
LT_1456,2,fold2,0,,0.00041897083557812347,,7.062978818799221,,3.0102706803991235,,2.53540198329379,,9.51893535426189,,5.0472849832063975,,3.878774583232069
LT_1457,2,fold2,0,,0.0004211385023231203,,6.680606631036267,,2.8843727334579787,,2.4233291604674725,,8.78077629229198,,4.420511405238316,,3.45911534458343
LT_1458,2,fold2,0,,0.00042102848467009436,,7.461207152888625,,3.279787243882996,,2.7022863128240964,,9.418264781510082,,5.283354593347521,,4.003858424847157
LT_1459,2,fold2,0,,0.0004206015017613491,,6.509536058206763,,2.751333966223616,,2.3236995077280955,,7.91523292084467,,4.054605083982531,,3.1896978002626217
LT_1460,2,fold2,0,,0.00042039003377716475,,6.227649481767493,,2.465325370038078,,2.134132001649068,,8.077923877830106,,2.9773073929358658,,2.457783421068281
LT_1461,2,fold2,0,,0.00042099172771266867,,6.742702975802305,,3.1934735461103596,,2.66531030461125,,8.442010781565987,,5.101389018028897,,3.9273099420335305
LT_1462,2,fold2,0,,0.0004218459905348214,,6.6576888116009085,,2.744171508702692,,2.342892371585906,,8.89742315790957,,3.5956679603782624,,2.8371158841309314
LT_1465,2,fold2,0,,0.00042100213487086986,,7.860035672454455,,3.2380280699224486,,2.656681745339412,,9.490709749126918,,5.488801599050915,,4.097548749804174
LT_1466,2,fold2,0,,0.00042023147011017135,,7.0427894734859375,,4.095893588988465,,3.1969042019242817,,8.778048588552613,,4.248838751792964,,3.31540056609378
LT_1477,2,fold2,0,,0.00042093838239196275,,6.640073652493913,,2.6923876470464876,,2.231491555593034,,8.973735419976633,,3.608040935854459,,3.013056460417488
LT_148,2,fold2,0,,0.0004238818605799277,,6.2890913119234915,,4.124041555292236,,3.327520133149813,,7.372428056497485,,4.987018648015804,,3.978527682685702
LT_1481,2,fold2,0,,0.0004186355077823965,,6.591391554689264,,2.7181339397693387,,2.281846430096596,,8.472999475872697,,4.066562800306804,,3.284415402584675
LT_1482,2,fold2,0,,0.00042117967999568545,,6.870808236178934,,4.079206831178949,,3.3017980438697605,,8.895035786864565,,4.710728998021993,,3.962929206776671
LT_1483,2,fold2,0,,0.0004205232740086603,,6.941812962696863,,3.9537271980037163,,3.1617970992412077,,9.081331397835424,,4.207596299787276,,3.4793793683172196
LT_1485,2,fold2,0,,0.00042158036619806966,,6.49443618851811,,2.8981551082065886,,2.428984053158474,,7.938442822283975,,4.473404835384645,,3.496267243746349
LT_1487,2,fold2,0,,0.0004207519899551027,,6.5409619040502385,,2.661010708942985,,2.207651323004995,,8.778941570399013,,3.8925313815305254,,3.165147142640927
LT_1489,2,fold2,0,,0.00042129615510365023,,6.564024671860916,,2.7815004943839825,,2.3448710323150923,,8.576509909446541,,3.6084665195339696,,2.8374936552188066
LT_1491,2,fold2,0,,0.0004196497118021669,,6.255049949330962,,2.316230749247806,,1.951216062626998,,8.113950158439007,,3.6474766238408813,,2.9943760993750255
LT_1494,2,fold2,0,,0.00042019732510432603,,6.437291347793583,,2.6373299878942142,,2.1903776813864266,,7.7955687302323735,,3.7020917922469523,,2.99244587608824
LT_1506,2,fold2,0,,0.0004196873098417757,,6.850394929141612,,3.9905707628243205,,3.1070993044056117,,8.724083141986458,,4.279611003319267,,3.5654461485831725
LT_1513,2,fold2,0,,0.0004197020397601701,,6.61148975197153,,2.6239722721333436,,2.2275842782953257,,8.330023900943967,,3.454058884681514,,2.905677133503244
LT_1526,2,fold2,0,,0.00041847705722353884,,6.692692803115633,,2.662701932714947,,2.2623053754125904,,8.70277541077795,,4.007693135208428,,3.281252207863767
LT_1527,2,fold2,0,,0.0004191698666320739,,6.732258585837858,,2.8345209522628405,,2.4172941884778893,,8.648503615911162,,4.317477916591632,,3.4232050126951195
LT_154,2,fold2,0,,0.00042070162054852304,,6.566810346734195,,3.6926409105935387,,3.044281050323174,,7.98012718942587,,3.7879765771923033,,3.1001255553238196
LT_1541,2,fold2,0,,0.0004216010339205996,,6.355557387843576,,2.5159823708007423,,2.131657676290649,,7.530492461457682,,2.8190301539214278,,2.326599587525859
LT_1553,2,fold2,0,,0.000418697104953911,,7.1141825378063555,,3.0661747439144857,,2.5417532988208897,,9.259718930237245,,4.981954598067486,,3.8309002124111387
LT_1554,2,fold2,0,,0.0004227050416567967,,6.201262461942807,,2.2787954562168244,,1.9425648698152862,,8.059344776236323,,3.1163540698646814,,2.4672675762433984
LT_1556,2,fold2,0,,0.00042179014502575704,,6.46457052697671,,2.6724609079562596,,2.254313672331985,,8.722990257993006,,3.751716207064702,,3.0799395299362438
LT_1557,2,fold2,0,,0.0004213330586662258,,6.4854939619064025,,2.6124559201172954,,2.2192090877062514,,8.670134107724198,,3.4262871178943994,,2.756655274385798
LT_1558,2,fold2,0,,0.00042063182164689926,,6.666922993077504,,2.7828615864324076,,2.2817376138765604,,9.326301713247869,,4.676160161056777,,3.5066845401823334
LT_1559,2,fold2,0,,0.000421580280921428,,6.414254243968869,,2.5485386855458625,,2.1539431574739063,,8.709115266858651,,3.4872527120126695,,2.8309100594048067
LT_1560,2,fold2,0,,0.00042206118268663974,,6.655425855688452,,2.9631924477397966,,2.440500674841097,,8.853792025239507,,4.829580939455399,,3.6431662346211398
LT_1561,2,fold2,0,,0.0004213727796121107,,6.4920663260162375,,2.5551073620368543,,2.139233801012024,,8.608812480593679,,3.504102916196425,,2.8104521750155183
LT_1567,2,fold2,0,,0.0004210088452788266,,6.350271711015705,,2.7220812013347873,,2.24900515793396,,7.650470664253272,,3.488791901021668,,2.7900407932987883
LT_1571,2,fold2,0,,0.0004193634412708435,,6.806324353166085,,4.25764437983983,,3.516306581102206,,8.37895365524757,,5.492549994245947,,4.511812976244373
LT_1573,2,fold2,0,,0.0004194349463047826,,7.087314494795966,,4.230089644920647,,3.3418624625009055,,9.108113727743682,,5.524608953358767,,4.438653443679989
LT_1580,2,fold2,0,,0.00042249130155025925,,6.3610398679435605,,2.987428222441202,,2.5073557552137533,,7.663575136254962,,4.7145308296183295,,3.7410731342428885
LT_1582,2,fold2,0,,0.0004209008524062065,,6.870047809508354,,4.102871665277141,,3.1584855048722367,,8.570438598873166,,4.868043277388852,,3.712352892731855
LT_1584,2,fold2,0,,0.0004191338057144226,,6.4858528399155135,,2.3333549914939216,,1.9771249456709907,,8.179178633557042,,2.974812964660607,,2.409258940563389
LT_159,2,fold2,0,,0.00042420142604095677,,6.483683337022235,,2.6120714714401987,,2.1847534858735203,,7.954742774921026,,4.2030073443271565,,3.2316723845128528
LT_1594,2,fold2,0,,0.00042056611147475373,,6.724483406809473,,3.328167170350275,,2.71259664469506,,8.349439179723923,,5.084332321052862,,3.9614248755040227
LT_1596,2,fold2,0,,0.00042052358648704026,,6.680476784866044,,2.7406564205081363,,2.3222952575135767,,9.047526207769245,,4.047022690209121,,3.2039952999120547
LT_1598,2,fold2,0,,0.00041932975981502467,,6.73533505257856,,4.247657466040759,,3.446047545394357,,8.332888194370376,,5.513500630968206,,4.32369904567316
LT_16,2,fold2,0,,0.000419609698435755,,6.684204139229664,,4.087718978525531,,3.287488412751922,,8.37417928530189,,4.719505253074142,,3.8647664898826024
LT_160,2,fold2,0,,0.00042486825158398987,,6.366345166393845,,3.8723964127210557,,3.1886499190388204,,7.730518440560821,,3.772049014167499,,2.98635488964461
LT_1608,2,fold2,0,,0.00042149981066892314,,6.201244754658387,,2.5284527154057823,,2.167400829462371,,7.726851766346244,,3.1182435957714136,,2.574701766474842
LT_166,2,fold2,0,,0.000421582641491447,,6.684087455970382,,2.938975992830444,,2.433898798742095,,7.842602385544711,,4.5623824466881,,3.6070940585550555
LT_1665,2,fold2,0,,0.0004226098334341871,,6.873966744577054,,4.5793218065979095,,3.533646843031278,,8.164929206134277,,5.662835060525822,,4.437893620636637
LT_167,2,fold2,0,,0.0004248410212470653,,6.38618406416213,,2.603447010731487,,2.1921387898423785,,7.6633014006783515,,3.2163242343258576,,2.5593102433516433
LT_1684,2,fold2,0,,0.00042136027410833755,,7.05023461188089,,3.091062521969755,,2.568821078156887,,9.095370231461294,,4.980003112922306,,3.807416805320662
LT_169,2,fold2,0,,0.0004212963330222034,,6.490782448621093,,2.8945568731020015,,2.4252296672900053,,7.828981666883908,,4.59256064381588,,3.6681844015912506
LT_1691,2,fold2,0,,0.00041834293294629177,,7.0006655393405355,,4.081492595783262,,3.2049221353011452,,8.672226013406654,,4.7550853335745975,,3.9372876478383114
LT_1698,2,fold2,0,,0.0004204947567091593,,6.675550325329497,,2.768546895536979,,2.3253403891195887,,8.64863381527724,,3.99354093328341,,3.131912022460577
LT_1699,2,fold2,0,,0.0004183136266506411,,6.736381342000128,,2.7740380955958917,,2.3717456348718557,,8.696810270351598,,4.062911140086315,,3.283297629355781
LT_17,2,fold2,0,,0.00041996506238394134,,7.085791539434765,,4.128391840582378,,3.2230326985267976,,9.644154719152954,,5.251193402280853,,4.26319711629657
LT_170,2,fold2,0,,0.00042655361286911796,,6.306631012840318,,2.5875862620331462,,2.2150004842567985,,7.677873595073973,,4.394420979011552,,3.290406519125924
LT_1700,2,fold2,0,,0.0004188866704152791,,6.837321016595318,,2.9729311594762344,,2.4388002565682845,,9.167267446759569,,4.824740635020217,,3.7464924914543674
LT_1701,2,fold2,0,,0.00041908209269772914,,7.2618996373721645,,4.283597134976524,,3.397994837674082,,9.438565645921436,,5.278982309279862,,4.390608513908905
LT_1711,2,fold2,0,,0.00041964883916111376,,6.837463034597142,,4.188673879664993,,3.3266376362985572,,8.688738765065995,,5.273991506451195,,4.090370909887805
LT_1714,2,fold2,0,,0.0004185524723296762,,6.755436067815099,,2.678839687606535,,2.2178454530304523,,8.965006642749799,,3.919627522592038,,3.189254618056985
LT_1715,2,fold2,0,,0.00041892478960531797,,6.795732392807459,,4.362897763074959,,3.439975771283437,,8.09681381906801,,5.498131408661938,,4.40709924036996
LT_1717,2,fold2,0,,0.000420347012324079,,6.680430508499301,,2.7373520715127704,,2.319627458329219,,8.249594775897405,,3.5763091207701145,,2.99756198364633
LT_1719,2,fold2,0,,0.0004207694846607539,,6.657238398240019,,2.6477092604361254,,2.2409035326354663,,8.902590577575126,,3.499644589805883,,2.7751229489754548
LT_1720,2,fold2,0,,0.0004214008880729196,,6.607709607302159,,3.132309730317579,,2.5872595582732183,,7.760900978557175,,4.956345385643874,,3.912333790810026
LT_1723,2,fold2,0,,0.000419308731517052,,6.637892278363879,,2.8457745298562713,,2.3376716748724364,,8.506431606198985,,4.436717279446036,,3.365914069851389
LT_1726,2,fold2,0,,0.0004197810530069176,,6.556616669272598,,2.874888278391568,,2.3994176822689663,,7.918083245351935,,4.527177870807413,,3.6030875209129385
LT_174,2,fold2,0,,0.00042282578964936493,,6.427023316789535,,2.810742172852413,,2.3454567441399212,,7.56879355063778,,3.6240709159814113,,2.9816219459829765
LT_1740,2,fold2,0,,0.00041881267117994773,,6.5628321492296635,,2.789236104934089,,2.3681989886063572,,8.870147867896021,,4.621859061771634,,3.526461254933703
LT_1742,2,fold2,0,,0.00041985834758568284,,6.794413377870193,,4.158860874535747,,3.323528605632569,,8.467136858221746,,4.7875308456564065,,3.9417872850130373
LT_1744,2,fold2,0,,0.0004193276215990662,,6.97943942571881,,4.297930352319994,,3.3963570052573533,,9.068715740213493,,5.72670776349154,,4.547692659053455
LT_1745,2,fold2,0,,0.0004184610333272769,,6.301061174525306,,2.638429758594599,,2.197256757515206,,7.921267698192465,,3.6146266632550077,,2.8844510046636955
LT_1746,2,fold2,0,,0.00041938543145290073,,6.884443109445467,,4.175679323883947,,3.3964860013168154,,8.277768174115987,,4.792599062705065,,4.06405837207102
LT_1747,2,fold2,0,,0.0004189600784739612,,6.661751494400531,,2.6517977373226533,,2.2465304107973703,,8.36793936578838,,4.154596422037275,,3.3633631065543352
LT_175,2,fold2,0,,0.00042720118805136993,,6.488119447670097,,2.8431322926235088,,2.3590909191154537,,7.495280597408355,,4.162170992663494,,3.306400507982669
LT_1750,2,fold2,0,,0.000420079997283088,,7.113318187538676,,4.359160985653133,,3.583584081515555,,8.694850934531448,,5.515425606264678,,4.650630663098235
LT_1751,2,fold2,0,,0.00041943267805571484,,6.63091634971574,,2.706728245227316,,2.273656101371947,,8.165170732119396,,4.020536628908566,,3.3025871190064207
LT_1753,2,fold2,0,,0.0004196633509197297,,6.4188908359542,,2.64261660066885,,2.233553766418551,,7.962090911644954,,3.4905456395220127,,3.0159095518076993
LT_1754,2,fold2,0,,0.0004194958772755237,,6.571935484890041,,2.5819594744918857,,2.170852991878951,,8.64768510867597,,3.284147065798448,,2.6956297416490242
LT_1756,2,fold2,0,,0.0004196410353751699,,6.833036785964613,,4.122943632855615,,3.3913479494563643,,8.260705535549661,,5.009180679132313,,4.241099032523795
LT_1757,2,fold2,0,,0.00042069385718410124,,6.486497691700006,,2.8315833126346557,,2.397237227373743,,7.937509115292679,,4.568419156723613,,3.513225389457166
LT_1759,2,fold2,0,,0.00042993102987879533,,6.212256931481958,,2.9815626817797143,,2.4578006962661054,,7.594097470983303,,4.671196201067262,,3.725624198116146
LT_1770,2,fold2,0,,0.00042119907311365633,,6.699483222477879,,2.870032280563866,,2.3748478958728105,,8.669075557362925,,4.4339354478862445,,3.4912025239752156
LT_1771,2,fold2,0,,0.0004233349507295099,,6.415729803533657,,3.111955553314565,,2.5201716686765763,,7.846563187267159,,4.702357503684391,,3.6562101480970575
LT_1772,2,fold2,0,,0.00043626400783898164,,5.203571211884513,,2.1159021542194134,,1.908242276576393,,7.4597271208309754,,3.0002764314052452,,2.449275415500246
LT_1773,2,fold2,0,,0.00042509235496593877,,6.735472731546772,,2.7847147870472533,,2.26616896816826,,8.258279869713812,,4.12056785421541,,3.215096731911308
LT_1777,2,fold2,0,,0.0004199272992573104,,6.414254769627034,,2.6662370722149658,,2.227980380842635,,8.275019762370459,,3.9145935118324053,,3.153593689607365
LT_1779,2,fold2,0,,0.0004220961136516318,,5.9804464224974785,,2.70210079245556,,2.286811524581872,,7.433623232997527,,4.17203340335983,,3.1980835651309256
LT_178,2,fold2,0,,0.0004233778730403804,,6.304376181872641,,2.4240246158316774,,2.0571169591942158,,8.009612778372192,,3.7538188843412823,,2.9597925490232964
LT_1780,2,fold2,0,,0.00042016035087913753,,6.564177442474069,,2.687381127963779,,2.242088936237477,,8.860588628060693,,3.5956508557159523,,2.926088743404106
LT_1782,2,fold2,0,,0.00041929392573281966,,7.01141160469349,,4.213197435396835,,3.362315033321158,,8.970439047128197,,5.4123374998328,,4.3132495295206255
LT_1785,2,fold2,0,,0.00042005155474046305,,6.517515296940678,,2.6510377327011834,,2.234060065812166,,8.55595151215647,,3.45490942772439,,2.8217359834241296
LT_1786,2,fold2,0,,0.0004194199860593096,,6.899950847813928,,3.104206386516414,,2.5575126394340617,,8.929852068823758,,4.945610188670159,,3.6931260826477557
LT_1787,2,fold2,0,,0.00041965027241239183,,7.099099550709215,,4.225835150029208,,3.3240497587407747,,9.281713464111398,,5.311177329253135,,4.373017134596268
LT_1788,2,fold2,0,,0.0004186344774157313,,6.494405097714107,,2.6127955633656224,,2.206360710746975,,8.201062010389192,,3.549609024283304,,2.953123045345864
LT_1793,2,fold2,0,,0.00041886191407127134,,6.498388295372442,,2.5901497848529167,,2.180548274905136,,8.196082135675242,,3.210206520400095,,2.605339372746487
LT_1794,2,fold2,0,,0.00041854456637605876,,6.833459078407492,,3.9220242559434957,,3.1321525436311677,,8.611339319988701,,4.29627552212759,,3.5268613208914266
LT_1796,2,fold2,0,,0.00042090755237338476,,6.53076100237226,,2.7339730860970155,,2.338272067009232,,7.896764843121459,,4.086920666679494,,3.2406803278256087
LT_1797,2,fold2,0,,0.0004191761832501098,,6.532636009277881,,2.569784617328174,,2.1972591788711338,,8.24715620302379,,3.2196389098931357,,2.644414796676601
LT_1809,2,fold2,0,,0.00041941012494892127,,6.5295794811695576,,2.659484917186469,,2.246381654158225,,8.677829654021005,,4.0885264803779,,3.250093395532059
LT_1813,2,fold2,0,,0.0004173704076051894,,6.733907760511478,,2.8812117524905148,,2.3638518322978084,,8.709311964567163,,4.556648264496158,,3.509032836725306
LT_182,2,fold2,0,,0.00042030561494737356,,6.563247644589529,,2.7815013298982327,,2.368178518654367,,8.367890287320993,,4.735859452064813,,3.6984934668884635
LT_1821,2,fold2,0,,0.00042051442451350625,,6.708290614453689,,3.8264274443911632,,3.0805027322080396,,7.714002975326981,,4.423751943352011,,3.6002094067740233
LT_1823,2,fold2,0,,0.00041992918628848235,,6.434156711413707,,2.64775303586536,,2.221345564172526,,7.996532085269119,,4.028412392467937,,3.2882967248958317
LT_1824,2,fold2,0,,0.0004185095578283955,,6.93821848569922,,4.114563410331152,,3.2804299861348065,,8.60314029241077,,4.709910287515607,,3.998783322706106
LT_1825,2,fold2,0,,0.0004188337418848786,,6.435680764377368,,2.628921948714542,,2.210315924390419,,7.606417992224848,,3.870688123823063,,3.0811338150487
LT_183,2,fold2,0,,0.0004220960371041499,,6.868087277109044,,3.147647364005241,,2.632534242866513,,8.459607954490199,,5.1096508766139,,4.036086790476163
LT_185,2,fold2,0,,0.00042131522740618786,,6.456985253933425,,3.9177666006148346,,3.1505410965196123,,7.765685822925131,,4.040586434867945,,3.1343754629645746
LT_1851,2,fold2,0,,0.0004200162633110002,,6.519614783936005,,2.5455573072961495,,2.1335669180973995,,8.350978268737206,,3.1893408009939646,,2.588519131819122
LT_1852,2,fold2,0,,0.0004204184883840178,,6.8171530658130335,,4.0235614277518685,,3.150820849449742,,8.488192869116723,,4.591654158653426,,3.673499868847582
LT_1853,2,fold2,0,,0.00042002536123633173,,6.556766767834085,,2.6346324733057878,,2.167965485432011,,8.491984888588659,,3.369215755786917,,2.8052193359640594
LT_1858,2,fold2,0,,0.00042092674237878373,,6.697015844351799,,4.105915212009717,,3.3000898197540445,,7.854873854123153,,4.177356165588163,,3.570242642403264
LT_1859,2,fold2,0,,0.0004221907966181389,,6.47630191156448,,3.8423707518252797,,3.1142229889940736,,7.639604552717938,,3.938208930272109,,3.1728311814814663
LT_1860,2,fold2,0,,0.000419936590462534,,6.550492559609283,,2.6301963050112844,,2.2267491103516317,,8.092348747436388,,4.098886764990704,,3.340275263355193
LT_1861,2,fold2,0,,0.00042160729500235333,,6.589431713119174,,3.0453688363148816,,2.535262731380135,,7.7801498044809705,,4.686045928874025,,3.739792818018237
LT_187,2,fold2,0,,0.00042722928384007416,,6.392497512807573,,2.7474511687812786,,2.3441837930805285,,8.002855456899425,,4.432655685853226,,3.5791350492073537
LT_188,2,fold2,0,,0.000421931300157722,,6.736725946826051,,3.0541618495981444,,2.562062879529507,,8.426314832885717,,4.969809216815256,,3.9561062528643047
LT_1885,2,fold2,0,,0.00042159653977062207,,6.8336173168639185,,4.186694005033648,,3.3570259198225347,,8.006280803467186,,4.932659109715825,,4.035850226899257
LT_189,2,fold2,0,,0.0004217646589240627,,7.008367143303444,,3.1488048459239053,,2.610426425764493,,8.43281712362716,,5.281967267317458,,4.036034781936722
LT_1890,2,fold2,0,,0.0004230814076820917,,7.303286961725392,,3.2179059740612113,,2.6229100448697245,,8.418472081719576,,5.143165431865891,,4.0398117423205
LT_1891,2,fold2,0,,0.0004211463900084325,,7.212167551650227,,4.47546070714132,,3.4864950491767277,,8.945976803574586,,5.511652371147632,,4.226360540673112
LT_190,2,fold2,0,,0.00042166302420006824,,6.7341689567363945,,3.6641637981490214,,3.0374419485899664,,8.029753046573067,,3.9382759623903363,,3.310896668165141
LT_1903,2,fold2,0,,0.00042478260117949015,,6.385000415402831,,2.411110640590478,,2.011215847618012,,8.107889420618898,,3.6827115701048827,,3.0321650404064995
LT_1913,2,fold2,0,,0.0004200419070173409,,6.849215814349065,,3.0555428095484194,,2.5117499517359474,,8.639175936511048,,4.848571795087363,,3.707028518086267
LT_1915,2,fold2,0,,0.0004208330115682262,,6.78695544719226,,2.7542367879805703,,2.293868874545203,,8.512584518672332,,3.7620540939093927,,3.0586324273170207
LT_1916,2,fold2,0,,0.0004207856973813401,,6.517559546095146,,2.6020184248706926,,2.2533845245273416,,8.416695067378196,,3.239625740734157,,2.6127582872397537
LT_1918,2,fold2,0,,0.00042125408040011823,,6.683392591448093,,4.086887338651475,,3.168105891358457,,7.772038509045773,,4.484438426802384,,3.4820382734550406
LT_1919,2,fold2,0,,0.0004196921667191291,,6.756528674944127,,2.7433476980333418,,2.2632185930571755,,8.841961652343684,,3.912030014952591,,3.1775900025676473
LT_1920,2,fold2,0,,0.00042142375259934806,,6.580657670214555,,2.8607527194127433,,2.420387443342746,,8.42765185506482,,3.517728452215578,,2.8473868614108344
LT_1939,2,fold2,0,,0.00042082821764240566,,6.697263083546202,,2.632379391111628,,2.250088112539945,,8.306843071308128,,3.2695859339573903,,2.6018309338023635
LT_1940,2,fold2,0,,0.0004200559215243576,,6.998982844043358,,4.2125084946493185,,3.332052023849358,,8.58755613642784,,5.413335132697713,,4.2518711511722715
LT_1941,2,fold2,0,,0.0004200515288746119,,6.99814261222379,,4.163625060272439,,3.256384857264617,,8.738895027569843,,5.0148898251906235,,4.176493808243075
LT_1942,2,fold2,0,,0.0004197033861618009,,6.769713174111043,,2.733813694646412,,2.307739311329323,,8.900016805988216,,4.322197101628216,,3.454273235566929
LT_1943,2,fold2,0,,0.00041891094128670113,,6.845086466403915,,4.191309534845799,,3.37710678600846,,8.532756832526031,,5.1548197699281815,,4.127620459422288
LT_1944,2,fold2,0,,0.0004207434105564876,,6.783495754905358,,2.9132563332427117,,2.4478625790693425,,9.264916046172486,,4.7303721677541075,,3.610087744492286
LT_1952,2,fold2,0,,0.0004195554444536981,,7.01281460261353,,2.988096185228961,,2.509893425332719,,8.956926621057647,,4.599379449080253,,3.587795933401124
LT_1953,2,fold2,0,,0.0004194928873932375,,6.838295758480025,,4.296592010179928,,3.46281182273267,,8.367094815962353,,5.267093339984419,,4.2997287416337695
LT_196,2,fold2,0,,0.00042535681990937303,,6.309643936684968,,3.922114387415496,,3.189912121433244,,7.3642958779313235,,4.763168474534321,,3.8139139685521295
LT_1971,2,fold2,0,,0.00041924274771135833,,6.892969793726639,,3.058963581876651,,2.5563747014827616,,8.731688681665863,,4.855166371617585,,3.6404116539840823
LT_1972,2,fold2,0,,0.00041933545753913663,,6.5733689625097425,,2.6181844771656064,,2.184225578030362,,8.58307598977364,,4.123257897449042,,3.1572699209842066
LT_1974,2,fold2,0,,0.0004190000727740343,,6.7689654514617414,,2.746795952931313,,2.3196959411315,,8.913831133035487,,4.123954890350462,,3.3588042165537173
LT_1979,2,fold2,0,,0.00042017034590534873,,6.392484107192572,,2.718678370613449,,2.2762162012819034,,8.132738393839084,,4.296540420050654,,3.492346833440711
LT_1980,2,fold2,0,,0.0004202376899935592,,6.552665141118943,,2.7349864353757325,,2.2282050391714963,,8.761703517067646,,4.057811410326582,,3.2836266606182747
LT_1983,2,fold2,0,,0.0004201819815603577,,6.41950786753131,,2.955780933511113,,2.434907866664434,,8.647540588132507,,4.52995623840796,,3.6190777652865345
LT_1985,2,fold2,0,,0.00042422872023750724,,6.103949263522182,,2.4459128377381862,,2.033123653110318,,7.402007645000161,,2.9886204143817645,,2.4226976364999837
LT_1988,2,fold2,0,,0.0004201131417598779,,6.786021485100296,,4.20193485851745,,3.3967674460795614,,8.094853511843606,,5.009039394852736,,4.116030938342979
LT_1989,2,fold2,0,,0.00042104896215789875,,6.7684117624206745,,4.055498366150081,,3.3066220596048015,,8.341073707203968,,5.139526787534158,,4.2803003636910315
LT_1994,2,fold2,0,,0.0004213085665241943,,6.861647642787198,,4.208756305449183,,3.401849439405374,,8.179826699925767,,5.2928255257081505,,4.289011283605068
LT_1998,2,fold2,0,,0.0004251488286022304,,6.401545138282498,,2.5539199295144077,,2.1140440118810466,,7.764255869342441,,3.6920675900372832,,3.0463191804251677
LT_1999,2,fold2,0,,0.00042217881443337366,,6.723642546532514,,3.091145737034888,,2.6048812357700455,,8.26971976411165,,4.990060028219094,,4.025644760705542
LT_2000,2,fold2,0,,0.00042241341548257885,,6.468468445427225,,2.953852999427928,,2.40884936662306,,8.04764476995527,,4.739948028923196,,3.7652718736798434
LT_2010,2,fold2,0,,0.00042087711505496214,,6.304881076746845,,2.853812212940546,,2.371362980144544,,8.365533498929304,,4.225971399266251,,3.262707112422242
LT_2011,2,fold2,0,,0.00042057357995570893,,6.8713221266109406,,3.208515310430091,,2.6810174778611424,,8.49717004161101,,5.254288846990906,,4.019127776251949
LT_206,2,fold2,0,,0.00042332336118205277,,6.371530013104188,,2.4204634008633006,,2.000038904455274,,7.98958361380052,,2.8907607533975965,,2.350466580959751
LT_21,2,fold2,0,,0.00042735903296382653,,6.608637292805218,,2.682208293706074,,2.1836298293142096,,7.6323412724103035,,3.4882221444936814,,2.896577287128162
LT_211,2,fold2,0,,0.0004205792342896839,,6.799692515514042,,4.2418523750772685,,3.425610974437202,,8.768639216394607,,5.533400504378829,,4.4538290665549685
LT_217,2,fold2,0,,0.00042126004370295934,,6.696317969277284,,3.071980360579151,,2.574824232645643,,7.9990406114535695,,4.9933266797043,,3.967809488067795
LT_219,2,fold2,0,,0.0004209493936579191,,6.4309642620639105,,2.795111019739215,,2.322251771369222,,8.064440358151323,,4.419817363607761,,3.55687951437028
LT_222,2,fold2,0,,0.0004224011337800315,,6.283066823217516,,2.6520460142990916,,2.2373606310557155,,7.6462520651658705,,3.4350568670446373,,2.75059582994604
LT_224,2,fold2,0,,0.00042129323616101923,,6.382085841975342,,2.691941226880446,,2.286052760705219,,7.753124272483524,,4.436565090432487,,3.3723499014207845
LT_225,2,fold2,0,,0.0004216553984348788,,6.135135026489203,,2.5507471334396796,,2.1569478688273676,,7.834323705961717,,3.538766528505611,,2.8620208684622432
LT_230,2,fold2,0,,0.0004354083294485431,,5.65041832371545,,2.169554893026899,,1.8741773182739672,,7.820985148452799,,3.37194133595151,,2.5376985519694295
LT_233,2,fold2,0,,0.0004253643128349291,,6.2733159971905925,,2.776712423684304,,2.3916963458839793,,7.908880230677764,,3.632177444337939,,2.869661027822932
LT_234,2,fold2,0,,0.0004249511415920157,,6.444452988454608,,2.845571076686349,,2.402098207575352,,7.601478779579278,,3.931780054832314,,3.1845979843280188
LT_235,2,fold2,0,,0.00042078759386513474,,6.257670433664549,,2.470800760648865,,2.081736376734823,,7.864943433423139,,3.6621487831356725,,2.947437162394002
LT_237,2,fold2,0,,0.00043472526226969593,,6.090256910745794,,2.437746450880632,,2.024098300777893,,7.812010417503083,,3.9668044132713836,,3.13926798214202
LT_248,2,fold2,0,,0.00043450319528043693,,5.794213663530531,,2.828097882725333,,2.2934359488461773,,7.521357321966711,,4.28943028396386,,3.4566924250777964
LT_263,2,fold2,0,,0.0004204689884380608,,6.295637712521485,,2.575633291988026,,2.212672224801852,,7.779413659235813,,3.2043821243511394,,2.637666278455106
LT_265,2,fold2,0,,0.0004320533405851642,,6.794546642987811,,2.7090539268254887,,2.2401892150015104,,7.95621436173544,,4.206363900195418,,3.4143855304563178
LT_270,2,fold2,0,,0.00042192854159469467,,6.201000326225925,,2.567880735593949,,2.189762511230109,,7.788526491744979,,3.2221857680534183,,2.587170316656454
LT_288,2,fold2,0,,0.00042493429775514874,,6.1350658638593805,,2.38222230618388,,2.0299917100171414,,7.708313455746864,,2.9826901779990993,,2.4624397840252237
LT_29,2,fold2,0,,0.0004202215947260897,,6.357384625395893,,2.6761672213104686,,2.24621716973748,,8.205116755620816,,3.587276421367705,,2.9220941169114685
LT_293,2,fold2,0,,0.00042491610840342774,,6.341544887649962,,2.3651562973865263,,2.0038481807845456,,7.952428149117176,,2.921004020152291,,2.3870475662816952
LT_300,2,fold2,0,,0.0004210202911203286,,6.469217888481037,,2.73394595378715,,2.3082785296207624,,7.734087588210276,,4.012124470897822,,3.1152341810326667
LT_33,2,fold2,0,,0.00043143833878849305,,6.537509180115299,,2.5735859966749275,,2.1444182426764726,,7.587456203775235,,3.0993909091849114,,2.5230872411642125
LT_332,2,fold2,0,,0.000421741732750008,,6.324025437533572,,2.4421216988668784,,2.09651276208332,,7.769105365094742,,3.2706820867521778,,2.7171044150390165
LT_339,2,fold2,0,,0.0004191460793756749,,6.932418532481094,,4.097758037120474,,3.2744742763854884,,8.288140055640563,,4.890844846077339,,4.085445062230917
LT_352,2,fold2,0,,0.00041884461539516,,6.603616946590054,,2.5785335753303955,,2.2091506228751747,,8.294065115829477,,3.998617141926526,,3.138861757208375
LT_358,2,fold2,0,,0.00042121835357162435,,6.435339141333903,,2.83151785416461,,2.4169669595600713,,8.17111849812018,,4.698855618590055,,3.7829825872167393
LT_360,2,fold2,0,,0.0004256339386218659,,6.404009880317333,,2.9385472222762705,,2.425477148705364,,7.991636797938021,,4.655907797248534,,3.693137747439202
LT_361,2,fold2,0,,0.00042304641046326044,,6.491924633494494,,2.590728209134663,,2.1931158071734935,,7.9461050771010715,,4.038480344256514,,3.322962401207936
LT_370,2,fold2,0,,0.00042075033209282124,,7.2672382375436175,,4.459117877419901,,3.5588274730913723,,9.314904682324078,,5.588975557465064,,4.4325044097711075
LT_377,2,fold2,0,,0.0004197206529772939,,7.234933807027174,,4.313063139251517,,3.434157638513441,,9.480066429862392,,5.283036790229793,,4.283114427268205
LT_378,2,fold2,0,,0.00041953293892485304,,6.5893003902643015,,2.917959969857487,,2.4531953452435307,,8.265463718679339,,4.81648142265882,,3.605635188095448
LT_382,2,fold2,0,,0.00042163164639066886,,6.7572786732096155,,3.926156568884354,,3.151809130409797,,8.099088125507354,,4.046498970266701,,3.2456315885938456
LT_384,2,fold2,0,,0.00041996090225438626,,6.677774059385221,,4.2658979390631435,,3.432188773095786,,7.885628413446827,,5.0080814998272185,,4.284752284530523
LT_403,2,fold2,0,,0.00042012422641635877,,6.392250418787924,,2.645838205790471,,2.2790766298011134,,8.455943765383054,,3.7271263393206486,,3.055792943527065
LT_411,2,fold2,0,,0.00042029564224438723,,6.874496592407364,,4.370308596412896,,3.4804022082117214,,8.88183616627588,,5.364070282040644,,4.292971217531195
LT_415,2,fold2,0,,0.0004207100701807895,,6.986092311040033,,4.186361037268862,,3.3379088215887935,,8.928298143864144,,5.026667818995035,,4.042392104379993
LT_429,2,fold2,0,,0.0004191332130699804,,7.0099093188939285,,4.5252008476778105,,3.5905822168822503,,8.161367221790131,,5.61532979737437,,4.531356871395262
LT_43,2,fold2,0,,0.0004216076211188066,,6.168956300158246,,2.484660714591085,,2.0983852941058743,,7.346345269532154,,3.441152640156904,,2.73952970725975
LT_441,2,fold2,0,,0.00042032782939984727,,6.699606541914364,,2.651689110053627,,2.1747192126943022,,9.007574417999853,,3.8395952738220696,,3.10161246434782
LT_444,2,fold2,0,,0.00042146868357298764,,6.729275906819647,,3.2660253558528667,,2.6076716627134404,,8.351313788629744,,4.920484573197421,,3.824019229441856
LT_458,2,fold2,0,,0.0004199895749733302,,6.8267750395555185,,2.7419727958946836,,2.282948879413169,,8.920101507631108,,3.9539603891918733,,3.1391110269919302
LT_459,2,fold2,0,,0.00042188833091049566,,6.624282121470004,,3.955861516135439,,3.1364816073025983,,7.624672170453837,,4.073991512204226,,3.446411754885498
LT_460,2,fold2,0,,0.00042211923372569536,,6.508239584263462,,2.97660515564062,,2.48014822983946,,8.026159785996848,,4.291479877761795,,3.452299814906696
LT_461,2,fold2,0,,0.00042402430194290845,,6.453543527987357,,3.9349629005510147,,3.227731986974083,,7.664450259639296,,3.8372296789261306,,3.123773493159486
LT_474,2,fold2,0,,0.0004209245373350875,,6.465437516275599,,2.5731671345882345,,2.1830670034239326,,8.292642792479267,,3.216548141359112,,2.6580251041959104
LT_479,2,fold2,0,,0.0004221985771193683,,6.4917854908431325,,3.8425917361959856,,3.055107536439572,,7.529308546805907,,3.7295047952745826,,3.0048232631581193
LT_48,2,fold2,0,,0.0004193790620693281,,6.840518496950628,,2.94673966386266,,2.4929962587183145,,9.022236804781071,,4.907259519203846,,3.86480649854384
LT_480,2,fold2,0,,0.00042106387587525704,,6.470211783002327,,3.9183370698293327,,3.1142347880201657,,7.928944260461199,,4.083375720059304,,3.285335715656435
LT_494,2,fold2,0,,0.00041977231572645594,,6.176125364489245,,2.467858997773635,,2.0745986641647693,,8.35247863374889,,3.5708013637365705,,3.0079478945206755
LT_5,2,fold2,0,,0.00042131881136668256,,6.311439450518077,,2.7321933658068227,,2.35964312707996,,7.81715055743909,,3.8324130041430755,,3.1354406839994264
LT_511,2,fold2,0,,0.00042090547105586885,,6.677294557941641,,4.235522711672729,,3.417357528033717,,7.832399731557353,,5.099805897982242,,4.065888855301976
LT_512,2,fold2,0,,0.00041951294608946754,,6.806869789575792,,4.371832392713298,,3.466125831487779,,8.124444485536609,,5.199239686459739,,4.07886416198692
LT_52,2,fold2,0,,0.0004200390145165916,,6.491558314080749,,2.4724707954500516,,2.013170043062531,,8.025896092629445,,3.5714147716805993,,2.944316130677122
LT_522,2,fold2,0,,0.00041971371150266966,,6.822870030872577,,2.796884387545916,,2.346720124645931,,9.236028711440698,,4.6072888196788,,3.625144607923626
LT_54,2,fold2,0,,0.000424686123922019,,6.308728008617155,,2.556867837648382,,2.163035149618074,,7.785982140670111,,3.8310752156842205,,3.0661325671066852
LT_552,2,fold2,0,,0.00042126409302823374,,6.342598033479696,,2.648032188091364,,2.241854631037387,,7.714790468322978,,3.9365911053541547,,3.108311755744886
LT_566,2,fold2,0,,0.0004210327976771795,,6.733290283115839,,3.9631880327701934,,3.1236191191850757,,8.383748614782164,,4.044223940853615,,3.21249729811348
LT_571,2,fold2,0,,0.00041983263559376705,,6.463643575569461,,2.4940495275907257,,2.0998116832200835,,7.847327299793585,,3.8406872962844423,,3.0979113903816184
LT_575,2,fold2,0,,0.0004198622287039464,,6.42498467371907,,2.7569217749708574,,2.2913921428246624,,8.062446648320641,,4.606826001967352,,3.5505949956766694
LT_576,2,fold2,0,,0.0004194630364365102,,6.408160663154727,,2.6421067449183826,,2.267110481450656,,8.339433316089128,,3.8931536454818803,,3.1289151425273714
LT_577,2,fold2,0,,0.00042509893589361136,,6.101423420676894,,2.4499912036180262,,2.06524302208818,,7.684356285611449,,3.8318788411888955,,2.9317304830133115
LT_578,2,fold2,0,,0.0004217703607426425,,6.455252093781609,,2.8537353146284885,,2.3749935459957006,,7.943954132112331,,4.503757912309085,,3.623374058560926
LT_579,2,fold2,0,,0.0004205350315299606,,6.515683829429611,,2.8150474930489406,,2.345396810694315,,7.773742104023709,,4.040862084454795,,3.2129662621651836
LT_580,2,fold2,0,,0.00041925938773426825,,6.643291253465461,,4.40865276379517,,3.5218767120898846,,8.686019377728407,,5.574210612551648,,4.5584103581301845
LT_581,2,fold2,0,,0.0004237546434278684,,6.205311363067118,,2.5175859086419647,,2.151995316188454,,7.926654022741189,,3.239099768861634,,2.654792463742238
LT_591,2,fold2,0,,0.0004194064314585796,,6.928498722622094,,4.131592819950793,,3.249775609584326,,8.496658228240348,,5.044719287655506,,4.166078625158928
LT_594,2,fold2,0,,0.0004190802117714793,,6.968377501205202,,4.111335451283113,,3.204927275361116,,9.017260994439976,,5.067319000068362,,4.148464142661539
LT_6,2,fold2,0,,0.0004212584979812299,,6.3516175661308,,2.7369968970387677,,2.3370977038080647,,7.876937884166003,,4.029062612344896,,3.1896229094212614
LT_60,2,fold2,0,,0.00042032828765607537,,6.197525189617707,,2.5486545733582835,,2.109100324487093,,8.159442433291446,,3.44734904630919,,2.8989823240344488
LT_602,2,fold2,0,,0.000422079484931049,,6.423754854900021,,2.739423701002367,,2.296273943885645,,7.741016562449473,,3.973666302864113,,3.173124090868908
LT_603,2,fold2,0,,0.00041945218770571627,,6.746771859705168,,2.6905075547873114,,2.246179044902614,,8.668517937519963,,4.577930603648966,,3.4840256795131848
LT_609,2,fold2,0,,0.00041930819827234317,,6.627167522888046,,2.907378108367172,,2.4629767860593175,,8.422861196487993,,4.884282486650718,,3.7549512071257976
LT_618,2,fold2,0,,0.00041959084079933734,,6.91545798771294,,3.0645466833429906,,2.574143937475637,,8.863027425572803,,4.9742841509803375,,3.7591486978766575
LT_619,2,fold2,0,,0.00042028504132535227,,6.743106850419678,,2.684983936302978,,2.318539807715358,,8.940870953317628,,4.237625443519775,,3.37354714312628
LT_623,2,fold2,0,,0.00041964434013665175,,7.092138439480424,,3.104672499984335,,2.587803930282428,,9.434180244934236,,5.095258231568056,,3.837546644787946
LT_627,2,fold2,0,,0.00042126190051537844,,6.187345896463396,,2.4755409983708696,,2.0797120273136542,,8.18126708794492,,3.474960837172529,,2.9296919027989676
LT_630,2,fold2,0,,0.000420315234608868,,6.500921299843032,,2.77104890453972,,2.3594675681942303,,8.395767879114771,,4.294037993294931,,3.443367608701759
LT_632,2,fold2,0,,0.00041974351519603187,,6.799847878952993,,4.435042795259581,,3.5366669473523125,,7.859600925296665,,5.457102275145099,,4.381374139790862
LT_633,2,fold2,0,,0.00042139143010839694,,6.787437641588418,,4.01347835727124,,3.198688181855844,,8.322303933202477,,4.08911747644509,,3.288524468641678
LT_635,2,fold2,0,,0.0004236160426342398,,6.719897997608952,,2.7850082626192663,,2.311854812753488,,9.204441509659295,,4.364518270016995,,3.4631811236184187
LT_639,2,fold2,0,,0.00042439267950190006,,6.214911653181576,,2.5198869695048547,,2.1133667818045803,,7.935687020856164,,3.1625974053572636,,2.6108484542839094
LT_640,2,fold2,0,,0.00042414255771765566,,6.783232466843187,,4.369807816589142,,3.5024851824614904,,8.306284835691722,,5.232193605335699,,4.29678907939367
LT_646,2,fold2,0,,0.0004200143932227389,,6.714786172111255,,2.820663190797509,,2.3915051269628065,,8.667899449073506,,4.244609654478192,,3.428000918343242
LT_649,2,fold2,0,,0.00042482777954227884,,7.024372571202359,,4.498140631817204,,3.6121313207258074,,8.619503950916597,,5.576257951812501,,4.566616560875883
LT_65,2,fold2,0,,0.00041874045416869995,,7.269605240310756,,4.374929680712788,,3.5043433413073846,,9.027126954884299,,5.605006368348081,,4.482733134181273
LT_651,2,fold2,0,,0.0004248808394189483,,6.3070866547634825,,3.7869160915653355,,3.0303792733576698,,7.524142345478112,,3.8137524864135335,,3.066344777468605
LT_652,2,fold2,0,,0.00042481435148140033,,6.61617671704692,,2.8747308858355103,,2.4084634974754837,,7.942934559274689,,4.475827771744101,,3.4806430165464857
LT_655,2,fold2,0,,0.00042113313936803336,,6.399105620438663,,2.7192173058121276,,2.257430829726612,,7.939227199140615,,3.4558170538216944,,2.7968033593347466
LT_664,2,fold2,0,,0.000418986262924248,,6.706163720136332,,2.7829783073206933,,2.3325994924182663,,8.791125095342233,,4.282149541978316,,3.40145052018697
LT_670,2,fold2,0,,0.00042187133908224393,,6.5441812171976625,,2.92899932265762,,2.434728933457042,,8.755129515318266,,4.090892169095775,,3.223169854362483
LT_671,2,fold2,0,,0.00042035898475417666,,6.831459783737188,,2.7985485852511323,,2.340853949409147,,9.011423809180494,,3.9098193782462016,,3.1736467541520406
LT_672,2,fold2,0,,0.0004204594890538198,,6.569131617252533,,2.860793981037886,,2.3416534031597367,,8.511450153604716,,4.607538114237388,,3.4781084355842697
LT_677,2,fold2,0,,0.0004195626413384494,,6.6428551524914194,,2.6574404683991433,,2.2345382062622536,,8.975243269219144,,4.144304048629561,,3.2599708030007917
LT_68,2,fold2,0,,0.00042675350536382564,,6.708607322814625,,2.759325767547251,,2.2702282502348914,,8.13735790196125,,4.400059867278248,,3.372186746478152
LT_680,2,fold2,0,,0.00041919460583359457,,6.967810225836165,,4.229842904781823,,3.3545853606827545,,9.227338759453584,,5.118180559421743,,4.270262749900129
LT_689,2,fold2,0,,0.0004249131059021888,,6.743683223472979,,2.8040706194243987,,2.299920049900413,,9.042060215638154,,3.836436188306777,,3.125938335127003
LT_691,2,fold2,0,,0.0004196060386738934,,6.620093646683999,,3.9381727369401163,,3.133374065379403,,7.832499450350512,,3.958169268198585,,3.2367935494512907
LT_693,2,fold2,0,,0.0004198532158205745,,6.629935499911099,,2.6307300773834728,,2.176027578690063,,8.478710542134518,,3.8486671951383817,,3.0828930626528113
LT_694,2,fold2,0,,0.0004207579508669207,,6.2906930756304265,,2.5358526874965337,,2.1532708692804894,,7.845695071630099,,3.159428665914579,,2.6293251739223953
LT_696,2,fold2,0,,0.00041915286442603325,,7.08250206292179,,4.1655396426163485,,3.3646281623672847,,9.010280939632299,,5.198279380458924,,4.332951540996447
LT_697,2,fold2,0,,0.0004218447517288157,,6.450341275700643,,2.839235809906388,,2.40067517096274,,7.577499604302627,,3.677150526223607,,2.925395238033181
LT_706,2,fold2,0,,0.0004218796567409533,,6.850534527839664,,3.178807065183584,,2.634749660584722,,9.103109203651032,,4.994613938913138,,3.7455582321818643
LT_708,2,fold2,0,,0.0004247189132580275,,6.643123267595621,,2.707568332843817,,2.2396376968185283,,8.587160808652403,,3.80216575596719,,2.963645883356803
LT_711,2,fold2,0,,0.000421292246056278,,6.790592596218613,,3.035083721015207,,2.5549917781876577,,8.847826515025227,,4.577803460006675,,3.6270624206811206
LT_719,2,fold2,0,,0.00041923590937671326,,6.910886733473204,,4.426182332258088,,3.547197980648141,,8.48269787892283,,5.756977200430974,,4.671618423520601
LT_72,2,fold2,0,,0.00041935338352027535,,6.652619563256065,,3.9401774992986174,,3.121980303586504,,8.198781497642075,,4.048181535357898,,3.44260788689308
LT_720,2,fold2,0,,0.00041962101051700763,,6.865193898804381,,2.8259380781282424,,2.402493301368314,,8.860498051313852,,4.00678394092955,,3.1865446911668407
LT_728,2,fold2,0,,0.0004210198841830652,,6.699486712837603,,3.8086011947988405,,3.0927000361573938,,8.291886190447324,,4.70553965971152,,3.8334438844432266
LT_729,2,fold2,0,,0.00041901592455157767,,6.740454718216487,,4.1737325617204935,,3.4139296520343096,,8.502044943387935,,5.162323459132215,,4.24693721966798
LT_73,2,fold2,0,,0.00042584368986983874,,6.567458412782037,,3.6056448935116014,,2.953830793114226,,7.967785757974164,,3.6415511581905338,,2.88818696431508
LT_742,2,fold2,0,,0.00042099998895288836,,6.459825380441131,,2.7831199678285556,,2.280335119036417,,8.140356340874142,,3.975901157969544,,3.107305563423058
LT_745,2,fold2,0,,0.0004206385595203685,,6.678209735961083,,3.909376027335153,,3.0876170796085782,,8.292674337773176,,4.02672693608934,,3.1892601906072184
LT_746,2,fold2,0,,0.0004213932221539419,,6.586920881637382,,2.8155876316584627,,2.3308216425186052,,8.801987488840751,,4.790033083624139,,3.51521986731774
LT_749,2,fold2,0,,0.0004199298799388851,,6.514626967184662,,3.0188871497874312,,2.468662047732453,,7.954512347603633,,4.692911225692274,,3.7931835670396628
LT_750,2,fold2,0,,0.0004217392398985706,,6.761526229101644,,3.046231041807536,,2.5830545455548988,,8.52531927171295,,4.709704140928301,,3.6018498589422316
LT_755,2,fold2,0,,0.00042498758291314824,,6.772557786219018,,2.7778043258767684,,2.359756187845185,,8.825507921300778,,3.9124350861542343,,3.068642723553698
LT_757,2,fold2,0,,0.00042572057868248483,,6.392875901550186,,2.380110205460752,,2.019522232482956,,7.741240313663895,,3.6235698285933093,,2.91314856365442
LT_76,2,fold2,0,,0.0004223861464830482,,6.484491512035224,,2.5869710180182124,,2.174648123178824,,7.98894724380801,,4.386331234932531,,3.3513004616972912
LT_762,2,fold2,0,,0.0004206270651380267,,7.333599076498065,,3.2503656772454343,,2.669443939114228,,9.797515721084011,,5.397421987568328,,4.149899611713175
LT_763,2,fold2,0,,0.0004210387353497172,,6.803026776428045,,3.99632997277689,,3.216908925303939,,8.40720980167363,,4.135822423519453,,3.2855183463840554
LT_770,2,fold2,0,,0.0004192840585706646,,6.4462455374426275,,2.520668900190783,,2.179273449719897,,8.184854310523454,,3.185822254789931,,2.54733721226679
LT_773,2,fold2,0,,0.00042333083498399295,,6.346558726199071,,2.8237705813537546,,2.331460019926151,,8.22950314852702,,4.393619712585841,,3.378888383237303
LT_778,2,fold2,0,,0.0004241698835175181,,6.6516082445224995,,2.770233973907533,,2.321073172279623,,9.153137491075157,,4.255148203783913,,3.479068306830821
LT_783,2,fold2,0,,0.00042523751033063904,,6.624459767657792,,3.166727736876184,,2.6141492531790815,,8.750617955218468,,4.785270500781775,,3.738196502053193
LT_785,2,fold2,0,,0.00042460614764899124,,6.4475311258379175,,2.637095491528311,,2.1919939572032874,,8.10878846467751,,3.5118825466085313,,2.871963164974552
LT_787,2,fold2,0,,0.00042120226092960504,,7.027007189897579,,4.353356810582682,,3.457943474526045,,8.489440932153677,,5.366301105915058,,4.285583641912941
LT_80,2,fold2,0,,0.0004200644312684909,,7.1688681893645825,,4.420777564105707,,3.4974910759640405,,9.50201015923834,,5.556949955388726,,4.483066974188811
LT_801,2,fold2,0,,0.00042259006759249283,,6.7176099030749015,,4.269118521709818,,3.297107327720167,,8.190324673167423,,4.841830571226959,,3.755977417694071
LT_819,2,fold2,0,,0.0004208201738013107,,6.869129532736109,,2.834185256821609,,2.2881052166598455,,9.327803623550022,,4.5308428935261365,,3.4043016770766736
LT_820,2,fold2,0,,0.0004222452932708884,,6.459035343059212,,2.7234415787777713,,2.2521844615520723,,7.820866962265577,,4.015542410192418,,3.2151537445583305
LT_824,2,fold2,0,,0.0004216311113715808,,6.272210226260702,,2.6736958041555683,,2.294432217456385,,7.4827468575108185,,3.370115886495548,,2.727934367601715
LT_825,2,fold2,0,,0.0004236918615908112,,6.442563768300829,,3.8586256171114623,,3.160083122548098,,7.583647926080974,,4.661483098033216,,3.7290094841220496
LT_831,2,fold2,0,,0.0004244539863380928,,6.727566843182727,,2.6979523437471338,,2.2903224589143893,,8.830231423089847,,3.5171127732670224,,2.8072999396973874
LT_833,2,fold2,0,,0.0004184715497434488,,7.083714007666754,,4.216944451014839,,3.373794085720959,,8.75915431094628,,5.093078534596695,,4.239332552985679
LT_838,2,fold2,0,,0.00042528377593736497,,6.517916831965188,,2.7627841465511747,,2.3313291897792663,,7.630527265465762,,3.861073778522644,,3.062724510647257
LT_840,2,fold2,0,,0.00042530898625439857,,6.350142783445613,,2.7212131064568394,,2.306324024431201,,7.713853327316649,,4.193488214269028,,3.2714745011434707
LT_845,2,fold2,0,,0.0004280787994313355,,6.604653664686429,,4.273690895245483,,3.5578628785396327,,7.714372967626042,,5.038611879364806,,4.127090054689422
LT_857,2,fold2,0,,0.0004195868829836875,,7.191453204636336,,4.42081894857798,,3.590544789529322,,8.95986068336295,,5.678534869024028,,4.540848150465009
LT_866,2,fold2,0,,0.0004197162747028461,,6.702456780157878,,2.598720012096225,,2.20268542783374,,8.637708250142346,,3.537607361403955,,2.9256196657141698
LT_883,2,fold2,0,,0.00042219515810320435,,6.87958104177392,,4.229613621625384,,3.4417227299961364,,8.319845424817865,,5.207852438641716,,4.287988772950701
LT_887,2,fold2,0,,0.00042573261647912974,,6.457421364720112,,2.6705626346673808,,2.2396906609989733,,8.37781016672354,,3.329246411438933,,2.6545259564134804
LT_891,2,fold2,0,,0.0004238367590849966,,6.477679054358207,,2.6489644011956557,,2.2320470943767927,,7.856810444046,,3.9795589991221436,,3.2505606617508116
LT_893,2,fold2,0,,0.0004243990447289417,,6.238781945437704,,2.447975446125276,,2.1134069565385927,,8.23881403045278,,4.039130843585127,,3.068943592101418
LT_90,2,fold2,0,,0.00042024825109362833,,6.843886571064143,,4.078261883476996,,3.2273222828998054,,8.513422436422625,,4.859844801228783,,4.009163823290226
LT_900,2,fold2,0,,0.0004252427877289421,,6.088425144991537,,2.397365474339047,,1.9656056503444155,,7.414027511553939,,3.2671738308702003,,2.6446464497570426
LT_915,2,fold2,0,,0.00041944563856699535,,6.621380927302449,,4.059909707629237,,3.3571384360466707,,8.093852339050272,,4.886138112747904,,4.1587567967972365
LT_917,2,fold2,0,,0.0004254709193559081,,6.615104885677003,,2.9451376817096433,,2.406545440149219,,7.832590761017748,,4.33759523715677,,3.338214526957643
LT_92,2,fold2,0,,0.0004215329714197958,,6.311240235190816,,2.550063925871295,,2.164581598195141,,7.830346389094917,,3.4025839048001485,,2.702158786325438
LT_935,2,fold2,0,,0.0004214891382745903,,6.559459302486825,,2.5868795960870665,,2.1877204405020225,,8.081841882600688,,3.854190846786483,,3.169510669375759
LT_936,2,fold2,0,,0.0004251051373210333,,6.516165562785357,,2.8171010691642238,,2.3377313636136403,,7.887683038104561,,4.23430044426088,,3.3394309323120637
LT_94,2,fold2,0,,0.00042144940397412234,,7.028588315546664,,3.2135437533506903,,2.6509886564759286,,9.038550398878208,,5.248890908204921,,4.028489788729578
LT_947,2,fold2,0,,0.00042009251298089946,,7.041576139125373,,4.020018216593912,,3.1789414773230913,,8.455217179583297,,4.599415222629418,,3.740053924440962
LT_949,2,fold2,0,,0.0004220997321689821,,6.314865062832816,,2.7275613197869113,,2.316027137330681,,7.60910454236534,,3.708387533661035,,2.911293160129557
LT_950,2,fold2,0,,0.0004251754496685401,,6.573798194270661,,2.4248549641507884,,2.005154952226546,,8.014175101992754,,3.2356030410877374,,2.7324486670446175
LT_951,2,fold2,0,,0.0004252114680927503,,6.488260422661396,,2.7577004272921752,,2.269405954829831,,7.905589007751692,,4.391486180109176,,3.37043962847676
LT_952,2,fold2,0,,0.00041939316055120135,,6.885069424750166,,3.943663319062569,,3.2146535574539765,,8.466031446573265,,4.784235265111469,,3.956140594675441
LT_954,2,fold2,0,,0.00041932115658251286,,6.618257052616629,,2.650432080411026,,2.1952972402242232,,8.446602576060588,,4.1494742980477,,3.364658352234966
LT_955,2,fold2,0,,0.0004208198357239512,,6.860377518191136,,4.391157134679906,,3.5033391427964764,,9.270850762658084,,5.663725110954842,,4.507466704883728
LT_962,2,fold2,0,,0.00042066934536948673,,6.287202680411071,,2.641476455477992,,2.197370015876068,,7.844285497791508,,3.5239734766667494,,2.7761644449537357
LT_966,2,fold2,0,,0.0004237333546167118,,6.341609694704641,,2.55097375618252,,2.1583880696801057,,8.324996198168508,,4.17296208739001,,3.3151003772705496
LT_967,2,fold2,0,,0.0004244512023225365,,6.631207757501862,,2.839193131133502,,2.37517428097741,,8.094771358883357,,4.533685506063793,,3.4525876797611845
LT_968,2,fold2,0,,0.0004243765902837409,,6.491662091320521,,2.658693411025052,,2.266805410063993,,8.140250758444258,,4.145699821961815,,3.304471843557368
LT_974,2,fold2,0,,0.00042549977066113145,,6.268267464878086,,3.9208338941377066,,3.0882646873864235,,7.222480499543777,,4.326287516875214,,3.299482507683314
LT_981,2,fold2,0,,0.0004248975185666484,,6.516441911964362,,2.6283026857419323,,2.163071777166528,,7.980696278340195,,4.257316292469426,,3.195088721472903
LT_983,2,fold2,0,,0.00042104287065119865,,6.470647043430508,,2.6212979738711226,,2.2335411056137073,,8.116682278787328,,4.061094086893556,,3.2689293490272986
LT_985,2,fold2,0,,0.0004274486197853415,,6.395228518928889,,2.431518233775672,,2.021801173123166,,7.776473157672917,,3.5392507333288403,,2.774397207437793
LT_986,2,fold2,0,,0.00042088614494230694,,6.288387374297267,,2.4056017182775875,,2.027041768283959,,7.689418395583055,,3.449978407753542,,2.7646080519839984
LT_988,2,fold2,0,,0.0004213458233981171,,6.213032076361778,,2.4050088578026365,,2.0329767883532726,,7.939655091400859,,3.068698735108372,,2.4289072405864407
LT_991,2,fold2,0,,0.00043139075224553,,6.429651495810538,,2.4927167988318146,,2.1156695582913447,,7.661047876000719,,3.9189422627966657,,2.994267005941649
LT_993,2,fold2,0,,0.0004253605911842453,,6.415647937199548,,2.7802767143444824,,2.31266644709912,,7.759481546105955,,4.325208414579912,,3.3644882749099185
LT_997,2,fold2,0,,0.0004249081875259686,,6.307509368153079,,2.585094180850251,,2.2385931291908014,,8.072924138888864,,3.50589378952905,,2.7881260992444457
PCL_32660,2,fold2,0,,0.00040411057525425835,,6.489667119529075,,3.554205401915146,,2.715703866070368,,7.559430323429455,,4.311119035102458,,3.4729495948430196
PCL_32661,2,fold2,0,,0.00040427955519564684,,5.876485164502127,,3.5839286062019236,,2.6736768466578416,,7.13937310708977,,4.225618728301324,,3.3394221362119536
PCL_32662,2,fold2,0,,0.00040480506667276393,,5.690960387227249,,3.5462990064226267,,2.706517124915485,,7.281119094784315,,4.19197078076674,,3.2513755230421935
PCL_32665,2,fold2,0,,0.00040480506667276393,,5.690960387227249,,3.5462990064226267,,2.706517124915485,,7.281119094784315,,4.19197078076674,,3.2513755230421935
PCL_32666,2,fold2,0,,0.00040222512198098,,6.258101109292086,,4.20665784987237,,3.166717610809536,,8.103692965729731,,5.4666795215929325,,4.224745535691574
PCL_32668,2,fold2,0,,0.00040446344879798736,,5.783789108660196,,3.8102092773075142,,2.832670119450001,,7.36348159026684,,4.382008342033145,,3.3901176574396166
PCL_32683,2,fold2,0,,0.000416985997813462,,6.367259179623837,,4.024740524456228,,3.293933962340942,,7.715837197529797,,4.893504145956596,,3.8333906850663713
PCL_PCL0213,2,fold2,0,,0.0003989112355827478,,6.603932755581405,,4.141507954996166,,3.0280272310189953,,8.039150779350422,,4.791969545493695,,3.7207875518569167
PCL_PCL0214,2,fold2,0,,0.0003996879014487257,,6.523245647512675,,3.737966153417454,,2.8997030209187757,,8.078994332655736,,4.018661562843999,,3.1997938923272162
PCL_PCL0215,2,fold2,0,,0.00040278766013667616,,5.731454393239791,,3.7893447059938015,,2.848550595730709,,7.8949733397822275,,4.389552723369618,,3.5963022748260243
PCL_PCL0216,2,fold2,0,,0.0004071681999455838,,6.0896981793307505,,3.764825148443758,,3.183818611172497,,8.152561491452335,,4.636076866154191,,3.6299131552602346
PCL_PCL0217,2,fold2,0,,0.0003996484600514334,,6.340143158722673,,4.034997777626219,,3.173739091641174,,8.141479597081702,,4.218239888201744,,3.430193072154569
PCL_PCL0218,2,fold2,0,,0.00040017202157044754,,6.135483883428295,,3.9255787619923357,,3.096011818155222,,8.068676750306587,,4.484893160739915,,3.5892647991211026
PCL_PCL0219,2,fold2,0,,0.00039911976928291674,,6.675869768527143,,3.6923627008212407,,2.984374558140019,,9.24920729021648,,5.002934383255012,,3.8977559560936443
PCL_PCL0221,2,fold2,0,,0.00040088439430357135,,6.612886995427773,,3.9607782600768027,,3.2125497916107073,,8.297715024672781,,3.901638491679641,,3.062607960841333
PCL_PCL0222,2,fold2,0,,0.0004150722864988618,,6.45767957362552,,3.870645560397289,,3.156375772017502,,8.213586401632526,,3.892913865125099,,3.170334045302502
PCL_PCL0223,2,fold2,0,,0.000404832417229559,,6.4707832755701595,,3.8767775335370183,,3.0742702476383057,,8.429107378095607,,4.259914841223839,,3.351882711186527
PCL_PCL0224,2,fold2,0,,0.00040599693004577005,,6.375321080432265,,3.9662987702085646,,3.0935910115630785,,7.960792176701168,,4.0222102964305195,,3.242904323708022
PCL_PCL0228,2,fold2,0,,0.00040063182171429235,,6.244906667712944,,3.9595155127068673,,3.0686784486075505,,8.25724605724497,,5.15413254029811,,4.029279553389471
PCL_PCL0290,2,fold2,0,,0.00041904050944224606,,6.513113919681818,,4.038888188625657,,3.2519354679131505,,7.707339805084764,,4.772529684838621,,4.061826938390731
PCL_PCL0291,2,fold2,0,,0.00040654006529774675,,6.306674010017283,,4.044020808569958,,3.2400843817363425,,7.6399575593845634,,4.533063710170686,,3.643605167364583
PCL_PCL0292,2,fold2,0,,0.0004171778482128744,,5.989535514782126,,3.628590264975671,,2.888748103100555,,7.495962483565179,,3.582886563435484,,2.8227265912753152
PCL_PCL0293,2,fold2,0,,0.00040838012530127095,,6.744996575652754,,4.24988431980091,,3.454579180154236,,8.02430131346629,,5.2277411932668105,,4.289647783212894
PCL_PCL0294,2,fold2,0,,0.00041884363710160445,,6.547936272248358,,4.164220287894755,,3.3293358932968227,,8.345051262920718,,4.971328263906159,,4.100374850542544
PCL_PCL0295,2,fold2,0,,0.00042668271192503916,,6.535735839652828,,4.259532407403071,,3.4223026025297085,,8.42172753395986,,5.084665855700562,,4.062195357591519
PCL_PCL0296,2,fold2,0,,0.00041337698156224123,,6.685754783602388,,4.190807597749746,,3.360220209325059,,7.697117890642631,,4.896556304960952,,4.231224310150391
PCL_PCL0297,2,fold2,0,,0.00041247478234380207,,6.837219960503981,,4.232493835849869,,3.39185014325098,,8.12740183342042,,5.204164952866846,,4.181388479573032
PCL_PCL0298,2,fold2,0,,0.00043016916432001527,,5.954646641962312,,3.8797244732965988,,3.1798947819823087,,8.153777696176785,,4.749386698239911,,3.8614061410209666
PCL_PCL0299,2,fold2,0,,0.00041610932542788734,,6.198797904427288,,3.6976462061464663,,3.081671343047022,,7.611259462166648,,3.9277662076733044,,3.1443898490206497
PCL_PCL0300,2,fold2,0,,0.0004057731035343858,,6.859573349829912,,4.10276495478319,,3.2821958933743374,,8.202446506073121,,4.802760351551311,,3.9657763969800466
PCL_PCL0301,2,fold2,0,,0.0004192392266702278,,6.36385046744129,,3.7653728678426908,,3.086992397176547,,7.920870255857573,,3.940118946905384,,3.169975633176505
PCL_PCL0302,2,fold2,0,,0.0004146291373642013,,6.245584166624024,,3.696216728613345,,3.0449570825247014,,7.886052987782549,,3.849886278078998,,3.0974343912132833
PCL_PCL0303,2,fold2,0,,0.0004063224748535807,,6.319659388032489,,3.671162381051578,,2.975116226778644,,7.768432086830257,,3.78908496619767,,3.059265814623384
PCL_PCL0304,2,fold2,0,,0.00040772698460301605,,6.1792896266609105,,3.83773491215405,,3.054564734690227,,7.603920392921369,,3.768547912531461,,3.061814406163139
PCL_PCL0305,2,fold2,0,,0.0004088026593644014,,6.63175466729186,,4.093102131354004,,3.2438676582461943,,7.879136758829321,,4.476393653508915,,3.6563422403519827
PCL_PCL0306,2,fold2,0,,0.0004045695140228213,,6.004264363701954,,4.034627410955567,,3.0442650035873835,,7.990908483932867,,5.136765269882256,,3.9797600147095813
PCL_PCL0307,2,fold2,0,,0.00042393518301337037,,6.626611398911218,,4.055192265213558,,3.2742991130304913,,7.612168911687238,,4.304818953364925,,3.3793992859526103
PCL_PCL0308,2,fold2,0,,0.00042338507298328616,,6.820978779391146,,4.192082919398427,,3.394234589801384,,8.740841505140441,,5.282220072020123,,4.180178651236929
PCL_PCL0436,2,fold2,0,,0.00043448258851035496,,5.020532932917659,,3.094919752996064,,2.550349262007324,,7.425906927576404,,3.581611529800235,,2.8031506237039197
PCL_PCL0437,2,fold2,0,,0.0004333548962218471,,5.341045535430228,,3.364763755790869,,2.69890946717088,,7.959174254155544,,3.801828905027332,,2.899653506337718
PCL_PCL0438,2,fold2,0,,0.00043200223447069364,,5.597928917122863,,3.331290585158156,,2.6558726127311085,,7.674972867079474,,3.628647878720577,,2.8558689467183425
PCL_PCL0439,2,fold2,0,,0.0004314974287006213,,6.626551477887561,,3.965616606904872,,3.1077558807772223,,7.566028149829762,,3.808828095434198,,3.1241047135333706
PCL_PCL0440,2,fold2,0,,0.00043517499602695187,,5.1421115258044745,,3.1952397089582316,,2.6235103668606183,,8.032355946969806,,3.8162621652494524,,3.0341381824018208
PCL_PCL0441,2,fold2,0,,0.000436992559015862,,5.125616451174631,,2.59891956536768,,2.1715087090734024,,8.46825060620141,,3.338847528409336,,2.593565728838957
PCL_PCL0442,2,fold2,0,,0.00043382362419598815,,5.1198472890162865,,3.231747272995977,,2.6518197288696315,,8.14305933764462,,3.78045305698615,,3.088599939087718
PCL_PCL0443,2,fold2,0,,0.00043515499824660006,,5.203432406986588,,3.060878931078548,,2.469900894080414,,7.400828094767719,,3.3102463019243897,,2.6264277222169556
PCL_PCL0444,2,fold2,0,,0.00043402740194990914,,5.079956396260749,,3.135857663292844,,2.5905733003893068,,8.412382121895451,,3.7682242356049613,,2.991706873886179
PCL_PCL0445,2,fold2,0,,0.0004355950166932514,,5.11650189716653,,2.8076031802129195,,2.2955428322742875,,8.236388116868595,,3.239277664021338,,2.5834854141884716
PCL_PCL0446,2,fold2,0,,0.0004338397307760665,,6.344155669409506,,3.689967705331881,,2.8901476010062073,,7.478037687375063,,3.692056456981669,,2.7770446128733046
PCL_PCL0447,2,fold2,0,,0.00043648402415737836,,5.2446502350226165,,3.05009166608685,,2.5043621332539674,,7.820703069535777,,3.5213178664772027,,2.8343974795905815
PCL_PCL0448,2,fold2,0,,0.000434045536873982,,5.433835590195964,,3.494526701675447,,2.8691942962961274,,8.089524373039966,,3.8791805435181677,,3.0212308914421504
PCL_PCL0449,2,fold2,0,,0.00043364145616568185,,5.6409969578320895,,3.424678538391236,,2.6865976974267896,,7.436458083101218,,3.5129269743697757,,2.699228730140057
PCL_PCL0450,2,fold2,0,,0.0004358736170180146,,6.193809268258152,,3.719153171644426,,2.9470999753161933,,7.540916402507321,,4.679813627422025,,3.6208227126551953
PCL_PCL0451,2,fold2,0,,0.0004347187892321455,,5.314175536035048,,3.134280120466025,,2.5175750835548234,,7.6428838137775275,,3.4684783159727233,,2.6213097979077395
PCL_PCL0452,2,fold2,0,,0.000435242105932326,,5.461515401578475,,3.3364054518259896,,2.732975415781184,,8.202789797399966,,3.833064251574587,,2.9578963574418258
PCL_PCL0453,2,fold2,0,,0.00043292810947097304,,5.3447821072150115,,3.159952857715347,,2.5453105353017547,,7.6252152206748995,,3.231313050900254,,2.6029613827687896
PCL_PCL0454,2,fold2,0,,0.00043329393470039647,,5.354576316129498,,3.193373777464666,,2.612892525346527,,7.758909225705036,,4.02066061489622,,3.122611551069807
PCL_PCL0455,2,fold2,0,,0.00043348117428952497,,6.09869734447777,,3.4321718618522103,,2.720783799200995,,7.431864080108398,,3.8046975368754126,,2.909694402509559
PCL_PCL0456,2,fold2,0,,0.0004355267289140787,,4.978553449437163,,2.8311008401496083,,2.3577253083761627,,8.289974132696742,,3.4002944739268934,,2.702320097069031
PCL_PCL0457,2,fold2,0,,0.0004324157843393524,,6.1586244205262854,,3.6371650082275098,,2.789756873584581,,7.541145174576177,,3.684197015696187,,2.7658842019270367
PCL_PCL0458,2,fold2,0,,0.00043312090748802434,,5.845535455547596,,3.461460106356685,,2.7350722516745294,,7.98740278168894,,3.9915431888617103,,3.129662525507569
PCL_PCL0459,2,fold2,0,,0.00043511204712948226,,5.780421547865297,,3.4735112046524477,,2.768541155484331,,8.343513875695981,,3.9420034609456245,,3.233192093551675
PCL_PCL0460,2,fold2,0,,0.00043328170682627523,,6.141780121556111,,3.7432249661261867,,3.055552621250485,,8.793959248183432,,4.827198271161572,,3.9627090319992346
PCL_PCL0461,2,fold2,0,,0.00043624560579020623,,5.011514263909173,,3.012785385703807,,2.461534414329266,,8.267948131082301,,3.6884347890604983,,3.0338331058011603
PCL_PCL0462,2,fold2,0,,0.0004353680496975137,,5.0430750315769135,,2.812518529371123,,2.326647351761752,,8.350394013028769,,3.528769245437508,,2.7590075269083774
PCL_PCL0463,2,fold2,0,,0.0004351490185629126,,5.375954252814911,,3.0023355668226435,,2.485499096736314,,7.749160862904287,,3.539079070331332,,2.7565311921021185
PCL_PCL0464,2,fold2,0,,0.00043527942351407646,,5.190269274707416,,2.9724718225461904,,2.4118805830950727,,7.7343289039094385,,3.519647170828652,,2.7387957303074115
PCL_PCL0465,2,fold2,0,,0.00043528229549364555,,4.968383305665225,,3.0247804361524646,,2.417585779216262,,8.129871435814033,,3.5789422559242934,,2.886103212375581
PCL_PCL0466,2,fold2,0,,0.0004339392735197359,,5.367302426160445,,3.1039648902533163,,2.490093235411302,,8.388082672519959,,3.7448296609997964,,2.9279371412740014
PCL_PCL0467,2,fold2,0,,0.00043410258201851716,,5.206202916388087,,3.156586857608148,,2.5606204132550046,,8.524575503931608,,3.7355416366709404,,3.0982390527203183
PCL_PCL0468,2,fold2,0,,0.00043645367935120187,,5.300430375536653,,3.136754622890352,,2.5152437926069195,,8.107935235025318,,3.8625277331539905,,3.0923636298002726
PCL_PCL0469,2,fold2,0,,0.00043603017100455124,,5.550820113785271,,3.2241548919985985,,2.549017441430152,,8.714862016542789,,3.943740716468731,,3.248412844474513
PCL_PCL0470,2,fold2,0,,0.0004363431169465883,,5.816404149556513,,3.223705609330827,,2.5471994927929775,,7.951732922964996,,3.7048994501622987,,2.9438788754729863
PCL_PCL0471,2,fold2,0,,0.0004342175544217869,,5.141596325429746,,3.191754802620083,,2.5750177227468813,,8.296643460312175,,3.751104461473405,,2.9232642053461
PCL_PCL0472,2,fold2,0,,0.00043627670829761954,,5.065115806137033,,2.8577953057065266,,2.3752120886892167,,8.027214901144571,,3.522389795772882,,2.769912681810461
PCL_PCL0539,2,fold2,0,,0.0004306750227847725,,5.812401383218089,,3.6318005898173347,,2.9847785563507614,,7.595840993045974,,4.611165310486302,,3.7626806930635053
PCL_PCL0540,2,fold2,0,,0.00042690164946432123,,6.0431519159577345,,4.039780410123422,,3.3083456368380535,,8.068517987222352,,4.842344428882554,,4.113933934299071
PCL_PCL0541,2,fold2,0,,0.0004315083461945944,,7.416617775745694,,4.365648866500192,,3.5557653171529706,,9.206822955769146,,5.542275574828159,,4.744358260936924
PCL_PCL0542,2,fold2,0,,0.00042395496752270674,,7.318279868057099,,4.3766024028187465,,3.4293261267222594,,9.233646000390907,,5.7195755332289755,,4.85171377023703
PCL_PCL0543,2,fold2,0,,0.0004194975909283614,,6.289336413678383,,4.033876222467435,,3.2382103626078766,,8.63724909911736,,5.453662147977422,,4.583239536281696
PCL_PCL0544,2,fold2,0,,0.0004196827834232024,,6.182133078810643,,3.7258360259687078,,3.0161034833928086,,8.655584420965406,,4.992365049109531,,4.009367873313311
PCL_PCL0545,2,fold2,0,,0.00042440887024676986,,6.288492778940066,,3.729393806894369,,2.9571096742953125,,8.420331314074101,,5.1774070068235165,,4.012396174168985
PCL_PCL0546,2,fold2,0,,0.00042465383127843377,,6.073802929974986,,3.726631883264742,,3.0948619129570796,,8.334424383544398,,4.7550080138229545,,4.039858046451502
PCL_PCL0547,2,fold2,0,,0.000432015943166315,,5.704937202906846,,3.547383440365455,,2.9530749085442243,,8.125506734758266,,4.240791333514469,,3.5027994335803823
PCL_PCL0548,2,fold2,0,,0.0004198797672467433,,6.1744467826498095,,4.098845009003906,,3.3971144792944306,,8.001415523702537,,5.170658439993476,,4.361253539360451
PCL_PCL0549,2,fold2,0,,0.00042211170057625085,,5.864356281662967,,4.017722345108392,,3.3230865248958352,,8.571314002283716,,5.315474034451445,,4.432463897673506
PCL_PCL0565,2,fold2,0,,0.0004237930447539683,,6.31178715388548,,4.126677624789663,,3.2608341659894378,,8.341554761753823,,5.2600140220438245,,4.340776572549892
PCL_PCL0567,2,fold2,0,,0.0004329499304358969,,5.743287821487326,,4.221479330328983,,3.496919676969399,,7.929750019633039,,4.806436863512656,,4.136040294662469
PCL_PCL0578,2,fold2,0,,0.0004104713811879622,,6.882058803003491,,4.437409641861644,,3.415481920412708,,8.135491347087997,,5.575088125297781,,4.363854051176513
PCL_PCL0579,2,fold2,0,,0.0003995984885306215,,5.953961253528678,,2.8682762485974376,,2.284197529226635,,7.620317109315157,,4.005481848111032,,3.2150475101886338
PCL_PCL0584,2,fold2,0,,0.0004065056040169681,,5.669356325676482,,2.328856645994407,,1.9540220044596548,,8.083704423581862,,4.0075804891294045,,3.2116370766915563
PCL_PCL0586,2,fold2,0,,0.00040666053447500905,,6.337961371938071,,2.2640085230621207,,1.9080940350606916,,8.422185839480647,,3.4780435329059896,,2.7966626098446556
PCL_PCL0589,2,fold2,0,,0.00043148144416212293,,5.634488780300471,,2.5040934102779953,,2.10095337593099,,7.907834204318168,,3.530971602696061,,2.82227982853864
PCL_PCL0592,2,fold2,0,,0.000433289294830632,,5.5319308342959825,,2.270384929082831,,1.9206583843825547,,7.345267050502884,,2.809699295949755,,2.295549978703836
PCL_PCL0602,2,fold2,0,,0.0004061940348034851,,6.78579762493108,,3.175302082975239,,2.6057843154489637,,8.739097979765774,,5.223823069556929,,4.071412519611956
PCL_PCL0604,2,fold2,0,,0.00040321018413270494,,6.743517711690941,,2.963672869777711,,2.3614708258816717,,8.612896692190327,,4.543831249181368,,3.4731486736410395
PCL_PCL0606,2,fold2,0,,0.0004064862251213566,,6.921168655324512,,3.134553464357458,,2.668228070576849,,8.284847445553382,,4.8839837562294965,,3.80077919873822
PCL_PCL0608,2,fold2,0,,0.0004033630067441108,,5.158269257572707,,2.134663627223075,,1.8696805856598206,,7.924097107962591,,2.954661954018388,,2.4212511176061313
PCL_PCL0609,2,fold2,0,,0.00040192170274302996,,5.643338370146759,,2.086088954090951,,1.804335077851101,,8.226297262452023,,2.7269515434198657,,2.212254276557888
PCL_PCL0611,2,fold2,0,,0.00040551408414386293,,7.23038827130833,,3.0764753377393284,,2.5306567252978756,,8.997251393525977,,5.090460402319208,,3.9947543006383306
PCL_PCL0617,2,fold2,0,,0.0004035785683124231,,5.9695146232203875,,2.443691261157582,,2.0561530769346232,,8.039924020287124,,3.215505958672136,,2.554535795432337
PCL_PCL0618,2,fold2,0,,0.0004042851729732042,,6.406297697564018,,2.9111944624242927,,2.4178389673126985,,8.292768033509226,,4.711673066276123,,3.9019538992761
PCL_PCL0629,2,fold2,0,,0.00039990067275530276,,5.944111582635839,,2.7510823746016646,,2.2512927256648925,,7.198719586226429,,3.487757099887573,,2.8172536025047084
PCL_PCL0633,2,fold2,0,,0.00040413550952263406,,7.017176296265926,,3.1177297866185385,,2.500441443978096,,9.502396755920765,,4.835250424792211,,3.8858369304595577
PCL_PCL0637,2,fold2,0,,0.00040855445527196096,,6.256902051248691,,2.722820403699903,,2.2144309200982066,,7.526792565679711,,3.6351150905139913,,3.0112189734220975
PCL_PCL0647,2,fold2,0,,0.0003995776665292501,,6.402939727996236,,2.564155418206237,,2.134217823372422,,9.017921251269883,,3.395553559479951,,2.6970458979804857
PCL_PCL0651,2,fold2,0,,0.00040034966104518684,,5.5903654005089045,,2.4882520672126276,,2.0921486201313315,,8.200965962856086,,4.197978762048767,,3.13064403576878
PCL_PCL0652,2,fold2,0,,0.0003996463303811131,,5.89626879248948,,2.642454188791559,,2.145960871920522,,9.008774254402342,,4.480478788773991,,3.2965927889125997
PCL_PCL0654,2,fold2,0,,0.00041382397905165465,,5.624278545890138,,2.3840162454504625,,1.9974828074830817,,7.69723406915314,,3.137240074486919,,2.4626154931522937
PCL_PCL0655,2,fold2,0,,0.00041382397905165465,,5.624278545890138,,2.3840162454504625,,1.9974828074830817,,7.69723406915314,,3.137240074486919,,2.4626154931522937
PCL_PCL0657,2,fold2,0,,0.0003984825992797737,,6.834192401760996,,2.9753480175200204,,2.4982876043603364,,8.34411093748559,,3.875856684476238,,3.058729694077727
PCL_PCL0661,2,fold2,0,,0.00040378019202625196,,5.97423991002446,,2.477796108047644,,2.0394220298345074,,8.405646502867672,,3.085145014281421,,2.397180915586195
PCL_PCL0663,2,fold2,0,,0.0004072605284354061,,5.496719325959521,,2.519154567422165,,2.106782917287648,,6.902608834165403,,3.54280326323099,,2.764789425007266
PCL_PCL0682,2,fold2,0,,0.0003985452436427537,,6.003730300272628,,2.708231316827166,,2.2443261830563093,,9.236180398643793,,4.466825979013596,,3.3541575813340487
PCL_PCL0687,2,fold2,0,,0.00042604903269542575,,5.990643798405134,,2.4023139309283543,,2.01121968238119,,7.786726777638274,,2.838464415470109,,2.3752515224726953
PCL_PCL0697,2,fold2,0,,0.000403345935390367,,5.572031859933482,,2.4242310971572754,,1.9941086124764589,,7.661865170720233,,3.497264246852926,,2.827769921966002
PCL_PCL0707,2,fold2,0,,0.0004207421752052704,,6.383881158803232,,2.726595659130947,,2.320924230429972,,7.838580459458071,,3.2013927839978122,,2.617347814873259
PCL_PCL0708,2,fold2,0,,0.0004218948209944208,,6.384649579433992,,2.6665145299243465,,2.2137533083663516,,7.803675552583796,,3.0972248552609876,,2.517592689740306
PCL_PCL0709,2,fold2,0,,0.0004111981366665893,,6.542025018547129,,2.9048758920344726,,2.381548533758016,,7.750469923814318,,4.189564338659601,,3.3064859896899854
PCL_PCL0710,2,fold2,0,,0.00040315670951694173,,6.269659254867396,,2.5767705035448722,,2.150614075624965,,7.881552152257853,,3.5664578930153463,,2.8602970608274227
PCL_PCL0713,2,fold2,0,,0.0004097064611060103,,5.828232489824457,,2.7966947619275864,,2.3220524836996117,,7.863785715339531,,3.7316506106128435,,2.9475454985648604
PCL_PCL0714,2,fold2,0,,0.0004095440470774335,,6.293472055547994,,2.543148228714507,,2.1621848094207587,,7.908599926057268,,3.0055216647111425,,2.4561439989984986
PCL_PCL0715,2,fold2,0,,0.00040695320651260025,,6.42332414494382,,2.737991875231684,,2.2529029026503173,,7.978453601638376,,3.846312845764338,,3.1069007484635804
PCL_PCL0716,2,fold2,0,,0.0004135651204574334,,6.487138691574296,,2.7521453186274196,,2.2508099460674935,,8.413199353659191,,3.9554906419613456,,3.225687728150058
PCL_PCL0720,2,fold2,0,,0.0004318137502096822,,6.450542656698391,,2.869329183626234,,2.353693261156889,,7.888022257844864,,4.185386155058253,,3.358794971652466
PCL_PCL0725,2,fold2,0,,0.0004051510026653188,,6.64059947844005,,3.0089137645300785,,2.4562888676404424,,8.017613628479332,,4.53323187176116,,3.5526965584404095
PCL_PCL0726,2,fold2,0,,0.00041064789070533597,,6.360747045448306,,2.8379033201313493,,2.400156116695667,,7.901593352487495,,4.381981526861213,,3.594333804969421
PCL_PCL0735,2,fold2,0,,0.0004199746650418723,,6.255619883723084,,2.6132839435947246,,2.220292641330828,,8.869157839668135,,4.541717826001584,,3.5691798838955546
PCL_PCL0736,2,fold2,0,,0.00042122332740098835,,6.188383909129331,,2.579314188952832,,2.193268908264978,,8.19063768732757,,3.8866148843373334,,3.1047351187521737
PCL_PCL0742,2,fold2,0,,0.00041955065853342514,,6.058357367281158,,2.571086063871663,,2.16791390227411,,8.205059623155375,,4.323608836159376,,3.3796089761745125
PCL_PCL0743,2,fold2,0,,0.0004119074460229473,,6.562583814389026,,2.792963052281364,,2.321714965474742,,8.191964452880846,,4.538495303602745,,3.6230499816101696
PCL_PCL0744,2,fold2,0,,0.00041469180490817485,,5.967764792565078,,2.832616434378987,,2.3806477181126433,,8.344486281401636,,4.402921383683517,,3.592725235665273
PCL_PCL0745,2,fold2,0,,0.0004128278473171411,,6.533595425507584,,2.8094430246432407,,2.3276315315913645,,8.122432186236408,,4.37987512683684,,3.450658971450481
PCL_PCL0746,2,fold2,0,,0.00041716961358396164,,5.927801704144076,,2.6084380132611433,,2.1283131313780066,,8.392292377692838,,4.132163904316199,,3.1972253533009307
PCL_PCL0748,2,fold2,0,,0.00042215529479551483,,6.4657243257352315,,2.5892996937053945,,2.19846021385286,,8.84277905264443,,4.353872160715394,,3.3223165226267217
PCL_PCL0749,2,fold2,0,,0.00042060375374149313,,6.360767032980703,,2.5675102685676463,,2.123758389989229,,8.913887106747515,,4.298809071913743,,3.3214704598437907
PCL_PCL0750,2,fold2,0,,0.0004300956053986584,,6.267616789685979,,2.539514229260421,,2.115663731808879,,8.575044496978139,,4.11813237746821,,3.1264679943918696
PCL_PCL0754,2,fold2,0,,0.00043181323878147687,,6.690436919878659,,2.714935764509328,,2.2004531527197497,,8.964175932977064,,4.386809696928187,,3.5574618761912364
PCL_PCL0793,2,fold2,0,0.00041297644476012924,0.00039954194784485794,10.510538168930829,6.08186269170718,1.7349992672672978,2.3297435886721183,1.24777390743258,1.9970867882937346,14.112292879725157,8.279446836123205,1.8844564789627103,3.475376057718292,1.2896339777144634,2.938643481405018
PCL_PCL0794,2,fold2,0,0.0004151852099796227,0.00040062457870954776,5.286225632716635,5.055055634367563,1.6045187391821427,2.2729307770043805,1.3190853412182464,2.026303037794524,5.86153305370815,7.710553974125088,1.649989024015674,2.928798687814566,1.3403032720549353,2.435562144975033
PCL_PCL0795,2,fold2,0,0.00041528787635068264,0.00039944991924414745,5.593665481962996,5.472565192819902,1.3543629617772575,2.284452972311646,1.124464501203305,1.9422459342316671,6.0,7.819440839278703,1.3953130677118768,3.144241873828857,1.1386175544935309,2.560385077327464
PCL_PCL0796,2,fold2,0,0.00041525805182823604,0.0003992887243473471,,5.338516323884244,,2.451165929496688,,2.0666193270761353,,8.044570205087634,,3.75421540292839,,3.0004924004037057
PCL_PCL0822,2,fold2,0,0.00041254713323910853,0.000401278649905662,3.639731684625482,5.8375002170251475,1.449686867624702,2.364863132137691,1.2233784240703627,1.9359591268366763,7.430766526854,8.194094492873868,2.5527955989683644,3.301333442405467,1.8318045851253453,2.490911979863341
PCL_PCL0823,2,fold2,0,0.0004213400762487265,0.00039905482660894734,,5.731666525171166,,2.3742865175707357,,1.9287937383154679,,7.9703364189024075,,3.4561988249334243,,2.681804014645915
PCL_PCL0824,2,fold2,0,0.0004224626668096625,0.0003990064270473267,,6.023848134438379,,2.415729370467291,,1.9523231937204188,,7.7527689292849225,,3.3205584756243187,,2.548479508889914
PCL_PCL0827,2,fold2,0,0.0004223104371961799,0.0004004973460859738,5.359503784390754,5.966804957711519,2.1377695551784437,2.9817099301728818,1.7909583740978532,2.4603560138808334,9.89206272406748,9.109840570560388,2.337875905691162,4.165027048627317,1.827301477834986,3.3242708755442085
PCL_PCL0828,2,fold2,0,0.00040728089437569876,0.00040138280452926313,4.68326708626946,5.319140429947462,2.1656981948722613,2.0540620722775773,1.6124702981599213,1.7597558852204278,5.0,7.963292436159061,2.2510418173360978,2.797053856833059,1.6538121872240208,2.2936488120061296
PCL_PCL0829,2,fold2,0,0.0003869802305515521,0.00039969967039621933,7.126440236003265,5.650645373872436,4.735111119167556,2.836591207789073,3.8438688056408257,2.3245371039814233,9.0,8.345939006475634,6.628334347766555,4.463353165710638,5.721375537319266,3.467269660752324
PCL_PCL0830,2,fold2,0,0.00041504808578104297,0.000400922875380693,,5.120436818543184,,2.1435773263126565,,1.812911303489862,,7.962648983586814,,2.9274277065979826,,2.4388604386950004
PCL_PCL0831,2,fold2,0,0.00041358063502188234,0.0003994587603479635,3.4541193780403616,5.147183407214385,1.2027807070613292,2.2674462715251353,1.0748911104681018,1.8466761366580366,8.180578134074123,7.6383011761911135,1.49188609530194,3.203431608632112,1.1732698790402538,2.483739485269161
PCL_PCL0835,2,fold2,0,0.00041729292408614093,0.0004023429071607458,,5.693678538551652,,2.165244263930862,,1.8502830027352464,,7.929859726607471,,2.920813887814797,,2.321192622051229
PCL_PCL0836,2,fold2,0,0.00038842724725534575,0.000398476116176532,4.296232684417034,5.806616018112444,3.131186486022211,2.671990539622423,2.7281858921177013,2.259867404183906,5.0,7.396297585193653,3.6817362563312805,3.5162761881373474,3.169014084507042,2.7248543606919067
PCL_PCL0837,2,fold2,0,0.00040332628203949177,0.0003986423456457961,3.8632754555554136,5.501372072865448,1.8175151647485277,2.4881446709458324,1.4381424412690937,2.1583345954172177,9.861207495704424,8.00505932587623,4.224522942279306,3.480859449958792,3.311684580796592,2.888858661683103
PCL_PCL0838,2,fold2,0,0.0004189978092195211,0.00039908215352267573,,6.368727708345062,,2.6584259379007746,,2.2161049900931284,,8.274628577919811,,3.7273053899971624,,2.891359305378865
PCL_PCL0846,2,fold2,0,0.0004125505128568124,0.00039866322138778186,8.05280252274579,6.219429530185368,2.774933453703666,2.4310710879989985,2.075148830758764,2.032308326270987,8.890101015133885,7.89539554905938,3.1247997852062475,3.4734538311826566,2.3614450525945903,2.662155525353463
PCL_PCL0847,2,fold2,0,0.0004119694328164716,0.00039857987608240934,6.363908300585289,5.873375619035099,2.1273885529416687,2.4014025666032772,1.5239047338484482,2.006479469386395,7.0,7.798210622123548,2.302486327498314,3.165264533815467,1.6004443033957472,2.45215880798064
PCL_PCL0850,2,fold2,0,0.00041101405551942214,0.00040258951013606367,4.585179230468862,5.923061766167384,1.9914560126510616,2.452875305033486,1.4842248005141228,2.1237247257874334,5.0,8.837410594537209,2.1831858541428097,3.5955018241750096,1.5874540830743145,2.641954258387089
PCL_PCL0851,2,fold2,0,0.0004133801520015179,0.0003993115913445821,5.019104999401836,5.888580002956919,1.5663508173366818,2.3051836657845324,1.2334579627502646,1.9100148760723172,6.4304286821588725,7.810572786443634,1.6207428844866985,3.307792792822581,1.2452454364112975,2.595895626143514
PCL_PCL0852,2,fold2,0,0.0004159242717688488,0.00039936944558999904,8.028679625214876,5.839249328816089,1.9377802984421708,2.537003710341461,1.4310940607102531,2.107338248062314,9.892048934785523,7.843816889961766,2.047768521103728,3.427604582342764,1.471165238418164,2.5661234107264943
PCL_PCL0853,2,fold2,0,0.00041943384687827723,0.00039984344657616015,,5.355500852429063,,2.203278394202181,,1.8371929989226534,,7.613020906087833,,3.5309154012374404,,2.6942923565863377
PCL_PCL0854,2,fold2,0,0.00041862337216689525,0.00039773113479482473,4.747743669225251,5.779156757765078,1.818269725570984,2.463493933427395,1.4069793684531884,2.000956984801042,5.0,8.378053886994495,1.8607677123988202,3.674866799532175,1.4233417440020526,2.8320025213625164
PCL_PCL0855,2,fold2,0,0.0004205430469352567,0.0003976495393617132,4.683267093627151,5.971034080775061,2.04817042330057,2.5556877693096127,1.8046191088999324,2.1300100009030127,5.0,8.50620362536062,2.1298893765378075,3.706540755759343,1.8764107565835308,2.88627193875101
PCL_PCL0856,2,fold2,0,0.0004216787054754992,0.0004024053631692757,6.43447639503554,5.299751728930886,1.1282733431643206,2.3486453183371183,1.0377740359584255,1.9780341739353413,6.8916729465338555,7.7543010633181435,1.145424991150821,3.314901640020442,1.0430804557800057,2.5764745166420755
PCL_PCL0857,2,fold2,0,0.0004185083096995034,0.0004006870754642549,,5.326280177296392,,2.3387198347838245,,1.9663560740495767,,7.881682198504905,,3.3927431582812977,,2.5627414539232767
PCL_PCL0858,2,fold2,0,0.0004092428981995394,0.00040120663493357044,4.883742284523044,5.34514728796976,1.4617800092257438,2.079983030515057,1.1999355602141828,1.7774061895706472,8.860971209105248,8.524467088774703,2.5422418778256177,3.080832740958522,1.7001952709853008,2.429669314696406
PCL_PCL0861,2,fold2,0,0.00041603941868374245,0.0003993943795454948,4.6142800690304595,6.06958646387048,1.3680309638293726,2.461719690882317,1.1834686865468917,1.983925375185423,7.885584676051235,8.793986320772056,2.1449446793694467,3.3938660023611176,1.6537552834813958,2.620273831008352
PCL_PCL0862,2,fold2,0,0.0004063513760174438,0.00039839807657220117,3.720819690956823,5.69493891428022,1.3206097915195367,2.6332775087085576,1.1448044578077654,2.2051751972552696,5.857807936381257,8.08307910862111,1.8741297060244746,4.228383002886744,1.417325871392943,3.5084441574066947
PCL_PCL0863,2,fold2,0,0.000400639203748873,0.00040197519385629966,,5.569267309241529,,2.025624428453876,,1.7403218599240866,,8.05691497168783,,2.675922048236557,,2.16296445725786
PCL_PCL0864,2,fold2,0,0.00040446283279939717,0.0003989117198219729,6.374413723086632,5.185091700388307,1.926651364914508,2.245043980411471,1.5113215480274638,1.9447052765333435,8.860386398575866,8.431356360163038,2.487188461884218,3.2517159086757492,1.693214099320204,2.5778401349748927
PCL_PCL0865,2,fold2,0,0.00039914079339321823,0.00040067099508580076,6.228086375064021,5.761272321528205,2.692639740072231,2.2639396501198377,2.224410707204009,1.849207642683256,6.855377566511337,8.504443037342392,2.8174240943000384,4.166393108960159,2.2840363053924184,3.0354949150160486
PCL_PCL0866,2,fold2,0,0.00040601299980597117,0.0003982571221433362,,6.037841819788751,,2.5977096823097137,,2.1505397600441434,,7.977810958727198,,3.453004605847732,,2.687279041706229
PCL_PCL0869,2,fold2,0,0.000422794281734238,0.0003998552381889748,,5.703633531307809,,2.32863636800723,,1.9694730613659175,,7.690846633381531,,3.2010794499670916,,2.536531177225414
PCL_PCL0870,2,fold2,0,0.0004193345381205095,0.00039843019120448624,6.500442261326841,6.333268899486604,2.1378280899094997,2.579643458413416,1.6611411393991848,2.1591545708490107,7.0,8.236788000449202,2.1921877012643405,3.782974368444376,1.680843817187134,2.97122092432385
PCL_PCL0871,2,fold2,0,0.0004085840652710835,0.00040052374079525485,4.162987746215691,5.198410135524416,1.2657677746649518,2.0987576312782736,1.1097725654122483,1.7667533567125981,8.860607237334678,8.023552759463943,2.0252407235442234,2.8495651130850477,1.4039050639368866,2.289833167215307
PCL_PCL0896,2,fold2,0,0.0004081615260604069,0.0003977547683855706,4.949922756625274,5.6502611168777,1.334138998767793,2.4977428620286948,1.1726485653443168,2.0633285023578463,8.182724531920735,8.893842579814448,1.9177346505140611,3.534974546987568,1.5164485712524909,2.772360918986133
PCL_PCL0905,2,fold2,0,0.00041652163608415756,0.0003986413644057069,3.1219463700523047,6.060360986964322,1.1261183294048887,2.4869243714380276,1.0425699523340668,2.0375432621610643,5.43026481032391,9.650564898479972,1.2986766965905667,3.9651519915770037,1.1024635542564496,3.152859065528021
PCL_PCL0906,2,fold2,0,0.0004110608814259034,0.00039789038300410383,8.337610651501029,5.59341889836543,3.7224539605080063,2.460746177667605,2.755455834768879,1.987288295442551,10.0,8.805415425119227,4.311854418047031,3.2861306845684046,3.153754469606675,2.5697124294711955
PCL_PCL0907,2,fold2,0,0.00041460900390688396,0.0004002645289765735,3.4544119288706163,5.726852253951821,1.1693115957106397,2.3458631542010773,1.0584353611961261,1.9315804863540718,6.244159753758273,9.080450566620403,1.3721972803627762,3.3376651178096575,1.1248894845501227,2.6711639090003287
PCL_PCL0909,2,fold2,0,0.0004127932705965375,0.0003987774638083662,9.74518906309698,6.276537417129988,2.9498131673441117,2.828779105154428,2.1237212698648595,2.2994351965616966,14.923583803855553,9.446977343949083,4.3646421299509806,4.959922712443153,3.044049507458715,3.9295474606218703
PCL_PCL0910,2,fold2,0,0.0004185510632063403,0.0004012665929309968,,5.898479081798361,,2.321226803018322,,1.8748938722666115,,8.519958712471231,,3.905584967985969,,2.9396035387783983
PCL_PCL0911,2,fold2,0,0.00041721154443611193,0.0003979815846715806,7.251893862358033,6.491816686477863,2.596420206030231,2.787931954835779,1.9951714432967622,2.2296544065576773,7.861193617056731,9.07107758714892,2.792705981404069,3.695281456884979,2.1277757435816964,2.895605238116074
PCL_PCL0912,2,fold2,0,0.0004137826351065426,0.0003983686792102953,5.595652830935011,5.9334783526578745,1.7953106444034275,2.6251687445562375,1.337599116170038,2.1253973017618533,7.430799830174956,9.784729307360548,1.8995099961748545,4.13824617545944,1.3691697417403743,3.2747000192115734
PCL_PCL0921,2,fold2,0,0.00042656689697881357,0.00043201134321014904,,6.410470462496933,,4.051168926137097,,3.2577413882650417,,8.171568395082794,,4.363336178010629,,3.6447337552180263
PCL_PCL0922,2,fold2,0,0.0004165759708816355,0.0004305889682125561,,6.6069178526035,,4.073474106987983,,3.256415646828879,,8.232161496875777,,4.223011187485573,,3.4553179362376936
PCL_PCL0923,2,fold2,0,0.00042786507106936685,0.00043212893009093173,,6.847545949155856,,4.247478320661684,,3.349368335888135,,7.919044297844088,,4.857390494634647,,3.936456101207273
PCL_PCL0924,2,fold2,0,0.0004406267293349645,0.000430763316253243,,6.87452769614724,,4.329311938257397,,3.415072957699504,,8.29625624492603,,4.747967395844301,,3.958363499141377
PCL_PCL0925,2,fold2,0,0.00042663374559325813,0.0004303682988368567,7.5354419413832465,6.738143913611752,6.686581616798706,3.956058991164096,5.688867870531844,3.10028020969168,7.903507132974818,7.871768396732586,7.571038022803996,4.125830218626623,6.923076923076923,3.1900680756437576
PCL_PCL0926,2,fold2,0,0.00042215552061747525,0.00043018361635552803,5.098082915299481,6.344039310497134,4.146442136779708,3.7907950395640473,3.5028956504665327,3.0277981009669803,8.579124386214426,8.10442966411637,6.405551468507335,4.509310379213828,5.0163934426229515,3.6075829507722705
PCL_PCL0927,2,fold2,0,0.0004264989576284606,0.00043038046595417385,6.523693802116249,6.579579721912365,4.309905221563232,3.7591634885587695,3.270265028593784,2.9590534696555584,9.126965613698049,8.301233074978704,6.143993098987382,4.804528912755723,4.432469304229196,3.71262022485399
PCL_PCL0928,2,fold2,0,0.00042538480143685975,0.00042951263650784985,8.090732678017583,6.744020533159033,5.029226275338408,4.212991922005605,3.242502745606318,3.2108794907938765,10.811150881061533,7.863451594957575,6.773411436669185,4.830383723837569,4.415944540727903,3.7914327721014605
PCL_PCL0929,2,fold2,0,0.00041646743299073654,0.00040821753506999417,7.951479220163988,5.711192404933808,5.852285931024859,3.735683137432578,4.476113006755517,2.818483479592176,9.836863188256,7.283009662163522,8.495038595245125,4.999548856288949,7.669592976855547,3.9967786861876586
PCL_PCL0930,2,fold2,0,0.00041110224172376855,0.00040776070057558025,6.806873558307917,5.976395091767513,5.51235824313438,3.80944949531667,4.652279754599816,2.8442966556993476,9.235100310007027,7.50876150403164,7.412410690050032,5.0913173352013645,6.692200557103065,4.1112508330839335
PCL_PCL0931,2,fold2,0,0.0004138535307573844,0.00040593371154702684,6.587364901426667,5.927965777537891,3.5618199943179008,3.7844334131049937,2.7095635948582277,2.781803515144704,7.239856841075676,7.55008018155736,3.9962225843940584,5.230390055641682,3.0122853126337024,4.114913368394183
PCL_PCL0932,2,fold2,0,0.0004178863040145803,0.00040593371154702684,4.920972005006365,5.927965777537891,4.486929617771093,3.7844334131049937,4.027215682018544,2.781803515144704,5.399322812958219,7.55008018155736,5.227781475734789,5.230390055641682,5.032258064516127,4.114913368394183
PCL_PCL0949,2,fold2,0,0.00041671561867811217,0.000425160124856069,4.340915100599973,6.386048506809895,4.328074770396125,3.8282502278745403,4.034032781169603,3.109621436213894,5.549705327499999,8.889590578897842,6.023607985128628,5.241698129956475,6.136986301369862,4.179809625994915
PCL_PCL0950,2,fold2,0,0.0004137984765629594,0.00042754149931440756,4.669691092696467,6.435477564598283,3.6923134824707677,4.022019618980921,2.8693840149265184,3.200519687060301,7.06795876328963,8.778498756952631,4.976972552169672,5.261850720224015,3.543307086614174,4.2861299180688945
PCL_PCL0951,2,fold2,0,0.0004386236266157355,0.00042963286480452757,3.938013563508526,6.643414844803344,3.724524834652569,4.141545291438386,3.346973136573204,3.414778724811194,6.116534071677406,7.94722976050318,5.779844992230653,5.259843916856406,4.801829268292637,4.224415915838168
PCL_PCL0952,2,fold2,0,0.0004331497915091629,0.00042936695375818575,5.3985316991990615,6.654484499442537,3.8174435236093593,4.172634285823612,2.816971612576208,3.393724323321388,10.071591611651716,8.015428954912322,5.648183576680108,5.3516825666234595,3.546683837733419,4.374540047885841
PCL_PCL1240,2,fold2,0,0.00039875421750679217,0.00040140035928804864,8.514937897906702,6.534355306427064,5.118626546607069,4.044822974094333,3.6066149672445027,3.1533633975686697,9.845909374747924,9.73270412148464,6.703959843656611,5.052636691805043,5.145080239909222,3.998394635316045
PCL_PCL1241,2,fold2,0,0.00039568432991659316,0.0004015962579116336,4.850367191942898,6.479207509533544,2.8438260725957574,4.285628888036163,2.160289916375092,3.1992337613126436,5.833894842772229,9.270497835921592,3.4331983815704263,5.671066929675233,2.6027296200663965,4.340925034437712
PCL_PCL1242,2,fold2,0,0.0004049338890027596,0.00041838801542618334,,6.566886586801062,,4.083273096315282,,3.233001545587749,,8.10501797216087,,4.857777472515707,,3.9530328001454285
PCL_PCL1243,2,fold2,0,0.0003981601949644205,0.0004064144437509725,5.711942740954709,6.905182262748671,3.5463544200801693,4.367808612325191,2.6348817347692712,3.572265550766254,6.834952306792606,8.331184826170814,4.36492308694282,5.179313563035736,3.3017386427369595,4.258020419001118
PCL_PCL1244,2,fold2,0,0.000409200441946776,0.00041199414727023133,4.238700323390692,6.763631142859294,3.4630057956953753,4.1556751455047864,2.919139199494171,3.2736916267612948,5.0,8.417359418797647,4.504478493400584,4.952960842624345,4.263157894736842,3.918507090001411
LT_1005,3,fold3,0,,0.0004159257222456827,,6.247287782247519,,2.6723811056848,,2.1218398133738954,,7.923694504562982,,4.204736736524753,,3.3074338562622043
LT_1007,3,fold3,0,,0.0004258210733434249,,6.128647225257708,,2.9147376245050736,,2.39306568858358,,7.382030579022112,,4.660742034406075,,3.896303487228027
LT_1016,3,fold3,0,,0.0004184101773211466,,6.441806721629762,,3.780518751994756,,3.0484678439411486,,7.729890816197297,,4.0142554419966014,,3.246703809972497
LT_1020,3,fold3,0,,0.00042566449213026977,,6.286906856631214,,2.5880815876847056,,2.00196613112304,,8.176346643201324,,4.377147651973977,,3.47028612739554
LT_1036,3,fold3,0,,0.00042672513354328513,,6.162686000871046,,2.8003808903913607,,2.2678253182324273,,7.817737607935242,,4.748415258194082,,3.785085531019081
LT_1037,3,fold3,0,,0.00042096875393667424,,6.365989131155487,,2.9586198058381257,,2.245779398805531,,7.53962056541929,,3.949192164557837,,3.1200696822242566
LT_105,3,fold3,0,,0.0004189629253953213,,6.700850127605743,,2.8766700065184367,,2.189980085727674,,8.06392510473594,,4.037107894224534,,3.268095763481988
LT_1051,3,fold3,0,,0.0004243653625911146,,6.169756321945382,,2.5130765071963816,,1.9589453856722474,,8.04617999251422,,3.757150943590167,,2.9750667535223054
LT_1053,3,fold3,0,,0.00041963274540822264,,6.511337907409623,,3.7287349812265655,,3.139023078270231,,8.051600736396502,,4.624566024401474,,3.8971809732865297
LT_1055,3,fold3,0,,0.000421392072969538,,6.31938980470614,,2.979910507130294,,2.268211505130088,,7.742605881849242,,4.009565894368625,,3.1709836854181286
LT_1056,3,fold3,0,,0.00042444437709461547,,6.102938654191905,,2.8943547467121453,,2.1951054413672857,,7.559018423049168,,3.9703672583905534,,3.116025007605498
LT_1057,3,fold3,0,,0.0004207930388662306,,6.122933256331052,,2.4267826836179194,,1.9441717733119943,,7.654366021751333,,3.856445966596427,,2.9706682021447177
LT_1058,3,fold3,0,,0.0004233230209250063,,6.055905802422969,,2.3950294970811976,,1.8552492204049342,,7.919939323466133,,3.461814738918465,,2.7488954202447706
LT_1059,3,fold3,0,,0.0004182130060949255,,6.040951532153054,,2.5746562713606203,,2.030892485597667,,8.019184535222033,,4.25420787949777,,3.376422755612915
LT_1061,3,fold3,0,,0.00042446517248293826,,6.455898182933089,,2.619621685166697,,2.1020016889448363,,8.378025230071591,,4.251857347070772,,3.3049169432028345
LT_1062,3,fold3,0,,0.00041875775089726675,,6.219132122255323,,2.7628797860259353,,2.2698161757074695,,7.951874525612202,,4.397926946706538,,3.539812164117429
LT_1064,3,fold3,0,,0.0004196285292420131,,6.226145782165741,,3.812212929876922,,3.217669842547135,,7.970337980226925,,4.839954724037583,,4.1309962379013605
LT_1068,3,fold3,0,,0.00041915193327778447,,5.860990761518985,,2.3093547033316297,,1.784436260350139,,7.435320377461423,,3.622883351690002,,2.859562683030808
LT_1070,3,fold3,0,,0.000424666409018417,,6.602666033068221,,3.227853522176483,,2.490457855872366,,7.734579209152288,,4.93817269102797,,4.062391490489588
LT_1079,3,fold3,0,,0.0004243802819953041,,6.163544566307122,,2.4405744098607025,,1.925156070682767,,7.967355636464668,,3.5856364294856533,,2.7254005306095044
LT_108,3,fold3,0,,0.000421520923524054,,6.2418146834061,,3.0369431890338663,,2.40037556018595,,7.714816872559896,,4.731239558823475,,3.8627325988134795
LT_1080,3,fold3,0,,0.00041976227311519426,,6.817020599176056,,2.8480030315164306,,2.1824923646670533,,8.251198216279075,,4.294394348122983,,3.498480594246645
LT_1089,3,fold3,0,,0.000422041891553775,,6.08370059036472,,3.612345075820368,,2.9217613223593872,,7.843228197949798,,3.999578776392117,,3.3475114889051
LT_109,3,fold3,0,,0.0004184051022472178,,6.3729183637186315,,2.4326160335043263,,1.9575390681935254,,8.18628459062953,,3.814645928540912,,2.8946177761268284
LT_1090,3,fold3,0,,0.0004176646682399355,,6.223362857312325,,2.612347884387556,,2.062770380274516,,8.107427031218387,,4.3548386601925015,,3.452555883780548
LT_1094,3,fold3,0,,0.0004193495360214454,,6.223683508803396,,3.698824851439052,,2.919924301784025,,7.957179559195562,,3.9339494170425073,,3.246237119300548
LT_110,3,fold3,0,,0.000417348800749175,,6.369068812736293,,2.6509111628507225,,2.115129045142655,,8.192338715012967,,3.915648168811057,,3.13281703459918
LT_1103,3,fold3,0,,0.00042500409683974595,,6.2924397049313825,,2.5847437729720553,,2.0053514562366352,,7.883473140800463,,3.4648793205033894,,2.7519830685917013
LT_1108,3,fold3,0,,0.00042529513815403423,,5.977510552749468,,3.703830820303351,,3.185505921401382,,8.156368575320263,,4.872742408116067,,4.156546014156119
LT_1112,3,fold3,0,,0.00041898421072703376,,6.575096676094947,,3.7994680033667168,,3.0868948818141897,,7.631423198003935,,4.118328854844291,,3.3594928718853407
LT_1113,3,fold3,0,,0.0004249491889230343,,6.157415509639305,,3.722440044732715,,3.1640413739219087,,7.988227750826218,,4.805149317363398,,4.024736748676452
LT_1114,3,fold3,0,,0.00041844447599474754,,6.164118970334482,,2.5715790110788164,,1.9841754531848008,,7.686234125153957,,3.5362184168202644,,2.8319805269158302
LT_1116,3,fold3,0,,0.0004243425725822241,,6.381888080919972,,2.5900292819218262,,1.98965251507884,,7.762831638011714,,3.5751736658050297,,2.840681857025937
LT_1118,3,fold3,0,,0.0004182819038472379,,6.318790920689889,,2.5831150170809445,,2.0860860452115877,,8.20195203364558,,4.354757419303734,,3.334273606316764
LT_1119,3,fold3,0,,0.000424669384218505,,6.273447971626544,,3.073220308241295,,2.4186959207274805,,7.513082777011575,,4.614095380048217,,3.7592338091488156
LT_112,3,fold3,0,,0.00042001441701121703,,6.164358324913033,,2.998734437826314,,2.420128718141339,,7.991858886526983,,4.769684818324768,,3.8742082685002037
LT_1123,3,fold3,0,,0.0004205723811548188,,5.910041181824528,,3.0869438437317553,,2.495504955665982,,7.4315905601582415,,4.758122258455647,,3.9960867678246665
LT_1126,3,fold3,0,,0.00042770661353561286,,6.119390471380363,,3.6397184722422513,,3.0490118276863134,,7.362195207135765,,4.6966364744435465,,4.009675380185778
LT_1127,3,fold3,0,,0.00041946291539043945,,6.45913607622386,,3.6536166381682738,,2.93255160932479,,8.163732318827913,,4.343016531573454,,3.578660593167616
LT_1129,3,fold3,0,,0.0004250309942603406,,6.206142537041102,,2.650599141119932,,2.1601445561781034,,7.825319813362433,,4.099623188887843,,3.322432551787845
LT_1133,3,fold3,0,,0.0004246486429171775,,6.10194976699334,,2.5987513522862833,,2.1203342471398483,,8.056380702624852,,4.462666812286016,,3.471584317338709
LT_1138,3,fold3,0,,0.0004331172790284117,,6.012988446527911,,3.6033090664441896,,2.9652447688204,,7.290187326641194,,4.4303731850106365,,3.6176173404687293
LT_1139,3,fold3,0,,0.00041867076449455566,,6.301974720629249,,2.6305517481567886,,2.0876406723337446,,7.658936375085424,,3.518580741954723,,2.781636453708069
LT_1147,3,fold3,0,,0.000419179884989216,,6.442336655171283,,2.9218688820894148,,2.3607827136454334,,7.885559316328696,,4.382550567067052,,3.606209965761156
LT_1149,3,fold3,0,,0.0004210068668779165,,6.280517126171236,,2.6239742120809635,,1.9981981919698526,,7.867367922951172,,3.611733611872712,,2.804256323107598
LT_115,3,fold3,0,,0.0004204832539582565,,6.329050542945722,,3.0811205645906057,,2.4244613629905176,,7.868824650251204,,4.718173101174262,,3.841272317302031
LT_1153,3,fold3,0,,0.0004189648669934952,,6.720720700517087,,3.3021608544796455,,2.531318080094752,,7.938123643147861,,4.818163988768208,,3.936530759938188
LT_1164,3,fold3,0,,0.00041870346732983746,,6.617955965381392,,2.9631546248265814,,2.2109161882282313,,7.943839729921105,,4.018243120374401,,3.1629722100275837
LT_117,3,fold3,0,,0.0004189704205644386,,6.620252675594267,,2.5998496701052805,,2.004799664927691,,8.274245145136584,,4.033551239279514,,3.1691256941889683
LT_1178,3,fold3,0,,0.0004180940567584772,,6.295926176540259,,3.700571396250465,,2.99445560501705,,8.354727729534952,,4.547619400250449,,3.6996957398531283
LT_1188,3,fold3,0,,0.00041737324210025517,,6.145308108359003,,2.356954318499444,,1.8211159390955802,,7.78000495530283,,3.4218777341436057,,2.6030749456497517
LT_119,3,fold3,0,,0.00041779603476004706,,6.301895550493122,,2.503559103315466,,1.9567295759856957,,7.92126712844157,,3.707782446598894,,3.034726782601948
LT_1192,3,fold3,0,,0.00041875893229626447,,6.441291819520659,,3.5403503618567895,,2.824228072003976,,7.96169854960763,,3.919634271350614,,3.205894198304549
LT_1193,3,fold3,0,,0.00041983319644142356,,6.463351561408361,,3.1060740848998685,,2.494196846544243,,8.067756009938572,,4.703512605570547,,3.8111014867187842
LT_1198,3,fold3,0,,0.00041952881106732155,,6.575112607746044,,3.2300954438448426,,2.5129090911488303,,7.6485379578502615,,4.8882714142738255,,3.9455590684129747
LT_1199,3,fold3,0,,0.0004187938945600239,,6.6904993297708,,3.9749106490532546,,3.2305674136057245,,7.9055343598388745,,4.3125521421812785,,3.609574876066201
LT_1200,3,fold3,0,,0.0004175576095687642,,6.601463845710427,,2.6659400579134886,,2.0625909978169696,,8.368060654379066,,4.313502329369015,,3.3736882567048463
LT_1202,3,fold3,0,,0.00042003707923171825,,6.411639623047922,,2.9711949020579076,,2.4108622334233236,,7.863285989056135,,4.584751818857734,,3.7585432824875644
LT_1203,3,fold3,0,,0.00041939014547551223,,6.050734550348832,,2.5406829944913247,,2.081662582295399,,7.914682152981961,,4.1963956111905,,3.316807857852358
LT_1226,3,fold3,0,,0.00042041659668172124,,5.927764491726441,,2.8932160762286387,,2.4175804894323223,,7.737895095839967,,4.695253263932107,,3.725857085835921
LT_1228,3,fold3,0,,0.000423615721758034,,6.485925492953779,,3.663073645098716,,2.927587506756121,,8.298800864829177,,4.182700522127285,,3.461176102960436
LT_1230,3,fold3,0,,0.0004184991038906627,,6.363151028097828,,3.639452889005507,,3.090452244666305,,8.036470983010211,,4.664985483421712,,3.8074182260203693
LT_1231,3,fold3,0,,0.00042462471091198745,,6.137749128678354,,3.532105685385253,,2.89132959359505,,7.668422337896239,,4.298685557448556,,3.5124473789388624
LT_1232,3,fold3,0,,0.00041894014879305906,,6.261330385539932,,2.666305299680105,,2.1599360617888728,,7.873838342197233,,4.18762183604574,,3.252086665198326
LT_1246,3,fold3,0,,0.000418606311207095,,6.443773626677791,,2.9545237345896087,,2.355691054927782,,8.265817680382494,,4.6151018252985265,,3.7877606137180635
LT_125,3,fold3,0,,0.00041907209902463695,,6.511001086120211,,3.244033447342454,,2.534434433832741,,7.877398792106407,,4.877916852854003,,3.9334623681701166
LT_1250,3,fold3,0,,0.0004190580325914711,,6.7647704290405715,,2.8002551763886796,,2.15994321183949,,8.302836739491338,,4.286782565561331,,3.467348081755606
LT_126,3,fold3,0,,0.00041834118234526825,,6.0510386360303565,,2.8413417484297536,,2.2025457325070907,,7.6439276026059115,,3.8661083474841997,,3.0496016911300745
LT_1260,3,fold3,0,,0.00041814356916377617,,6.292086198793331,,2.500079381407003,,2.0556495500012515,,7.817707393833704,,4.1568021779048205,,3.247574305108425
LT_1267,3,fold3,0,,0.0004172989013927573,,6.24739323125479,,3.706747539475105,,3.1116646920732416,,8.142303316399484,,4.787757859076506,,3.855071528464423
LT_1269,3,fold3,0,,0.00041899286704388805,,6.473211192018149,,3.6248923201065915,,3.060901038645881,,8.178928830199258,,4.520802343096674,,3.76674636705507
LT_1272,3,fold3,0,,0.0004184269529198398,,6.575816800421685,,2.74127214281533,,2.178171306870021,,7.969160883558399,,3.675770066415632,,2.923613954839712
LT_1273,3,fold3,0,,0.00041782146359763996,,6.060322996304696,,3.679498084352992,,2.969024198211114,,7.8608223244993205,,4.139148411312048,,3.4711370227233473
LT_1274,3,fold3,0,,0.0004183338562515817,,6.673195441654746,,3.5716469710315613,,2.8790551882607187,,8.286097787700207,,4.070690410185011,,3.347630615118381
LT_128,3,fold3,0,,0.00041780568038409654,,6.412751035374483,,2.5874745223717266,,1.9991575476203902,,7.713255380614079,,4.004558823380327,,3.2188990959434456
LT_1284,3,fold3,0,,0.0004175308073042609,,6.241887170920481,,2.511572277214896,,2.0036458652319578,,8.15034414048995,,3.820961030513901,,3.0028356380265566
LT_1285,3,fold3,0,,0.00041741392505747175,,5.881751097494633,,2.614075738989431,,2.127860818978523,,7.751986218631383,,4.262845411311268,,3.2332429220705197
LT_1287,3,fold3,0,,0.0004176849966757417,,6.194973920747714,,2.76671361296074,,2.212752991294431,,8.451858854050844,,4.44444841487944,,3.3628543796261128
LT_1288,3,fold3,0,,0.0004184965089137644,,6.398328091568311,,4.088607681825904,,3.4135372144960656,,7.888742107494308,,5.020358143995093,,4.282520481286052
LT_129,3,fold3,0,,0.0004190434009667225,,6.368296768577278,,2.954339114237763,,2.2820415922733663,,7.601657799955001,,4.215632893769664,,3.3276201936306444
LT_1290,3,fold3,0,,0.0004175683060584322,,6.163934685176963,,2.5078983279256404,,1.9783547217472452,,8.026323355101738,,3.626183828137784,,2.9012996095226606
LT_1293,3,fold3,0,,0.0004202228611867292,,5.873357947788953,,3.54185130140719,,2.9619379426381087,,7.645344289084352,,4.6898122494156445,,3.8145998603302735
LT_1294,3,fold3,0,,0.0004172341736983255,,6.002794574159888,,2.6224597540214787,,2.175141546753695,,7.9912992463759105,,4.449200689237297,,3.4146976475803075
LT_13,3,fold3,0,,0.0004190761434233938,,6.524869806041456,,3.8131927736805546,,3.183705675400294,,8.2420934261158,,4.927294675804962,,4.041275032849188
LT_130,3,fold3,0,,0.00041926060872600826,,6.4697293901782045,,3.229623030147375,,2.525864710756537,,7.881258532049033,,4.818661912587958,,3.94881395427619
LT_131,3,fold3,0,,0.00041901783148334294,,6.320479158119285,,3.107843249673944,,2.47001296397538,,7.572788246375259,,4.758203189375901,,3.871273673821024
LT_132,3,fold3,0,,0.0004204384151336397,,5.938958987896338,,2.6360705121664982,,2.1370665115528618,,7.460334794965031,,4.407298690917826,,3.6046396770338602
LT_134,3,fold3,0,,0.00042414939677489286,,6.298210601989415,,2.7872795916622515,,2.235877753421764,,8.369661611633992,,4.565618129035995,,3.686008924995432
LT_135,3,fold3,0,,0.00041692199494029226,,6.28285961914007,,2.6426251148122755,,2.060072866932122,,7.748353657206968,,4.137867268014186,,3.2681673024212747
LT_1353,3,fold3,0,,0.00041919190067104574,,6.187256275534863,,3.499639744005458,,2.788457167237245,,7.79601359098677,,3.861418284354807,,3.042806675195956
LT_1355,3,fold3,0,,0.000419479041557546,,6.165749949689344,,2.582729402457766,,2.002716952257842,,7.757659037264459,,3.8516528394963223,,2.951670670743709
LT_1357,3,fold3,0,,0.00041822976725051746,,6.134152359179784,,2.3806371649268643,,1.8814562622764777,,7.646305750929841,,3.788119507561253,,2.8471324761145445
LT_1358,3,fold3,0,,0.00041943480310022846,,6.417864660882362,,3.30421112975148,,2.5639299234225974,,7.841534835763111,,4.983386335910598,,4.057977808471023
LT_1366,3,fold3,0,,0.0004170945632148374,,6.436352526255951,,2.8873375057654673,,2.3189218798058633,,8.61635874764937,,4.633946934161969,,3.5841491003097996
LT_1368,3,fold3,0,,0.000417171478623685,,6.289061355959056,,2.621040591299448,,2.078760160996438,,8.207246342417823,,4.034844426397151,,3.119939636484796
LT_1372,3,fold3,0,,0.0004200199220718657,,5.947885809801772,,2.9382069338238197,,2.233924431970555,,7.597829953313954,,4.383308300522694,,3.503886659863858
LT_1373,3,fold3,0,,0.00041833973970489824,,6.623755114389867,,3.2562929392155766,,2.528287164359693,,8.318079932496113,,4.97285514317996,,4.011988786394118
LT_1378,3,fold3,0,,0.0004193961499465628,,5.877028898892999,,2.6241527717051722,,2.225062498070701,,7.9662431837749805,,4.531088575907223,,3.628778239678182
LT_138,3,fold3,0,,0.0004209203192723082,,6.448498098831363,,2.9220105228689435,,2.271564569345203,,7.652060953040712,,4.327879067855841,,3.4406900402261598
LT_1422,3,fold3,0,,0.00041725613474796926,,6.172598127653211,,2.669973607600237,,2.1449603626953873,,8.007307289940849,,4.235949685483936,,3.27455771085464
LT_1425,3,fold3,0,,0.00041848697726758026,,6.481643441242074,,3.822929690464416,,3.1664945414045644,,8.028504285324042,,4.869472445399807,,3.967862023755894
LT_1426,3,fold3,0,,0.0004171069905787618,,6.222143438059481,,2.4103139142455574,,1.926250943632015,,7.999881752551619,,3.574322086070184,,2.747694058575255
LT_143,3,fold3,0,,0.0004244185486309924,,6.351962091197413,,2.6386473033745954,,2.062187361622729,,7.457575197108669,,3.7518140140142964,,2.989966495885982
LT_1431,3,fold3,0,,0.0004187821297012718,,6.221539232278773,,2.6566128979292483,,2.1156200377347294,,8.135158242882284,,4.242836296963446,,3.2318596514926132
LT_1432,3,fold3,0,,0.0004166913878678718,,6.59719555790389,,2.585173483062273,,2.006470052514581,,8.324788736733998,,3.906861306525254,,3.025238752782008
LT_1433,3,fold3,0,,0.00041687067579499783,,6.245513004463095,,2.4692550640100346,,1.9658957020172192,,8.368570959555688,,4.261173659770648,,3.2031850069836523
LT_1434,3,fold3,0,,0.0004166397247268149,,6.332720448167592,,2.553540689185997,,1.9794016902683957,,8.677766293268833,,4.240519305943756,,3.16438468765832
LT_1436,3,fold3,0,,0.0004166885623405909,,6.091867808953288,,2.5286132615341783,,1.9481949998186128,,8.252995892419891,,3.9410382775728086,,2.9645555268296304
LT_1438,3,fold3,0,,0.0004183277242152915,,6.228938451079566,,2.489273629823992,,1.9022123635032888,,7.990095368120541,,3.4499483938286803,,2.7138580806893113
LT_1439,3,fold3,0,,0.000417949741524995,,6.091441853501744,,2.8288643696977647,,2.2391604413786697,,8.10608577330138,,4.717587560133238,,3.7095241777949584
LT_144,3,fold3,0,,0.0004239044363743682,,6.464825318747816,,3.6910387395669884,,2.9586133470189213,,8.003819343852719,,4.08501800404017,,3.3999024820293506
LT_1441,3,fold3,0,,0.0004180351409185986,,6.532234204333283,,3.704391136500894,,2.9962542326225883,,8.279108399871426,,4.07591782308895,,3.378311251407507
LT_145,3,fold3,0,,0.00041844343760175096,,6.367908541367845,,4.2536160467882205,,3.347982149158914,,7.59988458175275,,4.840256840686642,,3.953182232687711
LT_147,3,fold3,0,,0.00041710239645231795,,6.203667648428719,,2.4361469861929415,,1.8547384433701313,,7.975301892609598,,3.930871117234096,,2.9246425531158096
LT_1472,3,fold3,0,,0.00041837511814766387,,6.500283944213093,,2.622676984383219,,2.0747571595669956,,7.9323541183410065,,3.566128183705587,,2.86312450568028
LT_1478,3,fold3,0,,0.0004180533007620557,,6.083558939059048,,3.521081358382914,,2.8037166771450113,,7.960936807321704,,3.963992816671326,,3.157242193589871
LT_1486,3,fold3,0,,0.0004168660840782653,,6.3187594109326195,,2.594199730478633,,2.060863218973109,,7.860456518064322,,3.69820689201242,,2.9275592453584567
LT_1488,3,fold3,0,,0.0004199091289834138,,6.629581247637783,,4.286843736535929,,3.3514950783009834,,7.802290682764181,,4.560224889214967,,3.857433398568289
LT_1499,3,fold3,0,,0.0004169168849048558,,6.222867873496461,,2.536706911110158,,2.055356107050051,,7.548361373135583,,3.9331441983301696,,3.024443103736976
LT_1500,3,fold3,0,,0.00041713770521195105,,6.273440128602708,,2.55868289306023,,1.960070490111731,,7.881387211113406,,3.6700662280382703,,2.873159069991861
LT_151,3,fold3,0,,0.00042342260460096273,,6.535843030151162,,3.899676145447368,,3.263693667024234,,8.15143369968018,,4.651271846420953,,4.078105653558172
LT_1515,3,fold3,0,,0.00041721421055507767,,6.165464901284288,,3.6667773372427326,,3.095801388026183,,8.419085483895191,,4.863342139922275,,3.969840125206398
LT_152,3,fold3,0,,0.000434268092064689,,5.564799051175196,,2.622838323937532,,2.0746036255699356,,7.434981176458485,,4.338921608351499,,3.4278021295498364
LT_1525,3,fold3,0,,0.00041816215736906887,,6.2242064045139935,,3.5333794118346313,,2.917481490500411,,8.142151985270898,,4.659996011692637,,3.789312265956123
LT_1528,3,fold3,0,,0.00041822845152166867,,6.252353171958676,,3.756654894078379,,3.1187506088812316,,8.072200362899313,,4.8653727981034445,,3.9421772437350766
LT_153,3,fold3,0,,0.00042753496855064965,,6.162890170779089,,2.6567254590810685,,2.154711653953897,,7.446485061476812,,4.389942643838247,,3.6471089414156252
LT_1530,3,fold3,0,,0.0004183332739815561,,6.158966475181478,,2.8979688587721335,,2.254243877039499,,7.748634424771487,,4.2111159108953204,,3.2757733442845645
LT_1532,3,fold3,0,,0.0004170621099456144,,6.593071367452664,,3.648697911474258,,2.9595631375779563,,8.095926965353149,,4.176755778606677,,3.4324884571518584
LT_1538,3,fold3,0,,0.00041814979461494983,,6.399380530438931,,3.8603344570438503,,3.1959311460919206,,8.076514373933739,,4.714657243161456,,3.955597529740828
LT_1543,3,fold3,0,,0.00041845585769105346,,6.203641660312014,,2.4884578007863216,,1.925159295571323,,8.26633529937044,,3.832246021970432,,2.9278621585575353
LT_155,3,fold3,0,,0.00041781304985629743,,6.532593398853942,,2.9389014529752737,,2.311939736028275,,8.383992656095472,,4.803251946922474,,3.756746435222361
LT_1555,3,fold3,0,,0.0004214312658367258,,5.884731798623775,,2.401193250394819,,1.92071593155006,,7.588437245827969,,3.660107438705939,,2.9093663988830447
LT_158,3,fold3,0,,0.0004248001376655694,,6.579372403253228,,3.2717646382402226,,2.5602186341466364,,7.831902265625648,,4.881206809711708,,4.062116504344618
LT_1583,3,fold3,0,,0.0004182093016259353,,6.4909432644192115,,3.618053653721508,,2.8702941862989255,,7.868274777154738,,4.068452440233352,,3.2822800321049277
LT_1587,3,fold3,0,,0.00041968494269602023,,6.680040776824895,,4.218052755244715,,3.372435890791016,,7.995172690676646,,5.155630373595903,,4.348438364726748
LT_1591,3,fold3,0,,0.0004198736842261387,,6.748836521680165,,4.236098691826265,,3.3608832932484454,,8.117611309804063,,5.141437950826281,,4.358350094445782
LT_1592,3,fold3,0,,0.0004164105047526172,,6.450085002460517,,3.6931383443825765,,2.986655707166428,,8.245485276188928,,4.647825735597088,,3.698621980114165
LT_1595,3,fold3,0,,0.00041806965233499513,,6.197388988449488,,3.5106463820170957,,2.7983602265959506,,8.156430242897779,,3.906952810696955,,3.11837363797253
LT_1611,3,fold3,0,,0.00041820870184364894,,6.637231712142422,,3.378085512610779,,2.58810643992182,,7.999201016160439,,4.984505106078688,,4.031462569029396
LT_163,3,fold3,0,,0.0004245371972972055,,6.789100355099433,,2.8185163857080306,,2.1761082861413303,,8.055570057787106,,3.927516782048067,,3.211555275237898
LT_1630,3,fold3,0,,0.0004206887769084462,,6.0134941407331155,,2.6399721949266977,,2.1135362279507226,,7.6527376918640035,,4.174813921226576,,3.2650462338860917
LT_1637,3,fold3,0,,0.0004234580392796679,,5.97780762490168,,3.7506519803735827,,3.027384628587666,,7.981725639060651,,4.642475208894419,,3.789542400563013
LT_1642,3,fold3,0,,0.0004181988749234495,,6.140296980218149,,2.428378264841239,,1.9623268008260677,,7.871516882555829,,3.44146990138775,,2.7308778692089977
LT_1643,3,fold3,0,,0.00041746446179950075,,6.4775691002692435,,2.5637713631156442,,2.000794938781213,,8.256846543867393,,3.939461476045718,,3.0262892938469963
LT_1644,3,fold3,0,,0.0004181641744371162,,6.279508690092786,,2.5488619144692914,,1.9213596948855232,,8.067770122355483,,3.597106270035154,,2.786042091068185
LT_1646,3,fold3,0,,0.000417319910778197,,6.129349406101648,,2.431002622611425,,1.9213042700510314,,7.760184920099836,,3.581257719151394,,2.8004569724547923
LT_1647,3,fold3,0,,0.00041700452704930904,,6.645695983279506,,2.7170744674210376,,2.1572754019986076,,8.33194178631192,,4.354161745577023,,3.282369744616403
LT_1648,3,fold3,0,,0.0004185919882402165,,5.920733867361454,,3.5092520610020768,,2.8065678928936886,,7.363753806499499,,3.864911357945868,,3.1660957859078858
LT_165,3,fold3,0,,0.0004261558556145264,,5.973830755951476,,2.533614227801298,,2.0158570317264,,7.208343241212012,,4.017529367666468,,3.268569743401721
LT_1650,3,fold3,0,,0.0004181958810323804,,6.453938467149489,,3.9610343898752514,,3.320004929233329,,7.644691349698499,,5.058137940103967,,4.235025792976014
LT_1653,3,fold3,0,,0.0004197514369261423,,6.007344963655746,,3.722673254266612,,3.0858073526854395,,8.119729845774538,,4.814991524559559,,3.9518079440608376
LT_1655,3,fold3,0,,0.0004182310226008637,,6.380003189687465,,3.189701534213411,,2.486779507060959,,7.84746561305875,,4.919767460744395,,3.9432557534001185
LT_1675,3,fold3,0,,0.00041730691010547286,,6.559068154131199,,2.7731220913454653,,2.1564260835441242,,8.231649726960583,,3.9590826076811996,,3.118871748409206
LT_1677,3,fold3,0,,0.000416761580834207,,6.432522110823546,,2.5764402383646234,,1.9709315966846621,,8.322369205433443,,4.06546589289006,,3.0860006259368036
LT_1678,3,fold3,0,,0.0004181966682720046,,6.213155710910523,,3.549062674078376,,2.8802630402896123,,7.864669857121153,,4.38667832478303,,3.4592275734642635
LT_1689,3,fold3,0,,0.00041929288428805937,,6.059282143504226,,2.995961173259967,,2.431479102721052,,7.625254996381602,,4.5878046548280516,,3.768630860146645
LT_1708,3,fold3,0,,0.000415703877882612,,6.325355983924812,,3.769725483209266,,3.047494298486252,,8.133963530185333,,4.595272505333896,,3.8756581549773457
LT_1709,3,fold3,0,,0.0004173152835045043,,6.3466311162151285,,2.7307777656815206,,2.1236091203690637,,8.27903429227631,,4.514190171305635,,3.367038968481043
LT_1713,3,fold3,0,,0.0004166774571123383,,6.560446198617575,,3.6474092250617267,,2.9724662286606676,,8.324275642612566,,4.549749374259951,,3.691979657170579
LT_1716,3,fold3,0,,0.0004168851132299988,,6.310366393137001,,2.538682972847391,,1.9952892209209188,,8.323210579663195,,4.2169449264568994,,3.0399042428180643
LT_172,3,fold3,0,,0.0004174484494090455,,6.175011570214749,,2.640922887661487,,2.131423300253593,,7.838386770159251,,3.851161676807262,,3.1073114323876787
LT_1721,3,fold3,0,,0.0004165531604713238,,6.323923112330341,,3.736974558753725,,3.0696269608080744,,8.306212685356865,,4.738118308370648,,3.819814257569614
LT_1724,3,fold3,0,,0.0004185706618529024,,5.993325469093944,,2.40172785605344,,1.874240754395564,,7.5697189590351925,,3.418874564945322,,2.6183282171257245
LT_1728,3,fold3,0,,0.0004172488957474539,,6.189444865313467,,2.4196847251716345,,1.9708081252332208,,7.952222334215266,,3.4625608082743957,,2.7295264548923446
LT_1730,3,fold3,0,,0.0004169152787176396,,6.11928793514002,,3.562054306357292,,2.9015988063249187,,7.9262109493542425,,4.265650787916657,,3.46952524336533
LT_1733,3,fold3,0,,0.0004191856487583655,,6.127986064729702,,2.452692447061865,,1.9258054827328235,,8.248956107958776,,3.589524908431673,,2.8180237595239133
LT_1734,3,fold3,0,,0.0004166953323256964,,6.2135696842403325,,3.5940881444753696,,2.923271375454635,,7.971149996025122,,4.451589716284988,,3.5929015096615506
LT_1736,3,fold3,0,,0.0004183679013381337,,6.045832212288873,,2.5350491914218574,,1.9897088872261168,,7.881013588057263,,3.5498687869750443,,2.780970011652071
LT_1738,3,fold3,0,,0.0004165160970664439,,6.35646750097724,,2.637596727845359,,2.0951534821037487,,8.383643376667463,,4.476408788490584,,3.3344650815679278
LT_1748,3,fold3,0,,0.0004173764462315384,,5.908352283451712,,2.4667190869414677,,1.98979516047214,,8.065400209618712,,3.9605734336706275,,3.044189836226026
LT_1755,3,fold3,0,,0.00041685683797863457,,6.166998729314549,,3.726949053676508,,3.052543665362524,,8.449398850401506,,4.758372626234605,,3.8252111576940933
LT_176,3,fold3,0,,0.00043204955303019314,,5.8793555863256755,,2.3319063288124866,,1.8628999237329646,,7.887423696016917,,3.369034735059352,,2.6849763341596398
LT_177,3,fold3,0,,0.0004167580304986467,,6.42264270641773,,3.683720665273411,,3.032877195496217,,8.313318835224543,,4.625645705838924,,3.744928190416069
LT_1795,3,fold3,0,,0.0004179018441868871,,6.1752226080403165,,2.464195854559271,,1.9430903823923662,,7.971024549463792,,3.5204041207535046,,2.711230338348066
LT_1819,3,fold3,0,,0.00041891541806184616,,6.332539787087793,,3.16076092992069,,2.4858174978788306,,8.261313018084122,,4.805262977134346,,3.874298575447592
LT_1822,3,fold3,0,,0.0004205400402322798,,5.943121665113504,,3.548691216215119,,2.8293492935578892,,7.36805549608037,,3.8682696986283824,,3.1293902827750157
LT_1830,3,fold3,0,,0.00041817057840832367,,6.158088325241544,,2.5839079850362414,,1.9999731942711243,,8.662841988508369,,4.6076253772687075,,3.4184783147674755
LT_1831,3,fold3,0,,0.00041729625144621037,,6.528729717965771,,2.975521239460497,,2.3615038429383817,,8.462400091365632,,4.806739979517451,,3.726898808760071
LT_1832,3,fold3,0,,0.00041858539673540404,,6.132352335919764,,2.7013083481224616,,2.1787605917443904,,8.07552845084658,,4.366597491420111,,3.363880738117515
LT_1835,3,fold3,0,,0.00041907349657206196,,5.9314862760221905,,2.4335542484842585,,1.881984818629886,,7.854436275894524,,3.5068310006253847,,2.6951015428164795
LT_1838,3,fold3,0,,0.000418828515383678,,6.239378527854387,,2.7237841330292176,,2.1487973144484767,,8.212397455083,,4.2566551858346875,,3.338281554395381
LT_1856,3,fold3,0,,0.0004195356036422893,,6.015116495472671,,2.5304141672430838,,2.0362267940942047,,7.2426708444616175,,4.1122935412337585,,3.27041722109036
LT_1862,3,fold3,0,,0.00042098011414361605,,6.3764888129809165,,2.656968807581835,,2.116987535384733,,8.051511334443855,,4.21422159779796,,3.47301641224485
LT_1863,3,fold3,0,,0.0004276529489198235,,5.944554060655867,,2.931545400680662,,2.3450150843348223,,7.844014447680702,,4.615224865625742,,3.7841740801455646
LT_1864,3,fold3,0,,0.0004216874150575964,,6.02157485214706,,3.7046743906376274,,3.147574099718843,,7.65776132727992,,4.775926729429644,,3.9832578098607807
LT_1865,3,fold3,0,,0.0004211190300402595,,5.899509332996139,,2.4299627821525003,,1.901645764176204,,7.47568288821224,,3.4757391111314857,,2.793621099749642
LT_1866,3,fold3,0,,0.00041935400299284754,,6.23174059984783,,2.483621912085409,,1.9690279466490321,,7.888852342552234,,3.506405432834722,,2.7389749730920716
LT_1867,3,fold3,0,,0.0004209814510217208,,6.621022900649112,,2.6560255136840034,,2.091428028226832,,7.8758383897467095,,3.539414320730347,,2.856814837726658
LT_1868,3,fold3,0,,0.0004188529420636779,,6.418392946871642,,2.603035152955212,,2.0058935419901305,,7.510533979554794,,3.5011276618731504,,2.817260208277686
LT_1869,3,fold3,0,,0.0004182651061133396,,6.496538715875863,,2.8293883244673244,,2.2984706043848013,,7.984552486317738,,4.360676868567821,,3.607154711189046
LT_1870,3,fold3,0,,0.00041953069174749044,,6.115766198321062,,3.612041682162987,,2.933488516782859,,7.497159940882856,,3.9299106408299944,,3.2102219399243572
LT_1871,3,fold3,0,,0.00041794952462877524,,6.137301718990363,,2.5880867108059724,,2.107751853226739,,8.012747214788076,,3.745257303945172,,2.999741067600278
LT_1872,3,fold3,0,,0.00042337470502336154,,6.5766045719734585,,2.788911558902853,,2.184160965302957,,7.896299099905399,,3.962250056060322,,3.14723884244318
LT_1874,3,fold3,0,,0.00041789870772241007,,6.187464466208285,,2.5405856245413276,,1.9863788235114088,,8.15871236311419,,3.8909416192501927,,2.9586773991974296
LT_1875,3,fold3,0,,0.00041772484915651546,,6.202247726290843,,2.5726710549309324,,1.9812371847593555,,8.002953705688514,,4.011665841114114,,3.1460087725087083
LT_1876,3,fold3,0,,0.0004170583601341253,,6.274959637416615,,2.588636501762353,,2.0452364186117937,,8.195892225871138,,3.810693518348025,,3.055704499356179
LT_1877,3,fold3,0,,0.00041862247558700945,,5.925203920087866,,2.5353619760391988,,2.0448457193256324,,8.177683974421585,,4.094151672410757,,3.1442083554596834
LT_1882,3,fold3,0,,0.0004176768236047526,,6.128502805355364,,3.684312901042171,,3.000315270811933,,8.239180194333295,,4.477499187065581,,3.694582410481549
LT_1884,3,fold3,0,,0.00041819711543500913,,6.031066332293727,,2.4584306487807575,,1.9606194834861654,,7.893626835782493,,3.890739359133278,,3.064509634146328
LT_1889,3,fold3,0,,0.00041862999796834707,,6.3754336182870075,,2.494308084349563,,2.0320059053349655,,7.854015305021386,,4.007358537843013,,3.1626360589511995
LT_1894,3,fold3,0,,0.0004196432413503051,,6.253216491832458,,2.5765043138855432,,2.0466305089071093,,8.283011330757562,,4.253157139581467,,3.2960855816820454
LT_1895,3,fold3,0,,0.0004191735590034409,,5.724371931462845,,2.3705002974104183,,1.8909101195141067,,7.611681140195365,,3.424500886484303,,2.7046160420595426
LT_1896,3,fold3,0,,0.00041851903231183464,,6.518303099784836,,3.038715412452421,,2.327731334667074,,7.596923096116949,,4.276164674293993,,3.6178275607584607
LT_1912,3,fold3,0,,0.0004185049142809063,,6.2004588335747615,,2.52550620564661,,1.9333719287234798,,8.327438708023676,,3.5932048052486096,,2.7938488232446606
LT_1924,3,fold3,0,,0.0004164525043691726,,6.216836448922991,,2.827199014926147,,2.1959494466647174,,8.4919604126083,,4.675059498450488,,3.553149846403225
LT_193,3,fold3,0,,0.0004202532965285107,,6.2307016993330295,,2.982476349921497,,2.3937064952506653,,7.663954000600103,,4.742546838273999,,3.777701115141925
LT_195,3,fold3,0,,0.0004185748451169518,,6.255400495002592,,2.4654110144314303,,1.9372159037682957,,7.620311124258239,,3.504140896108335,,2.799940050490779
LT_1954,3,fold3,0,,0.00041855602084946153,,6.084340135034468,,2.855305555474606,,2.2989916357896605,,7.951602014481504,,4.596202579065885,,3.5911096662672812
LT_1955,3,fold3,0,,0.0004166416139502159,,6.354028535753305,,3.7666733603738947,,3.1668973544331327,,8.444704413727848,,4.837121515645749,,3.8812449983700708
LT_1956,3,fold3,0,,0.0004180484093205816,,6.34861698212529,,2.846377483697956,,2.254782317818836,,8.247309349262935,,4.557084746152183,,3.670078098882667
LT_1957,3,fold3,0,,0.0004181088973007462,,6.060577235706986,,3.6896564651578196,,3.0152249464823653,,8.29537200625794,,4.719399945738995,,3.865539919161428
LT_1958,3,fold3,0,,0.00041736282201356584,,6.135857808510462,,2.766532556329081,,2.139453673455597,,8.089955015685193,,4.36338124237077,,3.3968302369653984
LT_1969,3,fold3,0,,0.0004183347470079271,,5.896266136666767,,2.4726562123907265,,1.9299968960854494,,7.8347989882320075,,3.5943302124566974,,2.774656499018648
LT_197,3,fold3,0,,0.0004194339863836608,,6.095518862765287,,2.4054911044611655,,1.9083099116511708,,7.524916401596087,,3.2679524981783397,,2.614228479083351
LT_1970,3,fold3,0,,0.00041881193564157274,,6.525350889442294,,3.203222557664339,,2.543459699372292,,8.25413029408448,,4.891874675034477,,3.877077956839681
LT_1973,3,fold3,0,,0.0004194045550437158,,6.182964258815901,,3.0161917627897266,,2.41114574906139,,7.906462678732878,,4.666014672449789,,3.7605782488359822
LT_1975,3,fold3,0,,0.0004183561715055007,,6.707899146224743,,3.0686375458302373,,2.3991696743315796,,7.832877926277346,,4.603512873341483,,3.77632934133618
LT_199,3,fold3,0,,0.0004262543729166828,,6.297605596354014,,2.900553342428772,,2.2247499266146784,,7.479548144782836,,3.8720369208234073,,3.0984537784779893
LT_200,3,fold3,0,,0.00041871106300235376,,6.206885947845703,,2.6788135066915384,,2.1671114601594827,,7.852318230552316,,4.176936821367876,,3.2685414837859788
LT_2001,3,fold3,0,,0.0004234333871186314,,6.322760348126833,,2.750738894866077,,2.1813504380593343,,8.240947117197477,,4.469835030604673,,3.4848538924725716
LT_2003,3,fold3,0,,0.0004211370771166033,,5.995880256860651,,2.472549885530349,,1.9762872288871738,,8.101338595108652,,3.915370844786996,,3.1198983761481562
LT_2018,3,fold3,0,,0.00041668750708626426,,6.316919582047898,,2.675592451571979,,2.1091972079579246,,8.216338923182974,,3.876332688581924,,3.084638935119297
LT_2019,3,fold3,0,,0.0004177645684403167,,6.662991549111086,,3.1989210839390716,,2.48100726648806,,8.464588981915675,,5.060979890513222,,4.041400390040066
LT_204,3,fold3,0,,0.00041654381125367547,,6.329371463948683,,4.035267481094204,,3.2930608103110894,,7.628212362206018,,4.295701498020223,,3.6300611803523197
LT_205,3,fold3,0,,0.0004193772879968402,,6.143085372549229,,3.1042238197417724,,2.5136906734051134,,7.786159626528725,,4.915663184749103,,4.037204553220327
LT_210,3,fold3,0,,0.0004199206323129666,,6.522253026412497,,2.933318122033884,,2.3162445764374775,,7.901308654712962,,4.680307273552097,,3.6758217668839888
LT_213,3,fold3,0,,0.000417074939683763,,6.374825937420246,,3.5956532732752593,,2.939763962927393,,8.43052827370173,,4.388472757171584,,3.5453115213970148
LT_218,3,fold3,0,,0.0004176008601747532,,6.429174779750125,,2.462049603675923,,1.975543717184766,,8.193713180125357,,3.5458016281179017,,2.7713315730135
LT_220,3,fold3,0,,0.00041834270546094003,,6.775832635592016,,3.126253582557907,,2.438900402147565,,8.199896912324641,,4.909313321116073,,3.889744829641801
LT_223,3,fold3,0,,0.0004313262343267465,,6.2026841344585035,,2.681536437836344,,2.1127263820646593,,7.998795569207717,,4.283687093253215,,3.2815480616504646
LT_226,3,fold3,0,,0.0004218315939431526,,6.317290851233141,,2.6354152203775287,,2.0275050668352517,,7.8930149675575265,,4.123977153569756,,3.2411701450974677
LT_227,3,fold3,0,,0.00041761265588208425,,6.4731612565858185,,2.887210342253916,,2.1622620735220845,,7.838418371530987,,3.9884032990814067,,3.0773009960109214
LT_229,3,fold3,0,,0.0004311418250292666,,6.513496977479213,,3.171530236886313,,2.532585845792897,,7.7058965208412955,,4.956044269778863,,4.132482643626128
LT_23,3,fold3,0,,0.00041835146084098773,,6.470238341728198,,2.512454149474953,,1.9202071689054097,,7.982966689426633,,3.680015946321667,,2.8255169223401695
LT_232,3,fold3,0,,0.00041840238165120197,,6.194596188951148,,2.8573028034879675,,2.2011403558890206,,7.7105824553266515,,3.872392831420417,,3.0464491030758247
LT_236,3,fold3,0,,0.00041652049705404384,,6.368235191562784,,4.0036628802628975,,3.3513918981499646,,8.043668385732927,,4.879003571823862,,4.056808045270898
LT_240,3,fold3,0,,0.0004196878838984442,,6.4687871447197995,,3.2288756975781583,,2.5423571369079787,,7.76472066839756,,4.947989988514697,,4.070949922635519
LT_241,3,fold3,0,,0.00041933408837932333,,6.536392582679191,,4.004990158163772,,3.340057067981475,,7.764898358638504,,5.0115774430924604,,4.280494461103632
LT_243,3,fold3,0,,0.00042278805529648994,,6.282823811446849,,3.655398804833623,,2.9307684764608686,,8.177479375998395,,4.269043830840241,,3.4958202738686244
LT_245,3,fold3,0,,0.0004234395107050523,,6.094788151912406,,2.6044197458698166,,2.094710012057823,,8.022044726837267,,4.44644481171351,,3.447886015167385
LT_249,3,fold3,0,,0.0004329668074608134,,6.0887413674907656,,2.4169681730398724,,1.9070725268331732,,7.686792004075996,,3.8256333283890838,,3.0602317464626245
LT_25,3,fold3,0,,0.0004178206490497074,,5.911917158368343,,2.2885104641165133,,1.7808370201009276,,7.580784505891609,,3.4854995241477233,,2.7422215473879517
LT_252,3,fold3,0,,0.0004181179715342931,,6.1518261714721,,2.518262603393127,,1.9640032438123203,,7.974254855385497,,4.129674542518483,,3.2302877614733028
LT_253,3,fold3,0,,0.00041695012226395864,,6.310399145304098,,2.562497815278686,,1.9984298414859445,,8.388233657823157,,4.316717302851802,,3.230943068899435
LT_254,3,fold3,0,,0.00043182623890261444,,6.334978959595939,,2.80719241940052,,2.1280247302610635,,7.794223705491135,,3.848315709396115,,3.0587047759771115
LT_255,3,fold3,0,,0.00041886084439864656,,6.462714945283217,,3.0623004939852265,,2.3113276425798017,,7.760954097922903,,4.076548756336305,,3.238101584079305
LT_256,3,fold3,0,,0.00041887002828234,,6.226238472180195,,2.680127208521948,,2.180585647390341,,8.115584914682394,,4.308704587196243,,3.3090855478409456
LT_258,3,fold3,0,,0.0004223171127673113,,5.885009359827518,,2.4516727866166126,,1.9356482253608462,,7.564679813356724,,3.407929737611883,,2.673653533721896
LT_259,3,fold3,0,,0.00041835749930325093,,6.1923369504784365,,2.530646554929907,,1.993484581517732,,7.876063646314279,,3.7645018175343847,,2.9603707996418516
LT_26,3,fold3,0,,0.00041973870293599523,,6.563467801473159,,2.93909873963539,,2.2778321843768667,,7.882859682339296,,4.303664301524523,,3.3308277174883303
LT_264,3,fold3,0,,0.00041754278270380966,,6.666175147199696,,2.6222673764304374,,2.058480692793949,,8.267080455702226,,4.118839278528577,,3.2402734768415784
LT_266,3,fold3,0,,0.00041849370417622496,,6.3228911629277675,,2.443070611262861,,1.8907966284911146,,8.197884584344784,,3.4759636241135445,,2.838673495313302
LT_267,3,fold3,0,,0.00043060791620597866,,6.481697142016876,,3.1026347341870633,,2.4595185666462984,,8.149648122934686,,4.925700385304656,,3.938124573556598
LT_268,3,fold3,0,,0.0004237065099972903,,6.1739035821928345,,3.639489662692438,,2.886188753008063,,7.899568766907189,,3.9669301823362346,,3.2102386669007976
LT_269,3,fold3,0,,0.00043236996508917713,,6.252387326822086,,3.0025029512201726,,2.435641838272312,,7.94919942518398,,4.883750999209093,,3.884036539530813
LT_272,3,fold3,0,,0.0004248383561418177,,6.449120792894108,,2.5159304920337098,,1.972665060410668,,7.839713451647524,,3.727470073772772,,2.955359693219448
LT_274,3,fold3,0,,0.00041724065068640855,,6.619327655966781,,3.7717039648819544,,3.1092308358264327,,7.924010273186919,,4.575590370853114,,3.8294437134694146
LT_275,3,fold3,0,,0.00041806618184343433,,6.2685236106897735,,2.6957536424000703,,2.170254600026148,,8.230137075238016,,4.257353198032276,,3.3261804416274146
LT_282,3,fold3,0,,0.00041856761640954136,,6.168300399244811,,2.6772248416965008,,2.0359142086330313,,7.903917772597449,,3.7978882802153553,,3.0867178727765507
LT_283,3,fold3,0,,0.0004279072840513293,,5.9446601046442,,3.5416862238600024,,2.8242252576340365,,7.334944500431293,,3.786041219605746,,3.1578606971978656
LT_284,3,fold3,0,,0.00041759025477204614,,6.330834413543724,,3.5995920093940477,,2.896788528985577,,8.076627681659737,,4.110541575318593,,3.364334911345752
LT_285,3,fold3,0,,0.0004191539044857157,,6.264470226574014,,3.6895073229829194,,3.0970452914796973,,7.882158360968226,,4.641610829236003,,3.9208949831916016
LT_290,3,fold3,0,,0.0004178164544427678,,6.189835184076771,,3.6411747042448117,,2.9826932612488273,,7.819821150188661,,4.481843331740292,,3.888329655611011
LT_296,3,fold3,0,,0.00042394913623368564,,6.20171841611623,,2.672764515729004,,2.100581488536101,,8.403778914802045,,4.521092462404653,,3.403260692142673
LT_297,3,fold3,0,,0.00041857544144220833,,5.995703535802441,,2.312135609723693,,1.8025971637972307,,7.52949895990636,,3.18480894496385,,2.564890359605434
LT_304,3,fold3,0,,0.0004182301473522887,,6.306304779591672,,2.9758524166233085,,2.316653890210637,,7.761049895959632,,4.0826029207542724,,3.178187840347708
LT_313,3,fold3,0,,0.00041879969367218314,,5.845860474488587,,2.3552489961452556,,1.8320016026195933,,7.45903022400205,,3.3971577303167586,,2.6694499912541527
LT_314,3,fold3,0,,0.0004183359235937628,,6.028972998016718,,2.5717998048996216,,2.068512253634499,,7.73825313292832,,4.357647653217268,,3.3911239039782823
LT_318,3,fold3,0,,0.00042477497782822914,,6.039119038233614,,2.725779648720005,,2.104818921652882,,7.588740184941622,,3.800592025862875,,2.9650434352825776
LT_320,3,fold3,0,,0.00041790090009995867,,6.121044874586544,,2.3912131030939294,,1.8810433816285121,,7.828245582543386,,3.495109968383121,,2.7322555169712883
LT_321,3,fold3,0,,0.00042484269501569943,,6.1465108687713945,,2.3865497210053377,,1.850584358293691,,7.615370117997037,,3.6417665860412076,,2.8054076172962277
LT_324,3,fold3,0,,0.00041864458281099665,,6.365196698405583,,2.967493066425211,,2.3375696535077926,,7.7309484563862005,,4.583800444003299,,3.7521784225617583
LT_325,3,fold3,0,,0.0004226580931016733,,5.953002854182525,,2.5130139404409793,,2.0177352183439146,,7.784460348441417,,3.978434010251143,,3.103570766878041
LT_341,3,fold3,0,,0.0004187499352262536,,6.779584817329345,,3.7044210848679406,,3.0128466684691335,,7.872861769215431,,4.004297368121406,,3.2599165951663402
LT_349,3,fold3,0,,0.000419091607066208,,6.0062805215640305,,3.7203727479152033,,3.128220864605005,,7.528352626100059,,4.553995813197536,,3.7557556833133585
LT_351,3,fold3,0,,0.00043102046269297145,,5.851737607638447,,2.3603673143467216,,1.915174040070321,,7.7804114214098545,,3.885847125224065,,2.931055804135771
LT_353,3,fold3,0,,0.0004248374792303316,,6.487865960807782,,3.6112736432735573,,3.009033906702011,,8.268800021987682,,4.642602976201475,,3.7894090900498845
LT_354,3,fold3,0,,0.00042049968353550723,,6.201234427920356,,2.547784049586112,,2.0199045142617047,,7.821658393598974,,3.6954459586264203,,2.969540198811031
LT_355,3,fold3,0,,0.0004322893284467791,,6.429811674805089,,2.630681453005866,,2.082928708202069,,7.919201752896643,,3.7896305641876857,,3.0191308318938397
LT_363,3,fold3,0,,0.0004191115344011117,,6.065534403562102,,2.3483509221152565,,1.8562096331901246,,7.6057021834067635,,3.214396015620823,,2.631781167998499
LT_365,3,fold3,0,,0.00042376107901685375,,5.9956301119105415,,3.549476036924669,,2.8728404204756903,,7.50665079392563,,4.155308102339388,,3.3801135483262006
LT_367,3,fold3,0,,0.00043051422539695273,,6.330929369398867,,2.778476976979651,,2.142596006510596,,7.840050544300171,,4.494841153075816,,3.5138675632166803
LT_368,3,fold3,0,,0.00042262203180071754,,6.187912111880312,,2.9692311660834516,,2.3528283491817867,,7.66628648845689,,4.699660399161679,,3.9151342150341466
LT_371,3,fold3,0,,0.0004173340930154028,,6.585593685976325,,3.641631202231419,,2.953389571267112,,8.170520957503053,,4.162991834140916,,3.371167046849384
LT_379,3,fold3,0,,0.0004187668065900839,,6.4012793271047785,,4.293785186068938,,3.3973509931235273,,7.7786605468592676,,4.513411265458056,,3.856909587369256
LT_38,3,fold3,0,,0.00043183537192910404,,6.155058356153126,,2.5130530903652,,2.0077670639032457,,7.967302085672158,,3.6243780713468357,,2.9166941369691917
LT_381,3,fold3,0,,0.0004186609727712728,,6.347500867486416,,3.0204610161409033,,2.3480461822219914,,7.547815303082048,,4.487191950823455,,3.6727274727428965
LT_386,3,fold3,0,,0.0004249991743022173,,6.220145538345559,,2.803348563179545,,2.286417798025934,,7.975156113752558,,4.631319678422259,,3.6372956309186075
LT_387,3,fold3,0,,0.00042247961613062733,,6.2195941214301635,,4.092088921551605,,3.3863259858479005,,7.623227284860205,,4.966790495952062,,4.244873443063049
LT_389,3,fold3,0,,0.0004188135491144506,,6.450229244339456,,2.577075104355946,,2.051800538795767,,8.024489361022262,,3.9393134776374708,,3.016682032287009
LT_392,3,fold3,0,,0.00041940242093954465,,6.5270114343300465,,3.2652432835105256,,2.511034649688561,,7.995135755704535,,4.876815918093343,,3.973564350333516
LT_395,3,fold3,0,,0.0004213212460961978,,6.060309097729259,,3.6687571102564114,,2.9871930674355505,,7.56331267859205,,3.961916629235621,,3.38009079970837
LT_398,3,fold3,0,,0.00042103487793018236,,5.936827571554529,,3.50133003875459,,2.868136989563233,,7.145053294442928,,4.2104637513065954,,3.348612589371185
LT_399,3,fold3,0,,0.000419538703076457,,6.16576372692133,,2.458472826966569,,1.9515515622493183,,7.3606288998688925,,3.5664624382102836,,2.847617174164472
LT_400,3,fold3,0,,0.00041696909154359703,,6.496442586920487,,2.8510625721039844,,2.200076686385107,,7.906596993905007,,4.414757516746175,,3.448278336950163
LT_401,3,fold3,0,,0.00041994278463193015,,5.829148460423325,,2.3333412395686337,,1.836676154671561,,7.597924269552677,,3.2418931365218047,,2.699145802900259
LT_402,3,fold3,0,,0.00041858374379483664,,6.667174099112516,,3.6445712597612934,,2.966731810064151,,8.349318550023733,,4.1821234585162435,,3.493662333599689
LT_407,3,fold3,0,,0.0004188914901346319,,6.316490218242777,,4.053756066692777,,3.332353019823235,,7.4790719274793,,5.02403531562471,,4.1108280684001
LT_410,3,fold3,0,,0.0004251169710420902,,6.383323081630299,,3.281004924967095,,2.571705644671265,,7.566648467802492,,4.9606488782658,,4.133416287167317
LT_413,3,fold3,0,,0.0004190401828979007,,6.310319075628693,,2.9926606120903765,,2.340600983673572,,8.1559116392854,,4.700158011906208,,3.680577989126723
LT_414,3,fold3,0,,0.0004187975495669842,,6.211945778849476,,3.662665378768871,,2.9123743594725893,,7.847406843227805,,4.039872412218002,,3.228425237370471
LT_417,3,fold3,0,,0.00041851709346759497,,6.184618324947313,,3.524139573193937,,2.8026776272781233,,7.620458637648625,,3.8907119369635605,,3.1657346782976923
LT_420,3,fold3,0,,0.00042855138851016425,,6.43139984167239,,2.5135282370370473,,1.9871365490893276,,7.728587897309721,,3.6826187564364106,,3.0835982375807047
LT_428,3,fold3,0,,0.00042179940329019165,,5.891141717686379,,3.561646601724391,,2.821379703996545,,7.578231338265098,,3.774823642704616,,3.0899962918264543
LT_440,3,fold3,0,,0.0004178221991646275,,6.148448613140392,,2.3534003320336874,,1.803147098850453,,7.820436095494502,,3.5683415982019397,,2.6991551730410728
LT_447,3,fold3,0,,0.00041881018081653745,,6.569781098660444,,3.9796644544137445,,3.29625841470856,,7.78671441505917,,5.071982576497398,,4.166612176380711
LT_45,3,fold3,0,,0.0004178109245011781,,6.466186106285098,,2.6509202399604193,,2.055645926287762,,7.69850346917591,,3.6968673116087785,,2.916946697182972
LT_457,3,fold3,0,,0.00041711368071829097,,6.206257939556761,,2.8389144083632503,,2.295213966740097,,8.322745555575716,,4.66189087096851,,3.7397400709685096
LT_47,3,fold3,0,,0.0004319434362736966,,6.3687264224633795,,2.8678247029398043,,2.258281896210782,,7.772981564450997,,4.678009731666822,,3.6640633652560073
LT_484,3,fold3,0,,0.00041859081169922166,,6.093568914848708,,2.569158467763883,,2.041130997201882,,8.034080976921326,,3.7353953970411773,,2.9675978235728557
LT_499,3,fold3,0,,0.00041749082569563986,,6.514599742144495,,3.1721345484753356,,2.4555632355597963,,8.057584724029429,,4.90891681809169,,3.896818095567847
LT_514,3,fold3,0,,0.0004205767829391586,,5.862261292750742,,2.7185140195875577,,2.1942650254237077,,7.9126088281810265,,4.477656457330987,,3.5842893112553913
LT_532,3,fold3,0,,0.00042333649677706725,,6.466108589386284,,2.7496308627740547,,2.14664407686011,,8.219362916370738,,4.380691166161133,,3.5340019776368186
LT_538,3,fold3,0,,0.0004194993131717735,,6.443233443143284,,3.012237317073638,,2.4008100400144037,,8.309635863671781,,4.665744158205853,,3.8098089165066944
LT_541,3,fold3,0,,0.0004185373955702069,,6.133438140622172,,2.467731970654561,,1.9291975066188867,,7.807289919405412,,3.6874931369976363,,2.897712733045031
LT_542,3,fold3,0,,0.000417891806726467,,6.436931558164342,,3.660743375795543,,2.937791240052742,,8.248874294817407,,4.375230795063894,,3.663003653752973
LT_549,3,fold3,0,,0.00041914546324348274,,6.2701085698381975,,2.427764630777805,,1.8987407483730963,,7.51821902334096,,3.396443611151347,,2.7649224485699024
LT_556,3,fold3,0,,0.0004178853848172473,,5.9206050075258005,,2.3668397383638933,,1.8642282970079398,,7.503080444927649,,3.3964360014162263,,2.7911507931864117
LT_561,3,fold3,0,,0.0004213799428375471,,6.012397969662434,,2.7259305908484857,,2.165319767450138,,7.512487731385327,,3.7160124677735085,,2.9752210086016375
LT_562,3,fold3,0,,0.000419268534987605,,6.360664674929468,,2.9538340614602348,,2.35562935757476,,8.271146058994784,,4.63891816007491,,3.68944233067003
LT_570,3,fold3,0,,0.00041855935387098524,,6.115049078765299,,2.821266529304202,,2.1820082791103608,,7.6307617178911595,,3.949711457120037,,3.0986802591275104
LT_582,3,fold3,0,,0.00042099718884216174,,6.159557638629688,,2.993011468808851,,2.320361723873316,,7.594718601859364,,4.092728111600414,,3.298274224440926
LT_583,3,fold3,0,,0.0004183085583255742,,5.972864200452963,,2.3012752079525423,,1.7863209099327213,,7.895853859315781,,3.2902985396416033,,2.4993492607430867
LT_588,3,fold3,0,,0.0004190255180703973,,6.490371211292472,,3.1795796744720777,,2.42901791712695,,7.738790057523152,,4.831078690740167,,3.895420864169133
LT_596,3,fold3,0,,0.0004245881248636195,,6.427588271716919,,2.513328243046631,,1.9403999651518824,,7.814109922312051,,3.5011800048037913,,2.8712065754609246
LT_599,3,fold3,0,,0.00042429201872278867,,6.425303127402168,,2.8697220382850617,,2.2918858768901456,,8.04508591427853,,4.573140382082059,,3.655027115256168
LT_607,3,fold3,0,,0.00041808317370350956,,6.1344292054777405,,2.625948632264476,,2.0861720735120692,,7.932374596253314,,4.297785321793372,,3.326864258751141
LT_610,3,fold3,0,,0.0004177099857793718,,6.149614826740578,,3.6373459777974966,,3.0907792367294147,,8.273615078005886,,4.893601227641312,,4.031469771123733
LT_620,3,fold3,0,,0.0004190234461224178,,6.260750873875021,,2.605995295603574,,2.073524566048505,,7.735228122196492,,4.197593598565733,,3.330699993420339
LT_621,3,fold3,0,,0.0004209670716389946,,6.065169140242146,,2.3531409002240546,,1.8670674818934472,,7.641082449514762,,3.7512546349740834,,3.0550384888391853
LT_636,3,fold3,0,,0.00041689526809712135,,5.998589862724914,,2.3684043874387624,,1.8923703748929475,,7.519668013343526,,3.9029250721355684,,3.022890226919722
LT_637,3,fold3,0,,0.00041691123259022904,,6.332018460899288,,2.6256313826130526,,2.038161966650716,,8.55079601023572,,4.391246769773872,,3.3173491971375064
LT_648,3,fold3,0,,0.00041734793842703073,,6.239403226181572,,2.4001862799429516,,1.895147154803197,,7.968287525290094,,3.75378763861719,,2.872236571624386
LT_654,3,fold3,0,,0.00042020116899561463,,6.015521438099005,,2.421588633160474,,1.9307581690777418,,7.401173963314293,,4.051558018017568,,3.166515695295104
LT_659,3,fold3,0,,0.00041780702829010904,,6.608883806491238,,3.8417362551052787,,3.1267483404244385,,8.17690511086635,,4.729161151380207,,3.8309042060601697
LT_666,3,fold3,0,,0.0004182127947521489,,6.27717816049114,,2.5042648388520647,,1.9907087920220308,,8.49416338544431,,4.036552059594829,,2.9686825509420176
LT_667,3,fold3,0,,0.00042623626868069225,,5.743073598567375,,2.3718752718684395,,1.8805359545103764,,7.3378043314070105,,3.3795229764690013,,2.62595440998198
LT_674,3,fold3,0,,0.0004184025385364186,,6.4551920647154155,,2.968809884589672,,2.2785846255361206,,7.821743390889268,,3.971619890791782,,3.12187189608901
LT_679,3,fold3,0,,0.0004171120927121529,,6.353562603342674,,3.6911956629337976,,2.9768338794850826,,8.514647776312485,,4.527837323114521,,3.7525487238234203
LT_69,3,fold3,0,,0.00043247987590091207,,5.962700397306681,,2.2981544568860857,,1.886898777674255,,7.785337680735138,,3.357132728748017,,2.589941319174331
LT_698,3,fold3,0,,0.0004201243072502227,,6.5300597255222455,,2.7505941738445743,,2.145769456835622,,8.416360368903373,,4.4096672020036225,,3.4763352845427447
LT_703,3,fold3,0,,0.0004178203883549343,,5.95433133612929,,3.445457089891473,,2.7686761333748544,,7.630025246659311,,3.8357939812348625,,3.1609230008503704
LT_715,3,fold3,0,,0.00041837438710544406,,6.395028988435579,,2.9232458715234273,,2.262183459440297,,7.561562631570692,,4.34651910704253,,3.3924926255676793
LT_716,3,fold3,0,,0.00041841267544496727,,6.527549752296651,,2.653380435740032,,2.020225485429827,,7.644485946240909,,3.6787139680927483,,2.994975136459318
LT_724,3,fold3,0,,0.00041798648558702065,,6.460249583311808,,3.741043799029244,,3.1887325798602664,,8.488714372226722,,4.859273354924004,,3.9176829412318948
LT_725,3,fold3,0,,0.00041802598174207027,,5.935840444141256,,2.383078697818542,,1.8595917263562811,,7.765711386241689,,3.4892132622043053,,2.6750792818127866
LT_726,3,fold3,0,,0.0004181695244797855,,6.187863675644099,,2.685844626211919,,2.1461712730561193,,7.757700041440638,,3.877057953941782,,3.089326402113661
LT_74,3,fold3,0,,0.00042353790585239297,,6.101143605256255,,2.4038091967277704,,1.887641988781716,,8.154226715885779,,3.682817575391237,,2.8204734764706645
LT_753,3,fold3,0,,0.0004183331425766518,,6.244828860919462,,2.447577461733127,,1.913593473806219,,8.073784206399845,,3.721317920969294,,2.7715386373935185
LT_758,3,fold3,0,,0.00041625551955306976,,6.525353300020092,,2.758794054809305,,2.200030466460743,,7.951931042486904,,4.4744339836903055,,3.4751343330073103
LT_760,3,fold3,0,,0.0004185583062504064,,6.235859870566964,,2.8041222587862635,,2.083395562803925,,7.707620081001711,,3.7948162323134182,,2.934403674667082
LT_768,3,fold3,0,,0.00041730509391543595,,6.44030623364525,,3.5485505314065606,,2.8821398472192254,,8.222523522527178,,3.9939087440015966,,3.235559547891192
LT_769,3,fold3,0,,0.00041797715700014546,,5.957868863520188,,2.3814640505701083,,1.8879016081313924,,7.323018339519554,,3.300865550583195,,2.6018341061598584
LT_772,3,fold3,0,,0.00041932175011905395,,6.6367482127097,,2.6376982589084177,,2.051487564788901,,8.064297503139183,,3.741241905026333,,3.013667924320263
LT_775,3,fold3,0,,0.0004169207371473513,,6.060906977112929,,2.529739486528314,,1.9586822594255486,,8.122874934799155,,4.0245174255042615,,3.228394317687402
LT_776,3,fold3,0,,0.0004177348449848437,,6.200244607424378,,3.496775067660203,,2.8298634366925377,,8.186231915074597,,4.2895226143790115,,3.3862441911098355
LT_780,3,fold3,0,,0.0004180244434119386,,6.3615141810298645,,4.091824402939068,,3.356443134686062,,7.428850445616966,,4.968817101728108,,4.201055352797869
LT_794,3,fold3,0,,0.0004185499070090831,,6.584532102255108,,2.5709781495395987,,1.9769306154202746,,8.05481350653444,,3.9791378530379737,,3.1144784661617337
LT_796,3,fold3,0,,0.0004184650336983009,,6.758157754752486,,3.7231230302460725,,3.0229013841836494,,8.032753476161226,,4.373773847624053,,3.471222273998293
LT_798,3,fold3,0,,0.0004185542192630693,,6.323404645105223,,3.5834168759301326,,2.8581763861212894,,8.404860698783807,,4.428761442752618,,3.549238602334211
LT_799,3,fold3,0,,0.00041866660887708747,,6.069832959189625,,2.3101531767770034,,1.7893730735586066,,7.544116445820593,,3.2087660962707134,,2.4904860022619775
LT_8,3,fold3,0,,0.0004184806877118256,,6.601211187966245,,2.93890368356643,,2.2818248347284342,,7.933362899983586,,4.4242505355253074,,3.4701698041278854
LT_802,3,fold3,0,,0.00041903449833730934,,6.372817486149362,,3.5229269331310404,,2.8379452696158767,,7.734614294465255,,4.116432418548572,,3.3388156557555266
LT_803,3,fold3,0,,0.00041829419024768354,,5.851809808601258,,2.356032648451073,,1.8658443255793398,,7.372712241605076,,3.3011112822882693,,2.533012942399985
LT_804,3,fold3,0,,0.0004170941293164688,,6.330392876788663,,2.5314883612012022,,2.009344415134982,,8.069037391336032,,3.6033117752167665,,2.8559350835902997
LT_806,3,fold3,0,,0.0004186596078219196,,6.453099919771618,,2.517704244223571,,1.9193856019428843,,7.844455048746651,,3.5565850497430667,,2.816573250876594
LT_808,3,fold3,0,,0.0004171812170114999,,5.958018754748138,,3.6392805065657283,,2.9615933499792835,,7.816468572536529,,4.195037733510752,,3.4678234520520976
LT_813,3,fold3,0,,0.00041856370946666277,,6.335295611130725,,4.136885587318928,,3.263732850407542,,7.728234308613289,,4.345427938350275,,3.5496746131275105
LT_815,3,fold3,0,,0.00041730576591954803,,6.237854889970744,,3.5810928386332566,,2.9062577068073177,,7.947351744948673,,4.527176011255337,,3.5828649838211115
LT_82,3,fold3,0,,0.0004165193707325737,,6.187595934005649,,2.571373729872286,,2.0270383372841634,,8.35541817842388,,4.263682420470707,,3.2262427143993406
LT_83,3,fold3,0,,0.00043420994209444376,,6.049026789779724,,2.409403315917177,,1.823393953414529,,7.53398499678878,,3.4070858491424074,,2.6662728260810753
LT_832,3,fold3,0,,0.0004181199107538801,,6.587192892416116,,3.0909420976732687,,2.368077109885329,,7.970935341522481,,4.836237618057837,,3.7937323765222106
LT_834,3,fold3,0,,0.00041702163374340503,,6.118876923820711,,3.5502328487066097,,2.949453669341314,,7.732335029963022,,4.406459875433952,,3.5523117420045214
LT_835,3,fold3,0,,0.00041810692727733967,,6.348069600269169,,2.3880129542773654,,1.8493971990829798,,8.243830303499944,,3.321326350329437,,2.552681676464787
LT_84,3,fold3,0,,0.0004169542145114301,,6.386637212780825,,2.9038313608826654,,2.2420496813125204,,8.068787986040126,,4.492389935532512,,3.637995385093017
LT_842,3,fold3,0,,0.0004170075799647833,,6.131621633888505,,2.4121205804439634,,1.885621951041169,,7.872125890921544,,3.4219607499311233,,2.624377636729379
LT_86,3,fold3,0,,0.00042428485461993605,,5.884185811902447,,2.3187184775969176,,1.8409896489206674,,7.720986038779758,,3.2891309753305715,,2.6583032092879955
LT_862,3,fold3,0,,0.00042889311274666754,,6.327997037381984,,2.8011990090857526,,2.1663601899437164,,7.979513688775851,,4.502905962116719,,3.4328307211595552
LT_87,3,fold3,0,,0.00042433827835943773,,6.411295992658592,,2.4655172575097253,,1.9125366603470486,,8.10548839693923,,3.59515368549219,,2.7576734105724174
LT_871,3,fold3,0,,0.0004221846227195798,,6.145070326247752,,2.6667321559022157,,2.116978155543643,,7.782548140337575,,4.25008782795058,,3.413100819641953
LT_872,3,fold3,0,,0.00041910104821083274,,5.85551008543622,,2.3635953024457703,,1.8365880041538878,,7.475295714957357,,3.459864555664616,,2.7219150567121235
LT_873,3,fold3,0,,0.0004234911037289957,,6.198612327849324,,3.0192315004107075,,2.3015628654255664,,7.508666913650855,,4.0663387309457635,,3.2931676942687695
LT_876,3,fold3,0,,0.00042967286061107446,,6.191151941028558,,2.7097103112983385,,2.0987783797383854,,7.767995006865457,,4.479007464630437,,3.376088755521014
LT_881,3,fold3,0,,0.0004187405210308477,,6.738285995520708,,4.170083784071259,,3.3820792232078154,,8.119616026995015,,5.180916241177168,,4.427804026188355
LT_885,3,fold3,0,,0.0004201191592769892,,6.534801744116708,,2.6401466016020807,,2.0301276985898573,,8.095705784171335,,4.029632805398558,,3.269771130585706
LT_895,3,fold3,0,,0.0004182077386801486,,6.154170219284647,,3.7403574315956276,,3.0886235816456207,,7.420766172900775,,4.542833198681657,,3.7633497859434395
LT_897,3,fold3,0,,0.000419129465005056,,6.23657504021984,,3.6349509091449295,,2.977271797442134,,7.761320551262366,,3.993186337758,,3.2879648779363726
LT_904,3,fold3,0,,0.0004186563484171457,,6.0592219969128776,,3.0366197021784815,,2.4400086720541188,,7.964699123985617,,4.818628706608673,,3.89265214891467
LT_905,3,fold3,0,,0.0004184235617151928,,6.135883267183526,,2.735504506920685,,2.2078182327378815,,7.882339001484689,,4.4096819117373345,,3.470613556286788
LT_906,3,fold3,0,,0.0004190752388008659,,6.145781965938669,,3.1749997275306927,,2.511474825086141,,7.563619148372359,,4.872211002507761,,3.8955631198813676
LT_907,3,fold3,0,,0.0004164257447751684,,6.023269279933769,,3.8369637217767876,,3.2025489027963174,,7.969321793419696,,4.89279048580616,,4.0933723215244955
LT_916,3,fold3,0,,0.0004181470739679366,,6.287245832233669,,4.251277756889748,,3.395643030603988,,7.520161676523003,,4.914979480393069,,4.006272739016541
LT_920,3,fold3,0,,0.00041895033133976245,,6.7012226234069106,,3.97155686878974,,3.2716948606689695,,8.391064575257843,,5.038847087414486,,4.222309771511234
LT_925,3,fold3,0,,0.0004193301972015163,,6.234991201971279,,2.8301447214819127,,2.3053516361196453,,7.626974205167813,,4.443789953106375,,3.6043565193024687
LT_929,3,fold3,0,,0.00041862660624203234,,6.060622717445618,,3.691019996262832,,2.982231708868808,,7.738662139475553,,4.073778476463261,,3.3684703993184235
LT_930,3,fold3,0,,0.00041797973834731966,,6.162528739323638,,3.586240155191804,,2.9135224382958205,,7.878246731275639,,4.150977676850016,,3.3899847974373283
LT_934,3,fold3,0,,0.00042507359748698674,,6.470850127341916,,2.5772338473671184,,2.1410185178403136,,8.290750656369958,,4.231700815470553,,3.2960369095160007
LT_96,3,fold3,0,,0.0004297895454811046,,6.128260395353731,,2.848180543090664,,2.2011052733653074,,7.469680895407732,,3.9222355486362095,,3.103997393133195
LT_97,3,fold3,0,,0.00041813993376041414,,6.415873223231286,,2.930122797656711,,2.269733359249905,,7.610370355016571,,4.254961215076823,,3.3147342129225708
LT_989,3,fold3,0,,0.0004165941533300459,,6.3755539214597885,,2.7090308244158354,,2.151104123661704,,8.11252035420106,,4.436126147924067,,3.5454675904642365
LT_992,3,fold3,0,,0.00042666524888719873,,6.521038593048062,,3.1008570218648943,,2.488399310122238,,8.031589687155305,,4.843918938561079,,3.9991417384481793
PCL_32477,3,fold3,0,,0.0004319054534076827,,5.17536333613692,,2.802594501655378,,2.214552043277287,,7.248813331793524,,4.2752243272617365,,3.3599421629058157
PCL_32673,3,fold3,0,,0.00040187637273074624,,6.154997139798724,,3.649581734606442,,3.004328888441245,,8.158109865323313,,4.630009105310503,,3.900841661359956
PCL_32674,3,fold3,0,,0.00040187637273074624,,6.154997139798724,,3.649581734606442,,3.004328888441245,,8.158109865323313,,4.630009105310503,,3.900841661359956
PCL_32675,3,fold3,0,,0.00040186296457873916,,6.31835570083396,,3.7168379699480747,,3.1285920718840856,,7.8800183522728116,,4.960631025581654,,4.064863003649787
PCL_32678,3,fold3,0,,0.0004018747664998358,,6.0337908992131535,,3.709120421409973,,3.096789486847117,,8.100270978658276,,4.865217832092124,,4.070844229236289
PCL_32679,3,fold3,0,,0.00040187637273074624,,6.154997139798724,,3.649581734606442,,3.004328888441245,,8.158109865323313,,4.630009105310503,,3.900841661359956
PCL_PCL0192,3,fold3,0,,0.0004045447994678632,,5.746612510310547,,3.4184620337503904,,2.8198278274929622,,8.036390152920522,,4.496094899948158,,3.7768642456958164
PCL_PCL0195,3,fold3,0,,0.00041578323543488976,,5.6420826005677345,,3.5538516657238204,,2.9015224156904127,,7.668802351186761,,4.497031791828858,,3.772517492220901
PCL_PCL0196,3,fold3,0,,0.000409472910509889,,5.83693595636082,,4.195766420276211,,3.3577758934138044,,7.8480898222757265,,4.730018647056406,,3.8634475201439287
PCL_PCL0201,3,fold3,0,,0.00040590546926617954,,5.8518546014800075,,4.014150967710998,,3.2174797942291753,,7.706738028720118,,4.560351205737833,,3.7463581557682484
PCL_PCL0209,3,fold3,0,,0.0004144611166565261,,6.042496018657996,,3.4287586908598375,,2.7261767451855747,,7.570181943146478,,4.266111403158686,,3.613738675666741
PCL_PCL0210,3,fold3,0,,0.0004099337843524297,,5.428626666431098,,3.411266667790663,,2.6690085648651984,,7.469968083209592,,3.915838825320528,,3.2152051687287235
PCL_PCL0242,3,fold3,0,,0.00043364916134500456,,6.1230761481541895,,3.7852808341592707,,3.018968628694676,,8.542860837346323,,5.374794543362465,,4.357433016446227
PCL_PCL0245,3,fold3,0,,0.00041741097159215396,,6.282070372037006,,4.42852531140483,,3.5276152305284945,,7.626549136878834,,5.158634628170035,,4.316762817834791
PCL_PCL0246,3,fold3,0,,0.00041403439153183015,,6.027098891500179,,3.643247892170417,,2.898539319426218,,8.027244758130088,,4.7653722200094535,,3.8212834554953994
PCL_PCL0247,3,fold3,0,,0.00041475347368099234,,6.203239617282978,,3.66888249352888,,3.107504170871246,,7.811395930451122,,5.165590065302263,,4.339185846730355
PCL_PCL0330,3,fold3,0,,0.0004141501915143359,,5.981913066800364,,3.164699132644529,,2.3460552628345774,,7.785829406280352,,4.4894632743996645,,3.474743146200791
PCL_PCL0331,3,fold3,0,,0.00041797416569121053,,6.077783965554146,,3.184830372877346,,2.4176704848234394,,7.609770794708171,,4.529026400701765,,3.7210857106100623
PCL_PCL0385,3,fold3,0,,0.00043201616640654687,,5.120726821843134,,2.7410304434511525,,2.230223375060319,,7.970253298950159,,4.308465794672943,,3.4880850012006706
PCL_PCL0389,3,fold3,0,,0.0004361572059045117,,4.916304068249319,,2.4047042991889698,,1.972019303606803,,7.794035444062219,,3.866447580945952,,3.0512777471881796
PCL_PCL0390,3,fold3,0,,0.0004307002953961789,,5.412705651308585,,2.6040269205735536,,2.0727775678389255,,7.852060434141144,,4.492871603014355,,3.4601085884522758
PCL_PCL0391,3,fold3,0,,0.0004367292673817455,,4.839129431913787,,2.3912005556281315,,1.9149527774650095,,7.8943920765973825,,3.6483194146826046,,2.9167986006507567
PCL_PCL0392,3,fold3,0,,0.00043651808524930794,,4.989464987908076,,2.4083388162151613,,1.9619353715297576,,8.224956218501777,,4.408387481879028,,3.5394504101939086
PCL_PCL0393,3,fold3,0,,0.00043420890006180476,,5.77582827587574,,3.151222728491995,,2.3721994030788736,,8.242951187224781,,4.6834236197311965,,3.7609880130761257
PCL_PCL0394,3,fold3,0,,0.00043497825852786137,,4.968828784476311,,2.5177275366234193,,2.0866604585674478,,7.856525704421012,,4.4306194299647865,,3.535864532768499
PCL_PCL0395,3,fold3,0,,0.00043449340989134937,,5.014922675767237,,2.725810602281185,,2.1930055945055766,,7.724627334933837,,4.4548975640464406,,3.4641491824882134
PCL_PCL0396,3,fold3,0,,0.0004337355326521162,,5.032758344907868,,2.825656432908042,,2.290371947633182,,7.773239434539292,,4.7799763277201315,,3.875862489551246
PCL_PCL0397,3,fold3,0,,0.0004147298605643498,,5.7991957663162355,,3.029967905978831,,2.355802483003125,,7.399277616985952,,4.25638684713697,,3.4562733886351036
PCL_PCL0398,3,fold3,0,,0.00043538043468736506,,4.950164993221579,,2.155966227847791,,1.7839560486689718,,7.50283932457214,,3.9707061331871287,,3.128293035844069
PCL_PCL0528,3,fold3,0,,0.00041590219246176625,,6.61833263279274,,4.315663145284032,,3.5825496079257046,,7.828440205967589,,5.469665570011191,,4.6285973239917775
PCL_PCL0529,3,fold3,0,,0.0004199161101038837,,6.500929778904442,,4.336023385410388,,3.5176876757595985,,7.716912845513194,,5.319095558650542,,4.489596408684506
PCL_PCL0530,3,fold3,0,,0.00041372854577870904,,5.7667256718626785,,3.9439510306360983,,3.3126389490689587,,7.735791233040585,,5.223569701602684,,4.360652389646002
PCL_PCL0531,3,fold3,0,,0.0004198537705145146,,6.190287003401661,,4.104694019216608,,3.3993095925196957,,7.796369409131389,,5.220871657231097,,4.285254998258832
PCL_PCL0532,3,fold3,0,,0.00042132801119340764,,5.602742087401301,,3.7606049577453153,,3.1211522442069506,,7.669367079266099,,5.20596539011862,,4.405732178025967
PCL_PCL0533,3,fold3,0,,0.00042132801119340764,,5.602742087401301,,3.7606049577453153,,3.1211522442069506,,7.669367079266099,,5.20596539011862,,4.405732178025967
PCL_PCL0534,3,fold3,0,,0.0004203110133956713,,5.446154151446635,,3.806863181340411,,3.2419111752372887,,7.513276115966036,,5.2289642925107005,,4.4753730430810394
PCL_PCL0535,3,fold3,0,,0.0004193405594193171,,6.030136652265396,,4.089152109524654,,3.4254296066431373,,7.387863199629744,,5.281451660673718,,4.572178514532205
PCL_PCL0536,3,fold3,0,,0.00042525509044357736,,6.281831552663879,,4.360362242217268,,3.4327174333341675,,7.617152727103872,,4.83376022085002,,4.144418133396753
PCL_PCL0537,3,fold3,0,,0.000413446689677157,,5.766852917464382,,3.911016040400547,,3.312608604515018,,7.438138990842953,,5.160522316771398,,4.463394635180274
PCL_PCL0538,3,fold3,0,,0.00041280155442584635,,6.6837273587011925,,4.331524222128612,,3.547588564726372,,8.100081827118649,,5.080589647753303,,4.244665346417922
PCL_PCL0553,3,fold3,0,,0.0004328445430241343,,4.813082086506694,,3.933687918592724,,3.267568338806083,,7.977472368162459,,4.907222537766214,,4.099020147118911
PCL_PCL0554,3,fold3,0,,0.00043426390550968183,,4.937113265544767,,3.542678742688037,,2.8181895259813405,,8.35027827018638,,5.304087349578945,,4.1827119751877415
PCL_PCL0555,3,fold3,0,,0.0004341589545195212,,4.855183529075307,,3.9605990304594276,,3.2803994901286293,,8.103373883434376,,5.138725336463764,,4.263364236413552
PCL_PCL0556,3,fold3,0,,0.0004343916935553062,,4.7687209050811825,,3.9088536608359057,,3.2476744018629535,,8.131714101156224,,4.974537745151523,,4.135295044139398
PCL_PCL0557,3,fold3,0,,0.00043095902766301757,,5.003408285605495,,4.123889536734977,,3.4150716363587366,,8.010118558277489,,5.138043793935945,,4.301788991408202
PCL_PCL0558,3,fold3,0,,0.00043218369178697237,,4.83479354659251,,3.748379156305867,,3.1540794721050136,,7.799945152496972,,5.411676934104944,,4.407215819525765
PCL_PCL0559,3,fold3,0,,0.00043405503558642533,,5.080926437754493,,4.06854987180637,,3.35277417658229,,7.9850850691559865,,5.514048150365694,,4.646335006019801
PCL_PCL0560,3,fold3,0,,0.00043215570407519575,,5.135868484721426,,3.7262699776508836,,3.1109537229580067,,8.306308892894254,,5.361515580147399,,4.4438364082357005
PCL_PCL0561,3,fold3,0,,0.0004348534743847405,,4.765335066690988,,3.6213264873567064,,3.0349182586064045,,8.469825647468223,,5.30577945092451,,4.210315792136511
PCL_PCL0562,3,fold3,0,,0.0004348752067039486,,4.8280506385203825,,3.5176773728547475,,2.9094507481630667,,8.206780139265451,,5.237701977631539,,4.078234911517754
PCL_PCL0563,3,fold3,0,,0.0004350392974219533,,4.550684108254044,,3.2877793141588563,,2.5906910704586497,,7.574475468231477,,5.251879053499374,,4.203540509270803
PCL_PCL0568,3,fold3,0,,0.0004347697986260071,,5.074716804915264,,4.103939864087597,,3.2048602005357942,,8.195749385564984,,4.938038811516007,,3.9395197111232187
PCL_PCL0569,3,fold3,0,,0.000433420008239975,,5.910211721273306,,3.757564914131022,,2.976452580340649,,7.79501548558106,,4.933616009898549,,3.8164299145913034
PCL_PCL0570,3,fold3,0,,0.0004354091614658627,,5.388889006250707,,4.031383060314117,,3.39615493059517,,8.252826251384787,,5.075065811349909,,4.227422221167098
PCL_PCL0575,3,fold3,0,,0.0004357696949524193,,5.532059869120019,,4.318394139629617,,3.3980320478210198,,8.093689771149375,,5.165930109737684,,4.209357804455339
PCL_PCL0596,3,fold3,0,,0.0004138499571352313,,5.904503795315901,,2.8800757711801515,,2.3111690417272723,,8.012560781679918,,4.426780419321284,,3.608974886949357
PCL_PCL0610,3,fold3,0,,0.0004078362760093889,,6.445679562451332,,3.2615582952206315,,2.463551694508039,,7.8142311596800305,,4.7953691653915005,,3.893915886216453
PCL_PCL0627,3,fold3,0,,0.00040223832546303767,,6.351106928325215,,2.9796320002849095,,2.3447374709576296,,8.647423051267635,,3.8426047612848473,,2.8907840474271653
PCL_PCL0628,3,fold3,0,,0.00040507515672862787,,6.3825544426459855,,2.792839175790904,,2.1697564348588636,,7.830107659112877,,3.375810274736231,,2.4978498437190884
PCL_PCL0632,3,fold3,0,,0.00040656730928100016,,6.03353094511046,,3.2390395487819448,,2.4579013009563884,,7.726589083142892,,4.702189906932892,,3.775688164382348
PCL_PCL0634,3,fold3,0,,0.0004007469717016571,,6.0120875676048575,,2.5472842145697667,,1.9605434315624037,,8.034908626605839,,3.5471372283622955,,2.6884565772613205
PCL_PCL0640,3,fold3,0,,0.0004089124817294003,,6.387268762650645,,2.795718613342537,,2.1637223340214193,,7.52364338153924,,3.3272470938001852,,2.5655585478933913
PCL_PCL0643,3,fold3,0,,0.00042841199686994777,,5.2100905304654725,,2.755116069113258,,2.199961624751601,,8.23099257452404,,4.793371535436001,,3.6987764462116983
PCL_PCL0688,3,fold3,0,,0.0004317476139086944,,4.831300638647278,,2.534819618702884,,2.0154756751271177,,7.6102330490283165,,4.469849554381672,,3.613691742582139
PCL_PCL0692,3,fold3,0,,0.0004337113595431676,,6.32309889242344,,3.0836177283925914,,2.3745515656263034,,7.798412955586607,,4.5379500898939495,,3.7774703133752796
PCL_PCL0704,3,fold3,0,,0.0004076160907975409,,5.845660665306151,,2.829685231428563,,2.2683376517221894,,7.808576075721384,,4.395779416497981,,3.4443599812422003
PCL_PCL0727,3,fold3,0,,0.0004340643381317618,,5.602655589287262,,2.508049332312504,,1.9708656345232078,,8.196527504716405,,4.321306697485136,,3.5255551994962473
PCL_PCL0728,3,fold3,0,,0.00042165428252040685,,5.937994746929616,,2.4601934155806404,,2.0723090123723282,,7.701507168016142,,3.9102048031106906,,3.1714419620463223
PCL_PCL0729,3,fold3,0,,0.0004329508391524746,,5.283479253430799,,2.800514649628254,,2.2908493676542756,,8.132906905035613,,4.7560519509816945,,3.6567452000421143
PCL_PCL0730,3,fold3,0,,0.00041590029896850997,,5.859195587262815,,2.9422717182379463,,2.377316446210991,,8.056486380046824,,5.114958461810964,,4.040489788501012
PCL_PCL0731,3,fold3,0,,0.0004070778288853896,,6.50842599017001,,3.212347660565298,,2.4296919119380136,,7.88685706413277,,4.519884724318302,,3.46855879178941
PCL_PCL0732,3,fold3,0,,0.00040949620938277205,,6.5112126995784765,,3.112184763435797,,2.376482909084904,,7.546307024478461,,3.926993297107272,,3.120700908704413
PCL_PCL0733,3,fold3,0,,0.00043370118557630073,,5.012710430420783,,2.6738160103431188,,2.0817932709300133,,8.13862930636654,,4.869751703093915,,3.7978204718731883
PCL_PCL0734,3,fold3,0,,0.00042910572837444837,,5.911235975053479,,2.6659903422615012,,2.061092681738837,,8.468019379942165,,4.775355753105805,,3.6318142332876096
PCL_PCL0747,3,fold3,0,,0.00043029850785453704,,5.056997687465566,,2.57220647880154,,1.9452823929242273,,7.666264093113268,,4.488888211790065,,3.6316691218808037
PCL_PCL0751,3,fold3,0,,0.0004338450602043367,,5.167612872411055,,2.5896427219244798,,2.0345518969783374,,8.41276483220619,,4.5628664953310665,,3.6205852119136503
PCL_PCL0752,3,fold3,0,,0.00043039905511119657,,5.344760042655555,,2.4801097132955214,,1.9748856796072054,,8.220839699646987,,4.185106789412227,,3.045889082555552
PCL_PCL0753,3,fold3,0,,0.00042579763120065804,,6.079842833418881,,2.605666587814535,,2.0682389339969602,,8.363050562289866,,4.342207406407692,,3.3903778962294773
PCL_PCL0755,3,fold3,0,,0.0004270762736689974,,6.497745839890381,,3.1254958978731824,,2.4477642241211766,,7.274512428943658,,4.077396109317009,,3.3403532136681005
PCL_PCL0756,3,fold3,0,,0.00043528340940520056,,5.259481722426272,,2.7357039476205967,,2.186906549591057,,8.408628957407586,,4.1144584459179505,,3.1958944488093577
PCL_PCL0757,3,fold3,0,,0.0004330954916365558,,5.157045425969386,,2.859084220889225,,2.2580075777812794,,8.11145585046654,,5.016044344263785,,4.040168096166375
PCL_PCL0758,3,fold3,0,,0.00041436221019017574,,5.809338803597887,,2.611099424115176,,2.1215034478610684,,7.729956142523296,,4.337935419047752,,3.4571036392511094
PCL_PCL0759,3,fold3,0,,0.00042081264106769503,,5.828868168545322,,2.67936962171883,,2.166278155135187,,7.592419134342133,,4.250836216226719,,3.3092652612828326
PCL_PCL0760,3,fold3,0,,0.0004308227543154755,,6.224767182198742,,3.008809844989985,,2.350317676585737,,7.904574827718819,,4.278263477864422,,3.2787696949736973
PCL_PCL0761,3,fold3,0,,0.0004128315358845405,,6.009404184572696,,2.6641274108399795,,2.1740006096076847,,7.690629752540411,,4.444766068283745,,3.450563993519243
PCL_PCL0762,3,fold3,0,,0.0004265770467935647,,5.871374140159791,,2.5786974650144736,,2.0523662517792687,,8.088366150144195,,4.373941348235991,,3.481467275513682
PCL_PCL0763,3,fold3,0,,0.00042905484138185297,,5.349345527228724,,2.5524795772042,,1.9792780474098397,,7.529849762492767,,4.522581888863806,,3.55105847525106
PCL_PCL0764,3,fold3,0,,0.0004305765957102418,,5.640904317519119,,2.9942785782088253,,2.396977401163033,,7.7040058057990155,,4.831503490124166,,3.892568835922625
PCL_PCL0770,3,fold3,0,,0.00042191281858944274,,5.960429729637067,,2.751834632535018,,2.193972603091517,,7.340061919161139,,4.056701111810849,,3.3415235199457545
PCL_PCL0771,3,fold3,0,,0.0004346019767898189,,4.993826219162368,,2.6677421915103894,,2.1099242866887615,,8.362238195730152,,4.398360218969289,,3.40267278822011
PCL_PCL0779,3,fold3,0,,0.00043405691899882706,,5.488398925336351,,2.480296369636829,,1.9419853171811832,,7.744511424465249,,4.234086035902521,,3.35023011345364
PCL_PCL0780,3,fold3,0,,0.0004343106310933254,,4.955305031522059,,2.441281784115148,,1.9384785194785246,,7.931885898393404,,4.2336470123628756,,3.3503475568100693
PCL_PCL0782,3,fold3,0,,0.00043113448829572645,,5.113266320981382,,2.6806344301126805,,2.119573367064346,,8.206600303914568,,4.661502908846896,,3.750444076137851
PCL_PCL0783,3,fold3,0,,0.0004268081099840105,,5.652658699374291,,2.671900901670629,,2.0950036590112124,,7.994279008609003,,4.74527039903969,,3.5971249525300664
PCL_PCL0784,3,fold3,0,0.00040074539175353406,0.0004001760953289586,5.017990476426481,5.944545579844328,2.0981984062841486,3.2516385822834164,1.4733968034077656,2.657365233913413,14.85734347459538,8.768455341289325,7.285503410075805,4.99561720825901,4.3507503144670885,4.029116944161047
PCL_PCL0785,3,fold3,0,0.00041730392506282804,0.0004068448328306499,7.420726464789805,6.2115078296187916,1.5020451252765925,2.214844556382363,1.2200433718434973,1.6936845339399387,9.912830638363282,8.289254691463416,1.6067172761822506,3.395970899264842,1.256714516758441,2.6010760307338847
PCL_PCL0786,3,fold3,0,0.00041127989672084874,0.00040682468750430356,4.266391935213123,4.801624176070979,2.5008923350650325,1.8819337813052386,1.9304442296921014,1.5343046002108969,9.0,8.01446186769549,5.302974333310511,2.5109029533672285,3.997620935765266,1.964565161505925
PCL_PCL0787,3,fold3,0,0.0004194294511137981,0.0004031850352585447,3.1464000581473566,5.218307549589683,1.437094202227436,1.9388851312249857,1.2102638868317543,1.5450572519919372,5.0,8.446102002148745,1.6950570699191936,2.8971933087368256,1.3112329058692067,2.312341171260339
PCL_PCL0788,3,fold3,0,0.00041352186412362425,0.0004077743505571021,4.317269335975656,5.585259038691237,1.195117804899242,1.9496726119821988,1.0642093077274253,1.5741763631749635,7.648138833025388,7.533844332928866,1.3042477240099495,2.5419170508649676,1.094029805370291,2.102957586958009
PCL_PCL0789,3,fold3,0,0.00041650217881573475,0.0004082766793846032,6.476557052382113,5.763196957279745,1.35768317950642,2.045905584079711,1.126151752355055,1.6467044605625611,7.2600082137316555,7.911632269888833,1.412574078827242,3.1586867408434394,1.1451127889457886,2.4180287528735542
PCL_PCL0790,3,fold3,0,0.00040576853364882634,0.00040755602481029087,8.188038510220224,5.800911072181594,4.042370383261699,2.8828026199970953,3.017213730047551,2.249220374146709,11.42999673769383,8.39683558454579,5.323614354255383,4.128116779051584,3.678738104153608,3.2375296856769045
PCL_PCL0791,3,fold3,0,0.00040625872151962784,0.00040305374951778855,4.230198968429198,6.3935523170340645,1.3018764485687253,2.7085229914487456,1.1204325920790112,2.1523472129685906,6.876519010587451,8.580557140756053,1.6872134643388168,3.5888954486722486,1.2771479689007248,2.848322272326765
PCL_PCL0792,3,fold3,0,0.000398440540058669,0.0004052849333358033,,5.664208982308395,,2.2506750017634265,,1.8683152755086858,,8.397121500845595,,3.7532376497654334,,2.8176717225261654
PCL_PCL0801,3,fold3,0,0.00041324037503930803,0.00040686421002578826,5.5936654893206885,5.6736402003268145,1.730301846485656,2.3245453674307073,1.3065084912911673,1.9212513314619606,7.0,8.004205666529622,2.003697615409798,3.1691070941879507,1.4064308681672026,2.5201888968059545
PCL_PCL0802,3,fold3,0,0.00040583762471636407,0.0004034521051641312,4.425899753934502,5.3665622360554455,2.6689635238091207,2.097874589821394,2.2892492744803197,1.7163466515696966,5.0,8.105185213396632,2.8357422926417373,2.8026656658104216,2.42511252522117,2.311861545045442
PCL_PCL0803,3,fold3,0,0.0004070400852737124,0.000410777319582516,3.183864906481411,5.5989969153841,1.3783334841127284,2.1570701328332618,1.1617537115667025,1.7131526759153857,5.0,7.976213638506547,1.8834080428899542,3.504992055916611,1.383828045035824,2.670708467946675
PCL_PCL0804,3,fold3,0,0.00040075696535299524,0.0004080458020805037,5.027440158843151,4.923702260575872,2.245948958794725,2.1496663171457246,1.622383120749332,1.7578567183663398,7.0,7.461959388703679,2.703742760630345,2.53987136957028,1.8137947843041675,2.045335576502779
PCL_PCL0805,3,fold3,0,0.00040743991753029957,0.00040070253308237616,5.66911179494066,5.652581046378612,1.6412144251431768,2.8912439210163328,1.278122312782621,2.2934521420206906,6.252088743246308,8.203194710019597,1.71194019992236,3.9352052561062623,1.2891853017627821,3.068720490735871
PCL_PCL0810,3,fold3,0,0.00040818476692412156,0.0004067492663299959,5.49557763352009,6.1697940577519175,2.7829694384717816,2.597209246961366,2.106296296223471,2.0315912339336406,6.0,8.723245405438224,3.1667494614864657,4.390156482436297,2.4522042776080317,3.364501060199285
PCL_PCL0811,3,fold3,0,0.00039208475894949034,0.0004018448124882626,5.277814269885893,6.263932824402293,3.1690423817117126,3.0581193339591444,2.386471216582776,2.3327223837843034,6.0,7.790699064435193,3.497908619672177,3.8176075746968254,2.5520833333333326,2.913646286020804
PCL_PCL0812,3,fold3,0,0.00041077014424822597,0.0004049413840142759,,5.734769059387743,,1.923623861214327,,1.561781100001291,,7.905729878753343,,2.762300473844008,,2.2018441056726084
PCL_PCL0813,3,fold3,0,0.00039827396360950245,0.00040079753242841694,5.352266114033085,6.684307330012705,2.4633213076734517,3.0953920755909885,2.1584808839030347,2.4548961267689076,5.853302965033379,7.857626974683647,2.628326527581683,4.102834785848103,2.2467947388075182,3.237321823369646
PCL_PCL0814,3,fold3,0,0.0004089620344711983,0.00040334265878263185,,5.497381962559802,,2.508926569822957,,2.0002643291044264,,8.026061841981333,,3.258888325148634,,2.647886233111034
PCL_PCL0815,3,fold3,0,0.0004055722593266866,0.00040565079196906544,,6.249257374705436,,2.5930652470077846,,2.065230240361736,,8.572378756196322,,3.313491031055106,,2.5991197303102505
PCL_PCL0816,3,fold3,0,0.0003913515979388494,0.0004027982830587633,3.8390931344515846,5.7564553778093925,2.669256188955813,2.584922402405224,2.4133872961327607,1.9978275379397206,5.0,8.97302982423093,3.6966072669892704,3.30493893129244,3.240982058545798,2.518538988802792
PCL_PCL0817,3,fold3,0,0.0003895612168425409,0.0004074097442442748,4.433640303352634,5.734005441597802,2.6734136334374714,2.115830311438823,2.400222012484059,1.685828841258573,6.0,8.47592762195653,4.01991687639808,3.340230588432652,3.5227113906359184,2.4889081957421118
PCL_PCL0872,3,fold3,0,0.00040553072259048346,0.0004082082747623311,8.874389216987321,5.3628718117422896,5.36158120917885,2.135549805260054,3.7891962596308475,1.7490499237298378,10.24373148000503,8.123213955204092,6.561395702719954,3.3178161473315426,5.039263203738484,2.6197248159819506
PCL_PCL0873,3,fold3,0,0.0004133639944325428,0.00040694918470331014,6.246601871646776,5.709308713713907,1.8772614936074532,2.7452139211717217,1.3835550025090053,2.168193646987331,6.857524838939119,8.496030251273066,2.0676383821384596,3.254675796024299,1.4733106470618818,2.458347769088318
PCL_PCL0874,3,fold3,0,0.0004148628199997004,0.0004102433930234222,4.703905289943802,5.197604795916158,1.4090029854436619,1.9417016894145618,1.1719482815850324,1.6026853481987557,10.890187265848096,7.3588490464521055,2.27009742007323,2.926559882520262,1.5263200348460162,2.3923759447929718
PCL_PCL0875,3,fold3,0,0.00041344263891561836,0.00040317937105296617,,5.757215720614754,,2.4826737653345483,,1.9527159998969321,,7.419229939350278,,3.077403601138209,,2.4666779867296906
PCL_PCL0876,3,fold3,0,0.00040614864155273146,0.0004027498735264066,,5.447866657742272,,2.1855502003236484,,1.6992682440919535,,7.5483275441689,,2.971445902455605,,2.3443098550463968
PCL_PCL0877,3,fold3,0,0.00039945609944146707,0.00040307225515532306,,5.345730410324797,,2.160701026734423,,1.7189956463460039,,7.705469172133111,,2.7569090011259068,,2.136123395291874
PCL_PCL0878,3,fold3,0,0.0004002827930615721,0.0004038819561300068,4.5601759890236355,5.657415442886798,2.431892117236125,2.4879601228190698,1.9349244666008991,1.9440974161770224,5.427368912698921,7.5879753350485615,2.5845311215521445,3.1828980332781533,2.00073152439849,2.4026167848921336
PCL_PCL0879,3,fold3,0,0.0004057317867695258,0.00040931944946936624,,5.528904050114635,,2.215600285830342,,1.779770473769299,,7.919059092653646,,2.986322892604434,,2.288228217886091
PCL_PCL0880,3,fold3,0,0.0004048321608245517,0.0004061125214003553,6.30943703339205,5.796617718529198,1.730212975428569,2.4461570216207993,1.359299693470167,1.9654257613459079,14.110441245998055,7.76993939377567,3.998446401365314,3.008919483561416,2.9691186922116852,2.531024573431471
PCL_PCL0881,3,fold3,0,0.00039400023481812803,0.0004052512625687364,4.691007643045284,5.707255126629088,2.9661641219648542,2.3803439217147604,2.4996114535693783,1.9312635276287073,6.0,8.082803403326674,3.9401727692372828,2.908729768976382,3.047619047619048,2.418095577309144
PCL_PCL0882,3,fold3,0,0.00039755118100358175,0.00040303476400023464,,5.872399515851639,,2.1504486703259014,,1.7927488739426256,,8.709004078683162,,3.5160421832416064,,2.7498868920499007
PCL_PCL0883,3,fold3,0,0.0004102291838915687,0.00040335897165945205,8.028255985113953,5.7758830460862125,1.6218600106616963,1.9973801320157791,1.2381707973180263,1.6383840869336783,8.888964343271667,8.381833812528217,1.686273991566803,2.9600326016543903,1.2574922741788734,2.300817935468349
PCL_PCL0889,3,fold3,0,0.0004123728378597179,0.00040403415551315373,7.037685148439968,5.435968855371032,2.3174151134440573,2.7241156791357723,1.6020748070767472,2.232560458343391,10.260180781580145,8.171057324884154,3.4615578462834664,3.75967834859683,2.300957384935214,2.9521176457521134
PCL_PCL0890,3,fold3,0,0.00041630570610371896,0.00040353682553746426,8.271230568857444,5.583643571838167,4.786801371077085,2.6894052321498787,3.902756221066526,2.23057236456158,9.243988463655402,7.658816624580164,5.2219918459260635,3.5305707746730657,4.229059301660458,2.7619799489241266
PCL_PCL0891,3,fold3,0,0.00040019616608924356,0.00040537147175365856,7.373237162315694,5.494555356879488,3.185820161649441,2.3779774396025313,2.264443213380817,1.9494664349012067,11.0,7.620416137760595,5.5624905078019395,2.957676841093762,3.8221429679020003,2.38886812382363
PCL_PCL0892,3,fold3,0,0.0003839635744104339,0.0004055001260664902,6.122702004201624,5.460785636364161,3.1064869621515454,2.186632975029862,2.522085495522466,1.7338327331170438,10.257827557442214,7.921767304268047,5.142429468244206,2.9572740503156063,4.159027382349933,2.2760901128242117
PCL_PCL0893,3,fold3,0,0.00040581288974255553,0.00040497066518289243,3.540073348340089,5.554180680960222,1.765604291431091,2.26401375874227,1.3971685520979962,1.8259301106667838,6.0,8.17767830453767,2.906641096933257,3.148721588894844,2.1050949760340845,2.540984242930147
PCL_PCL0894,3,fold3,0,0.0004020314561239551,0.0004044842770059287,4.35523237838931,6.061702059583144,1.9584896103787093,2.9810921825154644,1.4772570576124986,2.308599867993043,9.858579971650833,8.798660726330475,5.138722071413609,4.457913014552033,4.432795330098662,3.5204847226541784
PCL_PCL0895,3,fold3,0,0.0004145935905213985,0.00040677329066873304,9.527277392996398,5.911717665531848,3.897435755217643,2.8257164148744063,2.5065652856870573,2.2198169307026925,10.85821698227327,8.306494274719444,4.430565097320584,4.4339265127543115,2.718345417914015,3.6503522682270293
PCL_PCL0900,3,fold3,0,0.00039493401334835443,0.0004035316789898491,7.414195733602607,5.5175441634203475,4.894555473207243,2.363478434227981,3.6748444053559877,1.9458690444547784,11.0,7.665975875572864,7.800420509617246,3.026051869261468,6.151162790697674,2.3756576291579856
PCL_PCL0901,3,fold3,0,0.0003907735935046007,0.00040486034081963114,5.534708934865892,5.840231594820096,3.089390817004042,2.813513683098903,2.5258334715458686,2.2595242336763497,9.243243129282732,8.100865525415509,5.657887819323978,3.250601314710413,4.308267247340619,2.5543060529114943
PCL_PCL0902,3,fold3,0,0.00040559499278186134,0.0004058198030215364,5.558289688876366,5.451925247688171,2.245509986911795,2.113416824321985,1.5202001638590164,1.717321112922287,11.859459147663934,7.979807098220393,7.7291693257497665,3.2099972595674604,6.234243819902731,2.6347014683147987
PCL_PCL0903,3,fold3,0,0.00040689017839045944,0.0004048562825559425,3.549317377693011,5.466009761125061,1.4620305340991349,1.9397972875793286,1.2797771461317822,1.570279225301924,7.0,7.737216386501505,2.7448860681016254,3.0373035844990115,2.264932137782351,2.4182132260216913
PCL_PCL0904,3,fold3,0,0.0004054007076893215,0.00040561082936531496,4.5789925694779425,5.230756092621298,1.377050066474174,1.9722145770365582,1.1681076059213393,1.569354343082571,7.257539868224043,7.434858809771099,2.078486267194324,2.8799247957478475,1.5079766896911428,2.358208073459546
PCL_PCL0908,3,fold3,0,0.0004071518064381606,0.0004030413158474175,7.0268556440348995,6.128965365635779,2.086399183124128,3.048139740611349,1.5936446559702733,2.4346856361352014,9.861107947410112,8.752197232729522,2.6013974930757358,3.879674766103846,1.743448460638057,2.9223173215823715
PCL_PCL0913,3,fold3,0,0.00043840767216516476,0.0004369371065959301,,4.754421731989381,,2.951797855779909,,2.3390093915794914,,8.18925407735757,,4.33751083511864,,3.5680516229730816
PCL_PCL0914,3,fold3,0,0.0004378869971020457,0.0004369011038759269,,4.627001889923731,,2.9456826524610116,,2.289622553136694,,7.76262744545525,,3.8987382808416013,,3.1908842476036177
PCL_PCL0915,3,fold3,0,0.0004386003512767799,0.0004369022261931591,,4.643337884798609,,2.8830223595095315,,2.241726372078519,,7.664089660483359,,3.6582287579195185,,2.979161705491312
PCL_PCL0916,3,fold3,0,0.00043744547198137733,0.00043623352624882,,4.669707233803099,,3.0394476690087164,,2.47171424530488,,8.28991678768519,,4.0954572381255305,,3.4026717340947132
PCL_PCL0917,3,fold3,0,0.0004385410252736187,0.00043662805090794593,,4.787387269999759,,3.3064464414225405,,2.83380562928457,,8.08083184836558,,4.59470923260262,,3.7836077483429107
PCL_PCL0918,3,fold3,0,0.0004366192275888879,0.0004365912544482507,4.520448556518377,4.649833579482864,2.6177968116562558,3.124684010643216,1.8888599701916478,2.635612634658089,6.830216770588211,8.166132273659152,4.386753201837591,4.512426795871629,3.3594624860022395,3.689597703311502
PCL_PCL0919,3,fold3,0,0.00043674336568130784,0.0004365723427823785,,4.870930480405893,,3.2198353699983566,,2.6938841376841927,,7.925217817142417,,4.605970725998932,,3.7326217627207976
PCL_PCL0920,3,fold3,0,0.0004374987079949912,0.00043571318259285653,,4.720763437964914,,3.012538147703032,,2.5551788178444803,,7.231686486758497,,4.185894851484083,,3.3938768874499727
PCL_PCL0933,3,fold3,0,0.0004206035799590927,0.00042488629114535714,6.197740558516149,5.802664342314941,4.699400967665035,4.186577373903111,3.7522009830050456,3.5421819659424094,8.832759320817745,7.804825380711425,6.739426025377426,5.532712525133935,5.136585365853659,4.73181575641688
PCL_PCL0934,3,fold3,0,0.00042517256261556256,0.00043010529479414056,,5.547311786230439,,4.180702315651556,,3.4993628854825447,,7.898714985896187,,5.438211646365939,,4.715778904168056
PCL_PCL0935,3,fold3,0,0.0004293951248711715,0.00042771103633548746,,5.816680347361089,,4.200273186456353,,3.438632714617946,,7.982044314991398,,5.358678861017483,,4.5897801848360045
PCL_PCL0936,3,fold3,0,0.00042492572663318964,0.00042771103633548746,,5.816680347361089,,4.200273186456353,,3.438632714617946,,7.982044314991398,,5.358678861017483,,4.5897801848360045
PCL_PCL0945,3,fold3,0,0.0004318669496166609,0.00043527982583492324,,5.360195944424757,,3.96071179944178,,3.3096790855517955,,8.175415797297067,,5.388138993954988,,4.435345626208619
PCL_PCL0946,3,fold3,0,0.0004351770320986417,0.00043604148366195236,,5.399316099267197,,3.800471659858475,,3.1357661650074236,,8.138482541463057,,5.127494982267082,,4.185960012728838
PCL_PCL0947,3,fold3,0,0.00043524583070173116,0.0004358457881286082,,5.922633721521642,,3.9146032826890393,,3.115250001901916,,7.58381462247172,,5.120804474111746,,4.152447256410436
PCL_PCL0948,3,fold3,0,0.0004358697048995211,0.00043558993407530507,,5.601737065368805,,3.909695258541261,,3.007215377227986,,7.223192995596226,,4.6828038887544245,,3.716713064178404
PCL_PCL0971,3,fold3,0,0.00042886877279102735,0.00043305615039062467,4.340830148197263,6.175277365012425,3.163574280895514,4.14686079920561,2.3023697814116884,3.433917975440279,7.5745245860259285,8.125779460581217,4.354384655299588,5.5733894668000135,2.7409602845287493,4.564385793710303
PCL_PCL0972,3,fold3,0,0.00043106332506128033,0.00043200421687283365,6.9447520663407785,6.199915544707928,4.660929329089722,3.9857906058821757,3.4848495570072866,3.2767265654751023,8.796035662096237,8.069327513141499,5.6050616070491674,5.252718598753611,3.84090909090909,4.363311544039944
PCL_PCL0973,3,fold3,0,0.0004238745746661686,0.0004298370821147982,,6.086975434320862,,3.906551607286062,,3.2010857310369025,,7.860780450532238,,5.148328427964107,,4.102839806703453
PCL_PCL0974,3,fold3,0,0.000430027096341637,0.0004347946063444092,6.434023114317288,6.06209671467708,5.858575425652926,3.9937941135665445,5.039301717008789,3.2990783057778597,8.816891002005843,7.904787418198609,8.752656217754662,5.418034811894101,8.56609642301711,4.409197186336474
PCL_PCL1104,3,fold3,0,0.00043081884597809006,0.00043500994032771856,,4.9465070249831,,3.295157186928594,,2.59066358676334,,7.884770323295687,,4.018923566952692,,3.202367628258263
PCL_PCL1105,3,fold3,0,0.0004229863019683411,0.00043489379091551754,5.378839091565371,4.809311906091346,4.25755641696966,3.310295016847984,3.716926378148278,2.770300743835891,5.810953925065898,8.030897261057609,4.65853984052671,4.5855351407860905,4.146868250539956,3.8467222887256045
PCL_PCL1106,3,fold3,0,0.00042526880737197453,0.00043449409891709555,,5.18908315545778,,3.632375692824407,,3.087932007950342,,8.0796551517892,,5.127000300331185,,4.299250543059464
PCL_PCL1107,3,fold3,0,0.0004217775873974522,0.000434119245356664,,5.303454734336927,,3.572409510460758,,2.8913141724872657,,8.552933054747292,,4.936275071804948,,3.993739309195486
PCL_PCL1108,3,fold3,0,0.000430912816221716,0.00043513078837831114,,4.748552226943209,,3.335225294808642,,2.697619871889654,,7.934586702447809,,4.28132010485523,,3.736033142492942
PCL_PCL1109,3,fold3,0,0.0004298103580518243,0.00043550164292453786,,4.809027961206624,,3.495606541625828,,2.832707845316619,,8.634490181571598,,4.859624200884391,,3.7949445099176953
PCL_PCL1110,3,fold3,0,0.0004310076287979787,0.00043495919879687865,,4.72074045280184,,3.4143621694132213,,2.7534660467050784,,7.985454722050692,,4.6859836649153435,,4.055259053137162
PCL_PCL1111,3,fold3,0,0.0004258979813232708,0.000435212626855766,,4.984274683832521,,3.302593156030929,,2.6113123556336197,,8.342494755693913,,4.851638559509358,,3.936804189792853
PCL_PCL1112,3,fold3,0,0.00043183345471019345,0.0004355494484976682,,4.994927343349776,,3.222684012600362,,2.534505699082014,,8.949182190450816,,4.591113426447352,,3.629037695622719
PCL_PCL1113,3,fold3,0,0.0004299558040425879,0.00043575435550092037,,4.911819818212992,,3.0734136236564504,,2.466227979183512,,8.31432068727744,,4.433518508684777,,3.4957697050267775
PCL_PCL1114,3,fold3,0,0.0004311186093914828,0.00043535651444369904,,4.873481475590508,,3.3514159082360364,,2.703481658395508,,8.10475102666086,,4.681490386396123,,3.7782307410748257
PCL_PCL1115,3,fold3,0,0.00043154454866265406,0.0004367302044384555,,4.98950041147807,,3.082889575864877,,2.4063892439757444,,9.717767288964207,,4.390824317807266,,3.4343412025562285
PCL_PCL1116,3,fold3,0,0.0004309119788704642,0.00043720762717770235,,4.88216000136134,,3.0774921700095486,,2.382033206531475,,9.41803952631094,,4.113065631051452,,3.2600589647824694
PCL_PCL1117,3,fold3,0,0.00042957740712767017,0.00043515642268043657,,4.793657914653044,,3.3575952547626753,,2.6743861250384278,,8.769883223489076,,5.027654839399498,,4.062221800280816
PCL_PCL1118,3,fold3,0,0.0004297399399713726,0.00043628053448359523,,5.010416606917481,,3.0641812414579324,,2.397414653279961,,9.555502855250841,,4.868505327884461,,3.8253425428792345
PCL_PCL1119,3,fold3,0,0.00043737080096217535,0.00043483584791300343,,5.26782353313401,,3.7624341004137274,,3.0553016063839036,,8.087504976307557,,4.501823353506033,,3.628096328416335
PCL_PCL1120,3,fold3,0,0.00042629732048557424,0.0004354081481188262,7.3780345020233735,5.202037605700043,5.4653243386241535,3.9775903598535867,4.339722354188353,3.427263175308358,8.089014413153016,8.122272672041742,6.46519137365766,5.609870477847753,5.351351351351351,4.7978536472089335
PCL_PCL1121,3,fold3,0,0.00042621874091977786,0.00043504443819383093,,4.592136066711306,,3.2467512898487825,,2.8075907323331606,,8.170961719245796,,4.673289852980078,,4.0428779984161265
PCL_PCL1122,3,fold3,0,0.00042550768789706417,0.00043705305207506623,4.508284921981618,4.753341511573078,3.8420067136572187,2.9572429846307884,3.343167237995348,2.2834614664674575,5.0,8.912970633098444,4.295819673775236,4.074072356217854,3.7216494845360826,3.112792456409561
PCL_PCL1123,3,fold3,0,0.0004289403213039192,0.00043650185786282304,6.046955417261592,4.938136522338204,3.8968032223255036,3.0912963405918084,3.0823290538605765,2.47237833940103,7.233073735470647,8.192487525537505,4.334264433048455,4.101326166157624,3.27555988315482,3.1852455871649235
PCL_PCL1124,3,fold3,0,0.0004314385360953183,0.00043642525420676224,,4.925660705165436,,3.109807244772518,,2.4249195025856225,,9.488498214736326,,4.673949158690159,,3.6106172460163015
PCL_PCL1125,3,fold3,0,0.0004314568401259183,0.00043593073643284977,,4.807632903114445,,3.1941717619640215,,2.545649698263232,,9.57149916382521,,4.834904366927507,,3.923753493868026
PCL_PCL1126,3,fold3,0,0.0004316868342158016,0.0004362973939194322,,4.784036074554516,,3.4174101945612234,,2.8066589607352226,,8.105762813574307,,4.788269859797037,,3.842322771129546
PCL_PCL1127,3,fold3,0,0.0004275002726222208,0.0004361827317757999,,4.884307766325831,,3.0599421989932742,,2.3982344823106763,,9.466965955691188,,4.6358416716256725,,3.7784928837508054
PCL_PCL1128,3,fold3,0,0.00043385521684904477,0.00043678668052559745,,5.005734869627471,,3.1489110613119564,,2.3817925403705544,,8.315485038267552,,3.846022473656782,,3.186185679932279
PCL_PCL1129,3,fold3,0,0.0004253290729205886,0.0004345550105221852,7.272650323159589,5.00514652829754,5.186465045763947,3.778651273522581,3.966364316210341,3.146990149774055,8.161969192445246,8.249492552534099,5.818100760221041,5.396721828593138,4.415823367065327,4.531194279375429
PCL_PCL1157,3,fold3,0,0.00043446982509726627,0.00043666489999776015,7.585049979876684,4.584339375582621,5.15493790640136,2.2638321468295937,3.744070183749669,1.9085867276580015,13.637797813315334,9.517344704130693,7.325083557809249,4.327243753749278,5.107123841976361,3.261410203228193
PCL_PCL1170,3,fold3,0,0.0004337745203083641,0.00043723533815246546,2.867259549966874,4.648290927353938,2.0312084170542293,2.339336519634191,1.6503774265005966,1.8365872225545397,5.0,9.390343820981617,3.6681416718833395,3.75527062825447,2.89321468298109,2.8429789559291065
PCL_PCL1171,3,fold3,0,0.0004368928569762598,0.0004356616645779937,6.415757411969068,5.182231545787339,3.9839842695735888,2.4145235937646383,2.8547437002304705,1.9032591962858283,6.790976465772172,8.924390387617937,4.235243631606577,4.5629350163167866,2.991150442477876,3.4518960719197644
PCL_PCL1172,3,fold3,0,0.00043467663834102977,0.00043722250118616475,6.105180662619734,4.643755704337614,3.435495847517072,2.273662659323836,2.7603756714594403,1.820143238367453,11.910188929187218,9.404058784086386,4.151144585728334,3.5742010114288805,3.237215319101327,2.8363272852800505
PCL_PCL1173,3,fold3,0,0.00043638517710765994,0.00043726806636099937,4.991662554690336,4.59461225551398,1.2653085006492297,2.1463158680053356,1.1098734206670549,1.7721301396160416,11.139527679018322,9.398942783067614,1.8673657319339467,3.599063645440547,1.3305743223029576,2.8144527250962463
PCL_PCL1174,3,fold3,0,0.0004343869488982367,0.00043716832518204095,3.4352942219013274,4.933680733203049,1.6866356153344668,1.9970757761542068,1.3754451803131285,1.6194756951248355,9.177060199926046,8.735307648344078,3.6627179758916903,3.405671840490875,3.0012220512356302,2.65950116115955
PCL_PCL1175,3,fold3,0,0.0004364078964577535,0.0004369573865236568,4.226564105060393,5.073517669770671,2.7379855444325045,2.1163253686677352,2.38216387195799,1.6792614740956768,12.120335198461795,9.456082149257947,5.278927909013964,3.742176036824246,3.524295893091954,2.8403545817219404
PCL_PCL1176,3,fold3,0,0.0004353419217757791,0.0004362973557028877,4.626370814885113,5.031515503516362,1.5723092583593699,2.0895461248626708,1.2502627103376762,1.6276670427357747,10.176342805085984,9.687460009227097,2.4709407687495424,3.7375485289763346,1.5650695273626063,2.9406045953099085
PCL_PCL1177,3,fold3,0,0.0004357405107005065,0.0004364093057194294,5.704278319136265,4.674782674172459,1.8752499063692054,2.2076297937403817,1.3719753673472257,1.781075893902202,7.858168540561812,10.338149048859158,2.1316071504772105,4.473657302126456,1.4503611386489166,3.239464875859937
PCL_PCL1183,3,fold3,0,0.00043481696466795476,0.0004371343038908366,4.749197884082823,4.780012171144764,1.5728956297091858,2.2982428215166424,1.2611651852549097,1.853220080333158,11.178502010348579,9.86266732074855,3.3919938250934094,3.9958485163202186,2.1640454400471087,3.0164274011822294
PCL_PCL1192,3,fold3,0,0.0004355719251108638,0.00043708018185088446,7.530304820769851,4.7145681761937155,2.409207424517297,2.073097593491476,1.7604711889854134,1.6505096446221927,12.137572442451315,9.495444066722984,2.7489325533060143,3.488878859358725,1.8367671225658577,2.7274917788651796
PCL_PCL1193,3,fold3,0,0.00043511485648289156,0.0004360564702656101,5.601012077467073,4.710723206912486,2.548007462581329,2.4313269704305784,2.142145870197956,1.920284700727893,7.876519010587468,8.315544179517408,2.8542807716484684,4.118834209970841,2.2634705164641673,3.2233709452344237
PCL_PCL1194,3,fold3,0,0.00043464939527518146,0.0004363145225523817,,4.758623424525745,,2.3507885954688787,,1.8555445863427649,,8.290098909576695,,4.057649785358854,,2.978137622331232
PCL_PCL1195,3,fold3,0,0.000434501212951067,0.0004368729908702622,7.649231273040582,4.754850966443922,3.2363672838054653,1.9204062878048829,2.5038545704324364,1.5920277394066593,10.908226544530962,9.851549270353114,3.783445546906029,3.9319933028814567,2.8772511022543554,2.9143409752433045
PCL_PCL1202,3,fold3,0,0.00043682058279687617,0.00043622367221853725,3.437196538251028,4.83961075245342,1.4176069477200188,2.1797877462023685,1.1774923101544115,1.7620462261966734,6.0,10.050346670129233,2.1349119101436056,4.274517235559392,1.4899274778404512,3.2772977595370247
PCL_PCL1216,3,fold3,0,0.0004076792648132353,0.0004044445578087492,,5.598238740437702,,3.2136716212163257,,2.605210422549343,,7.902255927224991,,4.228809158754477,,3.2722307941129234
PCL_PCL1217,3,fold3,0,0.0004036097513123043,0.00040301952228983216,,5.4215495503040625,,3.6877483425592787,,2.9385520409630717,,7.54263681119111,,4.240674113354601,,3.5554594364143637
PCL_PCL1218,3,fold3,0,0.0003991946814006799,0.0004052645978272502,,5.963513533207157,,4.149187039189306,,3.320026742024756,,8.327184386043344,,5.034917509883874,,4.184803633362697
PCL_PCL1219,3,fold3,0,0.00039892893569142945,0.0004116025853003035,5.87298177180978,5.412210455229597,2.8641974603528833,3.8118914990781105,1.934477172979155,3.136321482434271,8.144126981858545,7.615022240088356,3.6600791592926947,4.607879732501209,2.4122180987724806,3.80032320901301
PCL_PCL1220,3,fold3,0,0.0004132246824317748,0.00040968641332806907,,5.888528288198711,,3.991353757796598,,3.4437179362412045,,7.493259015735484,,5.037908575392782,,4.362674842901292
PCL_PCL1221,3,fold3,0,0.0004046725016012159,0.00040879140792376284,,6.085031326354315,,3.82781156264086,,3.200011516117182,,7.765112783039727,,4.857489651414174,,4.142447008365236
PCL_PCL1222,3,fold3,0,0.00042855619604898935,0.0004130437686230854,,5.934908475830139,,3.448684570929487,,2.8123604869845025,,7.712961606575423,,4.759616708935094,,3.9558961354756006
PCL_PCL1223,3,fold3,0,0.00041372416300237524,0.00040913345138617746,,6.003714310716311,,3.6642745228969096,,3.1090602304551203,,8.316658407575456,,4.812681864292748,,4.033603525109156
PCL_PCL1224,3,fold3,0,0.00041415360754602115,0.00040625354047316674,6.175775144798813,5.897486105367419,5.069500457458952,3.5687943747570436,4.130719835258489,2.9911652619585856,7.035755203921296,7.931881282572277,6.049023515160949,4.86737078231286,5.090909090909091,4.039654624808756
PCL_PCL1225,3,fold3,0,0.00042120411464846206,0.00041082498851246,6.10268044494117,5.53217060626747,4.328772083396333,3.4776800332333777,3.3579711634184797,2.8300056081264775,8.103856964417297,7.267084736533336,5.867945408549881,4.828910832544087,4.632727272727272,4.100266406453314
PCL_PCL1226,3,fold3,0,0.00041428996970923324,0.00042720231121038017,,5.914852451191873,,3.2198216439007026,,2.506131009517924,,7.37335896283785,,4.382469021034341,,3.5164513994211033
PCL_PCL1233,3,fold3,0,0.0004008966176104365,0.00040367327754770206,6.7209004941406825,5.78936503394412,5.0085497146767635,3.206652312257152,4.237187483236368,2.6199519150163155,7.834952306792606,8.481363182286158,6.1387606328788475,4.302091820887272,5.356687898089172,3.3679371916188874
PCL_PCL1234,3,fold3,0,0.0003911274919667011,0.00041189980282464213,12.782191554350232,5.6614513476971595,7.683563231166812,3.7752017062710688,5.4888401630649435,3.1401539902081437,16.08854446397509,8.304874876199914,9.892010715769654,4.908057107579167,7.813733228097868,4.102084250134981
PCL_PCL1235,3,fold3,0,0.00039762182507870823,0.00040664709654283926,8.182330874284027,6.488922229174913,6.356164998615682,4.038016417003455,5.020090522703111,3.19627855085029,9.224856784837986,8.675329219290806,7.928975763764181,5.015348559413991,7.061893203883495,4.16857498122018
PCL_PCL1236,3,fold3,0,0.00038947458083601997,0.0004031132904997667,11.459647084389859,6.078030449383055,6.256205875231541,3.711148718514804,4.288218566109171,3.0798035340319783,13.486556925228522,8.710674955095882,7.807661729914912,4.98163212427901,5.231961193828742,4.026629513828712
PCL_PCL1237,3,fold3,0,0.000411133589431918,0.00042157279058148596,,5.6781270405033615,,3.9748839669173095,,3.3623605334640443,,7.441387412648962,,5.290824072073712,,4.408342463160441
PCL_PCL1238,3,fold3,0,0.0004191134010986481,0.00043282970391408243,,4.892904741144023,,3.559412436629425,,2.879119835212331,,7.443399120231658,,5.105965167677172,,4.293998798869833
PCL_PCL1239,3,fold3,0,0.0004193724223468813,0.0004342677632323162,,4.623480657688164,,3.5099000327099352,,2.941350333916416,,7.801231578467335,,4.973348775618277,,4.2901307596687
PCL_PCL1245,3,fold3,0,0.0004117080152362145,0.0004083851486021608,13.350000740306417,5.677744354766625,8.352512574668403,3.5667890379888583,5.625634564315781,2.8811567083331946,18.020896989399333,7.2612875140474955,13.013163552368114,4.424211178298462,10.112977099236643,3.698290833917568
PCL_PCL1246,3,fold3,0,0.0003949594365580613,0.0004041920355541996,7.854779548139422,5.674673683792882,6.449798559927467,3.181297073427243,5.156394971227446,2.503780963770237,9.237906209320148,8.017285419238668,8.406996651802691,4.051047462959634,7.580997451765558,3.283538277344544
PCL_PCL1247,3,fold3,0,0.00038861914017587437,0.00040657983072112103,8.006651393091062,6.03297680655788,4.560413027938179,3.75541403779177,3.1244126096745135,3.1404837324353263,9.862545113327952,8.332818955733682,6.061870389769032,5.137239448832354,4.790786948176583,4.247425860024894
PCL_PCL1248,3,fold3,0,0.00040330875929252475,0.00040459830230629885,5.696384887389889,5.638003503367901,3.0318575835697965,3.384170566696554,2.2436686155373917,2.6505452379326115,6.842551634292206,7.403632951817238,3.8487390751398305,4.2422734719071,2.8365724381625443,3.3973784781943728
PCL_PCL1249,3,fold3,0,0.0004070940449212096,0.00041647433176012806,5.222255153516798,5.61389602125156,3.888757396563516,3.603274168612296,3.3245207315642085,2.9452701873429223,6.0,7.64644316753874,4.493749464116864,4.585733555632735,3.871604938271604,3.8600338440668223
PCL_PCL1250,3,fold3,0,0.0004061026046209716,0.0004044441498588496,,5.9203126808962105,,3.617769308909608,,2.852211953650954,,7.456451237127492,,3.937111089281512,,3.3393927829581167
PCL_PCL1251,3,fold3,0,0.00040197869038435905,0.0004290867975200851,6.396163740292609,5.459211489887684,3.12177407883879,3.922508615437791,2.3509737693823443,3.4000850685328388,7.8625451133279425,8.177184371493636,3.6836370583582263,5.226057409821811,2.9052984449203834,4.511046440338338
PCL_PCL1252,3,fold3,0,0.000399633885469073,0.0004284292923541176,8.536074723347232,5.459710594451455,4.836403874728375,3.751252054650713,3.818414366002724,3.1515229068575863,10.624439491800947,7.428508977510294,6.440682971582646,5.137092242840873,5.030314807617566,4.342442353159552
PCL_PCL1253,3,fold3,0,0.00039171582076379807,0.00041568773769371653,10.717458428605985,5.54971284936096,6.088653709922088,3.607279251089254,4.492735068387712,3.0387194932640447,16.05680538236059,7.062425979963592,8.869993915794103,4.813404729788494,6.370741482965932,4.0228233841490235
PCL_PCL1254,3,fold3,0,0.0004089862607037163,0.0004292974008079115,,5.521766514571996,,3.780680537896637,,3.1666368803042935,,7.5412051354650655,,5.18169864584825,,4.3409838411076205
PCL_PCL1255,3,fold3,0,0.0004140668968973475,0.00041238000673243097,,5.742855091946421,,3.588038850942692,,3.0078986801044256,,7.29563170468222,,4.750047408078138,,4.0503292423030715
PCL_PCL1256,3,fold3,0,0.0004149460437638763,0.00043091144956564943,4.450566842758245,5.144883780057913,3.5025935584633276,3.5476744721896747,2.992596360799818,2.9481891650339684,5.0,7.260806440387628,3.9351040209304617,5.198540231843944,3.3802469135802466,4.264000967318681
PCL_PCL1257,3,fold3,0,0.0003998808272429636,0.0004157980995026199,6.425464173427371,6.287284319373291,3.307103448784948,4.138821027595167,2.5422061609372544,3.447662332410203,7.245071701098226,7.954672326401765,3.8094484377389444,5.157832363239633,2.956043636363636,4.223978047644888
PCL_PCL1259,3,fold3,0,0.00041810074892679956,0.0004213007911266064,,5.687087825380781,,4.317112477552453,,3.47216474065689,,7.904713731656503,,4.642301092680838,,3.8871131061456183
LT_0,4,fold4,0,,0.00040970125580718636,,6.446392912835173,,4.069373142858959,,3.0411294666471775,,7.727424411503502,,4.534074343129768,,3.4719366435270103
LT_1,4,fold4,0,,0.00040972523498715094,,6.254108632297148,,2.4808154295990144,,2.0666153859619434,,8.1947215966091,,4.041738684805162,,3.1396735210790685
LT_1030,4,fold4,0,,0.0004106993305856184,,6.645454606543841,,4.000266894737655,,3.16087032180799,,7.962519468723246,,4.474362453706229,,3.476932384910422
LT_1034,4,fold4,0,,0.00041063981191188405,,6.1725428707442305,,2.3076814740583322,,1.8886942111027363,,7.98417669616333,,3.1678739058045893,,2.352008182845169
LT_1035,4,fold4,0,,0.0004121120312370382,,6.62013009389589,,2.560211750247893,,2.108839409528009,,7.781089093340917,,3.465935662164249,,2.672775799730779
LT_1041,4,fold4,0,,0.0004099268490537489,,6.955300078075256,,4.54653959773868,,3.4214784171605177,,8.778373697043499,,5.594757338522388,,4.552533624953356
LT_1047,4,fold4,0,,0.0004106658730162801,,6.26259405739132,,3.883416843036185,,2.9457343044723516,,7.648884225989913,,4.159465672787767,,3.1189425095733245
LT_1048,4,fold4,0,,0.0004096733572743153,,6.9007230893599845,,2.880779275399425,,2.339232751648265,,8.906803633195944,,4.2284796827136075,,3.2251939729273946
LT_1097,4,fold4,0,,0.0004099277695808791,,6.47766085072706,,3.987818793238073,,2.9832989606203957,,7.96291461053232,,4.650036057421391,,3.571114986117631
LT_1099,4,fold4,0,,0.00041001230863449076,,6.3478645758479555,,2.668163776852031,,2.1422649307945694,,8.785664256055009,,4.502787895629109,,3.3427490976105756
LT_1102,4,fold4,0,,0.000408962250202146,,6.385761546767187,,2.394748343878246,,2.086724401577676,,7.843725655507534,,3.897820448022152,,2.9604653802048184
LT_1117,4,fold4,0,,0.00040966575283634017,,6.26397999148787,,2.3692797229393734,,2.0457125192007193,,7.733114099235263,,3.4942615665774586,,2.6449241615642327
LT_1120,4,fold4,0,,0.0004111235268147613,,6.73841620761836,,4.194452241701239,,3.176918064448998,,8.030894696921653,,5.044491765522694,,3.9116920387640772
LT_1121,4,fold4,0,,0.000409287956362029,,6.581805467230915,,2.7834603837352656,,2.2359787247813516,,9.510675154263922,,4.651185836107994,,3.582271069397947
LT_1122,4,fold4,0,,0.0004094173306539925,,6.550664287155137,,2.5012856738360636,,2.1364994965388115,,8.885779078996517,,4.147826902636116,,3.1096663271896583
LT_1124,4,fold4,0,,0.0004090410969291667,,6.559362698319567,,4.110764220731468,,3.151756905599787,,8.066305987798263,,5.286711832952004,,4.107811644812424
LT_1134,4,fold4,0,,0.00041684815832624886,,6.066469751595449,,2.338521798571299,,1.933502797384565,,7.942085905179385,,3.694174381008825,,2.937814952204477
LT_1135,4,fold4,0,,0.00041023910942008385,,6.225613254933186,,2.2623315459908966,,1.8352605502149681,,7.798096286944251,,3.6483884967366222,,2.8702020021978925
LT_1136,4,fold4,0,,0.00041033127574070967,,6.109051094419523,,2.450209294753181,,1.9967700301672424,,8.013227976978497,,3.5530278605030707,,2.8426461086658352
LT_1140,4,fold4,0,,0.0004120994212588932,,6.5266908250044136,,2.696322506008854,,2.149329083242784,,8.0985278652165,,4.102409659605245,,3.2594480284409775
LT_1142,4,fold4,0,,0.00041101336890359344,,6.271403265962852,,2.562184244168903,,2.1196821653640026,,8.131701381291887,,3.853323489047757,,2.994137357718801
LT_1144,4,fold4,0,,0.0004125574984834932,,5.876968499171468,,2.1590194233361015,,1.832043074742574,,7.9304409732989205,,2.9179083043786327,,2.182901838080041
LT_1145,4,fold4,0,,0.0004120470432767455,,6.374934121233623,,4.006902453900189,,3.11235855397885,,7.97748442538458,,4.1946386461009215,,3.2385595530162714
LT_1151,4,fold4,0,,0.0004107126731581912,,6.343527574966996,,2.6550757337829847,,2.1748977723896274,,8.115838635187604,,3.6833018870920005,,2.9434493148375998
LT_1172,4,fold4,0,,0.00041078460014028033,,7.608658362750666,,3.243537403373104,,2.5577927851930538,,9.803459693412437,,5.30047739712007,,4.054541237080571
LT_1177,4,fold4,0,,0.00041658552687633826,,6.040298866568413,,2.4186875251961037,,1.9388126894854307,,7.902163936507671,,3.392423493472695,,2.6420132000822973
LT_118,4,fold4,0,,0.00042709508388736987,,6.276582745570786,,2.5295526012447804,,2.074293652009919,,7.9234163738570205,,3.2115479799214266,,2.4454636375670726
LT_1185,4,fold4,0,,0.00041456153228917533,,6.593407077997661,,2.5265256958578184,,1.9935619345648254,,7.926287522827482,,3.001165049907003,,2.294300154472726
LT_1194,4,fold4,0,,0.0004191943999391351,,6.377039419374306,,4.062445566867453,,3.1305812307184997,,7.944411868441264,,4.612438085704776,,3.4477291359099493
LT_1195,4,fold4,0,,0.00041136413125320535,,6.1933080077724965,,2.4804145532621282,,1.972802247482991,,8.419617314975383,,4.108790003551545,,3.2091778915389177
LT_120,4,fold4,0,,0.0004103420796810406,,6.4571540020086085,,3.9940467782439715,,2.989232851206519,,7.8082163962750775,,4.429311635981235,,3.3553963506918034
LT_1204,4,fold4,0,,0.00041338926212507697,,6.253920455655812,,2.6469086883166293,,2.2292020812198516,,7.584735884569689,,3.0712303920403117,,2.4333543004860587
LT_1207,4,fold4,0,,0.000417442446701893,,6.734926739632891,,2.9933631603510826,,2.3713693500354767,,8.611288733702876,,4.596293439280933,,3.472363134231505
LT_1208,4,fold4,0,,0.0004171051900946788,,6.634181021261649,,2.575925773648208,,2.1293430274113763,,8.33413453635672,,4.012751997950246,,3.154765022294836
LT_1209,4,fold4,0,,0.00041007412207763605,,6.386358223108971,,2.779190274161738,,2.2094899788325653,,8.385425930188488,,4.397768022437612,,3.423757753407723
LT_1210,4,fold4,0,,0.000410780720739877,,6.14890936666634,,2.542503997919214,,2.0969037920207736,,7.628799622303618,,3.5371944897837033,,2.8434627896889424
LT_1211,4,fold4,0,,0.00041060081481205345,,7.0674087729957655,,3.1086740795184964,,2.5443822419122193,,8.903686825467643,,5.178758747235965,,3.877359546584846
LT_1212,4,fold4,0,,0.00041673767603344833,,6.506213848438245,,2.6666903187255953,,2.227504000663139,,8.739845568398295,,4.119217617867246,,3.214017073021409
LT_1214,4,fold4,0,,0.00041787001281886303,,6.157240365982205,,2.597588183176805,,2.1600880795579998,,7.945240859432109,,3.1060545261796824,,2.382961252256239
LT_1215,4,fold4,0,,0.00041181779907683083,,6.499805855796878,,2.930150389562588,,2.354179876426898,,8.49890471801847,,4.72351730010519,,3.719589119416602
LT_1216,4,fold4,0,,0.0004169841225267947,,7.128872970861904,,4.4692622264406525,,3.4453348359237035,,8.821414658910689,,5.321746759989299,,4.1694468291433875
LT_1217,4,fold4,0,,0.0004175856366889271,,6.484125711243424,,4.426571241416811,,3.371270516558913,,7.8775862979444895,,5.250022500618022,,4.109590211786368
LT_1220,4,fold4,0,,0.0004099247476066093,,6.841937055142665,,4.333399745703242,,3.1960582022486017,,8.852905095652993,,5.40997211213628,,4.296536233092017
LT_1224,4,fold4,0,,0.0004174636187888759,,6.301157139328457,,2.467498211724323,,2.0498583554918675,,7.940632962726864,,3.2847273641676042,,2.5354379489651646
LT_1227,4,fold4,0,,0.00041157389962620007,,7.326606133611376,,3.2567227886763677,,2.6444054132925987,,9.643805631245709,,5.4496533135453715,,4.088972253984523
LT_1229,4,fold4,0,,0.0004193101241121589,,6.323482879671163,,2.281561235259334,,1.896781077989208,,8.746775830132217,,3.9478075613359054,,3.006084602332124
LT_1233,4,fold4,0,,0.0004183515424381404,,6.6629408287658185,,2.4047040996837303,,1.9784819935414037,,8.775672884637132,,3.8954980597266142,,2.942176690214204
LT_1234,4,fold4,0,,0.0004184487161009876,,5.851461303966575,,2.2522692842480394,,1.828485725115754,,8.125083192174893,,3.120678846022923,,2.4086422006441963
LT_1235,4,fold4,0,,0.00040919142596718486,,6.750650973369446,,2.8226321382482076,,2.2649364370397733,,9.014688100382017,,4.3767356103595265,,3.511052962642026
LT_1237,4,fold4,0,,0.00042121445688105864,,6.5838924539827515,,2.383538481048139,,1.9706334357104587,,8.42536006051739,,3.4048714937488964,,2.5253237229912817
LT_1238,4,fold4,0,,0.0004209149096146992,,5.889277130817498,,2.238947660383079,,1.8461818430432013,,8.078101161849228,,3.459183416236016,,2.6985556175510372
LT_1241,4,fold4,0,,0.00041599684205747417,,6.525193084309943,,4.099249766725077,,3.116407584948724,,7.955556744888313,,4.136250566061019,,3.0407530185645437
LT_1243,4,fold4,0,,0.00041660635957693065,,6.123772517275524,,2.4170215782992446,,1.988121795200592,,7.727177824821501,,3.1178440826008513,,2.4094191261773505
LT_1247,4,fold4,0,,0.00041146856901706254,,6.133572448952893,,2.496941578152699,,2.0235948367873644,,8.301297665056707,,3.749472012641256,,2.943517568156927
LT_1249,4,fold4,0,,0.0004249549499058692,,6.512147241208068,,2.5506701397581555,,2.0754922143920083,,8.337034552203374,,3.8321092080515604,,2.9502458142046613
LT_1251,4,fold4,0,,0.00041425154969469344,,5.871262600860779,,2.2013659287590093,,1.8041216364303339,,8.047952769870376,,3.032297751928644,,2.298305045919992
LT_1252,4,fold4,0,,0.00041645415734097024,,6.731014348099816,,2.8630959660680313,,2.2524350564153837,,8.666597037620507,,4.160067444668685,,3.2373874111150256
LT_1255,4,fold4,0,,0.00041736183015100327,,6.46087848674826,,4.098841549440999,,3.1120237077687567,,8.099390900537786,,4.04474850560866,,3.085230502450044
LT_1258,4,fold4,0,,0.0004147465781475061,,5.916762478664066,,2.2886145659259776,,1.8594700292838429,,7.834870403100663,,3.021140974683702,,2.241443054709827
LT_1266,4,fold4,0,,0.00041033551356913986,,7.536557162198461,,4.655876977698087,,3.5720022978764954,,9.878704417421497,,5.966495648918302,,4.712247750739906
LT_1277,4,fold4,0,,0.0004153551609974177,,7.228718894777618,,4.588960476241825,,3.501214129815504,,9.26576196069997,,5.699188756378458,,4.537043564619785
LT_1278,4,fold4,0,,0.0004093888563006867,,6.732291001928066,,3.010549737753201,,2.4484761172143816,,8.866066701778246,,4.619905981743064,,3.5168240143432055
LT_1280,4,fold4,0,,0.0004110426388952426,,6.32380866384411,,2.663975061257222,,2.142957502500342,,8.421582359820189,,4.252007283188698,,3.2771618178752875
LT_1281,4,fold4,0,,0.0004189383547041556,,5.925858036364097,,2.261207034899752,,1.9055795893623992,,7.9391460571609835,,3.3467592651710207,,2.593888237882379
LT_1282,4,fold4,0,,0.0004105534857065385,,6.687751547653029,,2.699188839773941,,2.1687087477462095,,8.282800680766755,,4.162419693469079,,3.25745829774226
LT_1283,4,fold4,0,,0.00041074216441313975,,6.701339865919559,,2.4923204075595047,,1.9747294989555957,,8.428818886798423,,3.9975593548430632,,2.8913369134427076
LT_1299,4,fold4,0,,0.0004227331732624337,,6.026086134701365,,2.1896036869700883,,1.8173455334285233,,8.541995255890358,,3.6875578030051406,,2.8429657095579897
LT_1300,4,fold4,0,,0.0004100285137853422,,6.948789089114659,,4.371650737925666,,3.4040835372535905,,9.14437995735089,,5.413232840176307,,4.513299554069484
LT_1303,4,fold4,0,,0.0004107905030928116,,6.464251708034877,,4.105851350831072,,3.067213258391204,,8.049796488092953,,4.650734890116491,,3.511014807626528
LT_1304,4,fold4,0,,0.00041024198129319296,,6.7129295027547355,,4.247134454124482,,3.299893046408655,,8.591664379312975,,5.380640536443357,,4.324371676419015
LT_1305,4,fold4,0,,0.00041093095174481176,,5.777850818455555,,2.077415142323864,,1.729697699756868,,7.963876916908542,,3.3414297227645346,,2.565174239245943
LT_1307,4,fold4,0,,0.00041051983306824094,,6.730800255408644,,4.067860738897311,,3.1155045855249557,,8.360385041088856,,5.00662584445746,,3.8897501019581795
LT_1311,4,fold4,0,,0.0004150962422724853,,5.866975717560344,,2.293486959829191,,1.8569549076817013,,8.410371162908737,,3.7547028424319135,,2.9658693304911505
LT_1312,4,fold4,0,,0.0004191898204360684,,6.541580614279752,,4.104970434879072,,3.137238466208208,,8.661670221969601,,5.152492117873502,,4.039504223979287
LT_1314,4,fold4,0,,0.00041039915226349574,,6.570693695853059,,4.430372565253544,,3.329362348155147,,8.951101263916108,,5.70150237515279,,4.454782172074496
LT_1319,4,fold4,0,,0.000409861417919986,,6.291369513032233,,2.4549634119860198,,2.0785004878934954,,8.05116022898782,,3.7338519570834245,,2.816631644568254
LT_1330,4,fold4,0,,0.0004122480095205411,,6.407190969619872,,2.197144383964967,,1.813724189546322,,8.271487079193047,,3.586553350372979,,2.760353235155644
LT_1334,4,fold4,0,,0.00041017930121172406,,6.472199262198033,,2.7813794607901854,,2.181616137421072,,8.161174467148122,,4.068260669985835,,3.1826474311638706
LT_1335,4,fold4,0,,0.00041667415077304565,,6.037090382385252,,2.281168418481495,,1.8646249850462706,,8.10204988727302,,3.591510331395841,,2.8393708168244993
LT_1338,4,fold4,0,,0.0004103289939275702,,6.476802633325787,,2.829323238758926,,2.2413107869540276,,8.868863635844468,,4.9105117616138365,,3.7531083779225107
LT_1341,4,fold4,0,,0.00041415968084780423,,6.533204118607046,,2.5497473134002413,,2.016079915858497,,8.731880906200994,,4.4678373124282675,,3.427331327585522
LT_1342,4,fold4,0,,0.0004091177638146804,,6.364051851867827,,2.7154632536304972,,2.145547065406283,,8.35219809683497,,4.039138093497601,,3.1958772284895542
LT_1343,4,fold4,0,,0.00042116750270288807,,6.00784303325955,,2.0067890720803137,,1.6718285953459344,,8.0849410227252,,3.0508715844187138,,2.208030280628425
LT_1345,4,fold4,0,,0.0004119436947027707,,6.2398166451088395,,2.2415991265568365,,1.8319500964094015,,7.926063527750044,,3.130128803241377,,2.318580640719533
LT_1346,4,fold4,0,,0.00041972525061269826,,7.2092695829358355,,2.87318880791585,,2.3321396693270353,,9.555411674565626,,5.128102430372345,,3.9168258983095052
LT_1352,4,fold4,0,,0.0004128795421501734,,6.390592603991361,,4.017716749627292,,3.1492916382044793,,8.277353988298835,,5.031437584512348,,4.041794666381003
LT_136,4,fold4,0,,0.0004114895743921442,,6.1615143021323355,,2.284175046619213,,1.7918899687497774,,8.24351585138089,,3.9109761355523682,,2.949423477222917
LT_1363,4,fold4,0,,0.00041050050904546664,,6.417376728175203,,2.434352087352556,,1.99306719379335,,7.86625043189149,,3.6462165424406456,,2.8203864163635948
LT_1367,4,fold4,0,,0.000410884642933769,,6.430228229777426,,4.145728581391493,,3.1127577276116196,,8.662276723871575,,5.328902859886056,,4.19270133321735
LT_1370,4,fold4,0,,0.0004106924347309117,,6.879317747363595,,4.494149539084752,,3.3941896474153332,,8.98900614575924,,5.5220558879174195,,4.340163446843941
LT_1374,4,fold4,0,,0.00040996938635618624,,6.7892689041832,,4.151615295061337,,3.1127490436471623,,8.37787540896066,,5.242397257899481,,4.148653415850251
LT_1375,4,fold4,0,,0.00041029031256448363,,6.430414757263506,,2.625167036273908,,2.1044208423170567,,8.251299036023315,,4.072172267962219,,3.0574360945047956
LT_1376,4,fold4,0,,0.0004095606445373261,,6.153041135175869,,2.391151891244882,,2.0447674508273224,,7.658073162829161,,3.38597958825036,,2.6569673218777923
LT_1377,4,fold4,0,,0.00040899118752445174,,6.575902132555801,,2.531503982397987,,2.0804972514897533,,8.771989111025526,,4.448655884914163,,3.272010047146574
LT_1379,4,fold4,0,,0.0004086281351630659,,6.783445630761761,,4.493184085012736,,3.3291791762800593,,8.351044423920294,,5.68193287486576,,4.488764548470914
LT_1380,4,fold4,0,,0.00041085984617629176,,6.455112617787721,,2.6013462286303217,,2.086225658960683,,8.447881625820568,,4.296093631338934,,3.282547042346773
LT_1384,4,fold4,0,,0.00041549018788642963,,5.869358811245685,,2.0404018540676705,,1.641465857379896,,8.105973753548973,,3.556557407808766,,2.613395628123348
LT_1388,4,fold4,0,,0.00040886478780080907,,6.6502920181276775,,4.159861029082319,,3.1304036455302344,,8.9483365618462,,5.424998912912828,,4.2953176116611935
LT_139,4,fold4,0,,0.00041069470407503576,,7.203524673385885,,2.747593159540125,,2.193141365686102,,9.709613472722221,,4.8805537175156894,,3.698534225653274
LT_1391,4,fold4,0,,0.00041971013428823527,,6.31683968716145,,2.2035985391779507,,1.8479499104642865,,8.131540391673186,,3.6301461871590157,,2.8127163977552447
LT_1392,4,fold4,0,,0.0004103320032276571,,6.55140194974852,,4.009139965636869,,3.0561949988470114,,7.7694203378989215,,4.492294412477782,,3.373513613559329
LT_1393,4,fold4,0,,0.0004098326375715968,,6.349197879447046,,2.358396233454892,,1.9727138015379633,,7.888409294114724,,3.3839841690485613,,2.509645230616074
LT_1394,4,fold4,0,,0.00041055384734653075,,5.94026756659279,,2.175991608601918,,1.8460413717719857,,8.097700828762877,,3.558250230473805,,2.7416552986719323
LT_1395,4,fold4,0,,0.00040961018916384033,,6.4121384030066,,2.418408454477309,,2.054520741829841,,8.050464382117402,,3.406958054853344,,2.621123775842302
LT_1397,4,fold4,0,,0.00041072957304345674,,6.382496137495634,,2.364833861043085,,1.9714189666054416,,7.696271080700021,,3.080526066998657,,2.3615502176226837
LT_1399,4,fold4,0,,0.00040861225548444007,,6.720234370833772,,2.861952933059781,,2.2971998028430813,,8.776041252785953,,4.280763598332023,,3.210946592283337
LT_140,4,fold4,0,,0.00041229302130996875,,6.252034145360579,,2.473056565146715,,1.9800451306638394,,8.096190305477156,,3.748375608852963,,2.928285409813999
LT_1400,4,fold4,0,,0.0004176877681601951,,6.260791612705497,,2.311414079568173,,1.8872907976160473,,8.619531539238036,,4.121909512526391,,3.1460694209968803
LT_1401,4,fold4,0,,0.000410305349332769,,6.486892088963782,,2.4190497860892926,,2.0374596300985033,,8.081014751387917,,3.7183810116461093,,2.7616643243640824
LT_1402,4,fold4,0,,0.0004110908997932497,,6.477034149002494,,4.129257064196371,,3.1330311274957503,,8.043450813140227,,4.830687936369824,,3.87282600864929
LT_1404,4,fold4,0,,0.0004086203343540793,,6.9677334579629635,,4.233130733507146,,3.2719285833178033,,8.86679162955183,,5.656125497094682,,4.362300932669973
LT_1406,4,fold4,0,,0.00040874101135466787,,6.5487063849728715,,4.2735211764155805,,3.218248226562783,,7.9724972415022455,,4.864914219673873,,3.945303520000507
LT_1408,4,fold4,0,,0.0004092928758204547,,6.483488321381465,,4.285294584936046,,3.2243692821148313,,8.653447998272144,,5.525997660783809,,4.340095109670565
LT_141,4,fold4,0,,0.0004140443611762943,,6.569284384285364,,2.759902852539214,,2.2115151933299906,,8.029855238045952,,3.6621642300335937,,2.971949094938829
LT_1410,4,fold4,0,,0.0004091543578875721,,5.998258586238699,,2.2511184888255538,,1.8595963548475425,,8.002331427975614,,3.621683509248663,,2.770128634964614
LT_142,4,fold4,0,,0.0004140605887062356,,7.240078688042485,,2.9254207255356444,,2.3641668181385573,,9.41593456644324,,5.030840898427559,,3.849882234019384
LT_1443,4,fold4,0,,0.00040871923292365615,,6.286545936081892,,2.294487126483422,,1.8251113899189262,,8.38546037316246,,3.8183440371183304,,2.9319853192270946
LT_1448,4,fold4,0,,0.0004130763574456426,,6.240565631412466,,2.212370721944827,,1.8740403584074223,,8.474707373589226,,3.634603811908051,,2.786000767211663
LT_1449,4,fold4,0,,0.0004184649786592824,,6.143462967940565,,2.1917210907770124,,1.8205174643885902,,8.803703686412419,,3.8346499415963233,,2.9606031050219173
LT_1451,4,fold4,0,,0.00041972741463307955,,5.989478968017298,,2.369099896534113,,1.899691294059719,,8.555435820656127,,4.082225563053177,,3.178795966595542
LT_1454,4,fold4,0,,0.0004189944343145329,,6.357987216769543,,3.978923631511297,,3.0448223068991713,,8.73295866999801,,5.1785351613148265,,4.160727927402717
LT_146,4,fold4,0,,0.0004110393500361374,,6.3086901102433535,,2.305357292587149,,1.9097959284187471,,8.198645689615107,,3.7227843258810807,,2.7796228914646934
LT_1463,4,fold4,0,,0.0004191617419246913,,6.309043390780129,,2.252069264769437,,1.8639514860093673,,8.650495919452334,,3.8368287323268664,,2.970597318755106
LT_1464,4,fold4,0,,0.00041878154818524894,,6.166948196570137,,2.2383200846074747,,1.8502991422237411,,8.904164061739486,,3.845454743378796,,2.9443453524812853
LT_1467,4,fold4,0,,0.00041894404198698255,,6.464759581513253,,4.01126127234549,,3.0700783516973518,,8.746541257077569,,5.146181289115664,,4.152700483560704
LT_1468,4,fold4,0,,0.0004189479040978897,,6.236417250071726,,2.19700850588335,,1.8180479237477705,,8.834148849591157,,3.8111411779248203,,2.8824306732276286
LT_1470,4,fold4,0,,0.0004098199148748951,,6.47125763615073,,2.420187817948854,,2.0572843189397587,,7.7213291680886345,,3.3992715828978843,,2.5292616507128796
LT_1471,4,fold4,0,,0.0004111547644159771,,6.364645912063169,,2.4704194932723285,,2.0053231917362937,,7.961506314870299,,3.238627900812354,,2.345691663286423
LT_1474,4,fold4,0,,0.00041951371723322577,,6.213623270201417,,2.2829731299341014,,1.8773051573741657,,8.842714402968454,,3.9356089043858367,,3.0103041923188654
LT_149,4,fold4,0,,0.00041664988258523043,,6.135463361720216,,2.4952608853411853,,2.0080526070380498,,7.927266052766611,,3.2325489719921547,,2.5495021326786564
LT_15,4,fold4,0,,0.0004114951067325321,,6.586120022653972,,2.525451093934742,,2.0407619879528434,,7.972520888537563,,3.380090889770137,,2.510627697081968
LT_1507,4,fold4,0,,0.0004084152747901408,,6.374434566735977,,2.657371192733984,,2.1197858759477435,,8.309186125385384,,4.300421401567735,,3.292918978863645
LT_1508,4,fold4,0,,0.00040841795302434987,,6.355376337937342,,2.5398568090184432,,2.112758696078828,,8.199532242568402,,3.8233855380068564,,3.0307619666367476
LT_1523,4,fold4,0,,0.00041089447790151196,,6.446681234734035,,4.281337635245341,,3.177073144099383,,8.23759363308471,,5.279103214154688,,4.199450764754582
LT_1531,4,fold4,0,,0.0004179285273848976,,6.863592763029232,,3.9929685454783206,,2.988808295797405,,8.688692660941395,,4.903407029035781,,3.8893958640583612
LT_1534,4,fold4,0,,0.00040874235221692243,,6.787703392344689,,4.115196574384157,,3.208274548583309,,8.900908219641533,,5.612623123136868,,4.399477221270705
LT_1548,4,fold4,0,,0.00041630972147686275,,6.5816984927279245,,2.370304511312639,,1.8933542129077732,,8.407901587963645,,3.7681908882805977,,2.815880368822625
LT_156,4,fold4,0,,0.0004128275720075517,,6.191274972579711,,2.227185108472594,,1.7977311673817205,,8.001057921127456,,2.954121999301661,,2.1691371363699945
LT_1562,4,fold4,0,,0.00041010399869417444,,6.658100118039884,,2.8438900417337267,,2.267755662937627,,8.683171939760228,,4.68651351541761,,3.6263366522478377
LT_1564,4,fold4,0,,0.00040961614722264707,,6.304591677887138,,2.367009032694128,,1.9869469256868308,,8.26810987580154,,3.5446090442528475,,2.6466491192650587
LT_1566,4,fold4,0,,0.00041119691215373184,,6.391834751077216,,2.4062635712919165,,2.0185008318291975,,7.762508292349917,,2.939026387290019,,2.1742241997887803
LT_1569,4,fold4,0,,0.0004148240380209174,,6.503226682478536,,2.102177296363837,,1.6932797647799966,,8.509247171618368,,3.2141448325401343,,2.3447340860902695
LT_1578,4,fold4,0,,0.0004163580890834528,,6.347772648053449,,2.139055633606584,,1.7310170214985539,,8.489977278875301,,3.4080661207942606,,2.5135887076174552
LT_1585,4,fold4,0,,0.00041015409657119486,,6.379411513724766,,2.3162162119528813,,1.9850049043108753,,7.655016416575455,,3.279525427215888,,2.4315038964025164
LT_1586,4,fold4,0,,0.0004088893156694619,,6.373964847087888,,2.8184979697314354,,2.2716613001540806,,8.658308698141314,,4.489501834097408,,3.389768301314427
LT_1588,4,fold4,0,,0.0004097898802724216,,6.484887217375215,,2.7400730847205916,,2.1402869702810654,,8.296491406067364,,4.169309844275032,,3.2193883239716974
LT_1589,4,fold4,0,,0.00040956761882250843,,6.456578680861082,,2.585468933433952,,2.125333708474348,,8.247076508829474,,3.9794780918002193,,3.0368951997639684
LT_1590,4,fold4,0,,0.00041036525866840895,,6.24679882735103,,2.346117560003751,,2.0152044080360656,,7.906208748560596,,3.4254445938906453,,2.5428970844329988
LT_1597,4,fold4,0,,0.00040991935285325867,,6.398604226572503,,4.124687889289346,,3.1586466785300753,,7.892312676685943,,5.049368071089398,,3.9906600975087914
LT_1600,4,fold4,0,,0.0004096712636164901,,6.612173984451817,,2.7612946262113027,,2.2132713555093653,,8.810982946149661,,4.4921728020145375,,3.4384043856790165
LT_1605,4,fold4,0,,0.00040856729587951737,,6.373372352101151,,2.8242669246760244,,2.2678801095579146,,8.522068777516713,,4.521356277166142,,3.492619615242224
LT_1606,4,fold4,0,,0.00041147182207948267,,6.504907360027756,,2.7603563693423805,,2.2580414222007628,,8.382391234832086,,4.453486110843819,,3.392455635746924
LT_161,4,fold4,0,,0.0004183188454887927,,6.633439838828031,,2.541717548456067,,2.085181688081002,,8.263794468124313,,3.737266973207576,,2.8481061578871016
LT_1614,4,fold4,0,,0.0004087051167452789,,6.544705413970638,,2.981525317738189,,2.3496219845020057,,8.670789342912478,,4.6539927259041765,,3.51422126789505
LT_1619,4,fold4,0,,0.0004111844184013936,,6.909684004928183,,3.0005193220387163,,2.356280602708658,,9.534882401381875,,5.1510492960249055,,3.874456608713672
LT_162,4,fold4,0,,0.00041799787113789254,,6.125750397700124,,2.4509920222939794,,2.082848806534556,,7.939592830693079,,3.0812812816251114,,2.314939420020446
LT_1652,4,fold4,0,,0.00041610980363215,,6.345304378333754,,4.119143064049143,,3.2267828285927918,,8.699251896204126,,5.443456858195123,,4.365536665348899
LT_1658,4,fold4,0,,0.0004097758260231243,,6.401846223931703,,4.122014138186484,,3.088462566284968,,7.660046864366877,,4.598291343726994,,3.6482210740132492
LT_1660,4,fold4,0,,0.00041290511327006854,,6.257075436605681,,2.2377489490004585,,1.7912865881418953,,7.9418074064407085,,3.0714363405385865,,2.239495037316284
LT_1668,4,fold4,0,,0.0004098427428072277,,6.2760358420983975,,2.488125622396894,,2.1108599539236037,,7.718250877923526,,3.4724743879204114,,2.570604133091684
LT_1671,4,fold4,0,,0.00041007094913811035,,6.250298462978585,,2.2974089488239735,,1.9015775218472204,,8.83163710663103,,3.9756921495763446,,2.9004549387470906
LT_1673,4,fold4,0,,0.00041100683483874176,,6.514828674407894,,4.08420174777894,,3.082597122097434,,7.8813332932488915,,4.271349676587562,,3.3072610860711666
LT_168,4,fold4,0,,0.000411082813037757,,6.410506227210393,,3.9400121103209993,,2.961232868696372,,7.744064909809082,,4.511914137915957,,3.528007449877483
LT_1682,4,fold4,0,,0.00041058138093567204,,6.803788386799264,,2.757324099823937,,2.1164158249254585,,8.408851547021621,,4.009426239773479,,3.010784981772605
LT_1749,4,fold4,0,,0.000411976237221447,,6.7437557827538805,,2.738597051324041,,2.12252735486142,,8.83921896302024,,4.19691818847894,,3.12084075668829
LT_1752,4,fold4,0,,0.00041830823741267724,,6.5544376102310995,,3.9897874713856143,,3.1054789519628345,,8.38422735967763,,4.7701068173410475,,3.642086751259723
LT_1758,4,fold4,0,,0.00041505508068710555,,6.4733886644048795,,2.720545505096833,,2.2489443033094854,,7.791008882312997,,3.5855947933648284,,2.8599049471112132
LT_1760,4,fold4,0,,0.00041083507199447464,,6.298865160664259,,2.7430859707652635,,2.175936668366752,,8.707713094007987,,4.40964667003594,,3.5374295020029396
LT_1761,4,fold4,0,,0.0004095316394594935,,6.4962524313975845,,2.402070807196438,,2.010144185617907,,8.354471980783764,,3.9653315410649923,,3.073996917137898
LT_1762,4,fold4,0,,0.00040951158579548286,,6.835853103369262,,3.0305967618052954,,2.375763080769188,,8.959416047186112,,5.034949723652481,,3.848564012018433
LT_1763,4,fold4,0,,0.0004097664504216277,,6.255494653721156,,2.5237433925444583,,2.09567947174773,,7.896369760996195,,3.659212809831472,,2.9269587621071897
LT_1765,4,fold4,0,,0.0004084230599960999,,6.467065919254348,,4.356493516070968,,3.286328356168946,,8.876135967898396,,5.600310627259734,,4.44171633768458
LT_1766,4,fold4,0,,0.0004134139047800578,,6.277810702839705,,3.9268802993091567,,3.084031654651923,,8.159183010540092,,4.743805274745274,,3.8350593414602856
LT_1769,4,fold4,0,,0.00041022410181980676,,6.379412061357308,,2.7053766587841137,,2.14428677007894,,8.519078190085706,,4.456739375189276,,3.441628452716152
LT_1774,4,fold4,0,,0.00040943223897430686,,6.296084918531412,,2.3382925417263034,,1.8930624791123833,,7.89044520509071,,3.5792436383734842,,2.8033966364928222
LT_1775,4,fold4,0,,0.000408458414055915,,6.422676411561164,,2.382911453025336,,2.0211995930050786,,8.433702636293953,,4.068367028681236,,3.0822698924216883
LT_1776,4,fold4,0,,0.0004104917805407733,,7.004689919932501,,2.9506678641140343,,2.288157024971209,,9.199888944048649,,4.389687546495381,,3.3552432776837877
LT_1778,4,fold4,0,,0.0004097684280696106,,6.229200984949269,,2.4753070295013258,,2.081391419413774,,8.51576705478728,,3.9414618911022075,,2.977199590704206
LT_179,4,fold4,0,,0.00041345055348709914,,6.114155370400994,,2.3976491893972076,,1.9504008707278444,,8.10648234901891,,3.8921920482376207,,3.027842056037884
LT_18,4,fold4,0,,0.0004310989215641804,,6.033753168199227,,2.362763059442785,,1.877329140950428,,8.966535904386033,,4.284695855775685,,3.2768278252000527
LT_180,4,fold4,0,,0.00041953193526186004,,7.216245343866952,,2.9186290221676603,,2.347896118786615,,9.355277056199661,,5.14836087945395,,3.9141740535790244
LT_1807,4,fold4,0,,0.0004102272521576914,,6.3433281326485975,,2.3857480910129008,,1.999029558905551,,7.923939425541601,,3.7679663162510946,,2.908715490390181
LT_1808,4,fold4,0,,0.00040963098380436547,,6.844157181365378,,4.4504826049343835,,3.3527048123739873,,8.82602760060607,,5.747304569392568,,4.488902961790597
LT_1810,4,fold4,0,,0.0004110703133347552,,6.216731516110038,,2.374174111226216,,1.962265767780196,,7.743056565657732,,3.1945444645665906,,2.4605621574130923
LT_1811,4,fold4,0,,0.0004177096870781379,,6.164125483970654,,2.5002649877948375,,2.118421007470179,,7.970015586270568,,3.184050447281289,,2.422271465214596
LT_1812,4,fold4,0,,0.0004161041964157383,,6.185830281193259,,2.437477639595844,,1.9490260465170997,,7.925761292378587,,3.5787282797459445,,2.944398305122464
LT_1814,4,fold4,0,,0.0004256162517818768,,6.119684600257978,,2.447408254291538,,1.9952679336651957,,7.763043310178312,,3.5997682763646046,,2.918211836701569
LT_1815,4,fold4,0,,0.0004116623100959508,,5.882708302358006,,2.377701335597686,,1.933509909719827,,7.877420612673621,,3.8472892345282195,,2.950036273701909
LT_1816,4,fold4,0,,0.00042516684337991044,,5.886853957860369,,2.374019972676735,,1.9504277085916057,,7.983031056317772,,3.4750579437608584,,2.645160629569183
LT_1817,4,fold4,0,,0.0004096029885061383,,6.199048220540471,,2.409180354861105,,1.9962596207708292,,7.78045194528933,,3.328520709276933,,2.544316186881148
LT_1818,4,fold4,0,,0.00041104712215136313,,6.494862404027361,,2.808799389770881,,2.258716292805154,,8.903536318147392,,4.705172766115136,,3.578878926691053
LT_1820,4,fold4,0,,0.0004093498028980413,,6.151248517202064,,2.3969454993182384,,1.9714554531388706,,7.792977993277625,,3.6954918254108646,,2.733217197186356
LT_186,4,fold4,0,,0.00041920643858254364,,6.925541855237251,,3.0869204814154876,,2.500955562466516,,8.660834368304478,,5.0479656573258325,,3.87637884286409
LT_1873,4,fold4,0,,0.0004136479803284968,,6.394364125797545,,2.7453354560001846,,2.185533590040794,,7.995504613586585,,3.8019583506528276,,3.005929979347929
LT_1883,4,fold4,0,,0.0004115105129720957,,6.074890031895341,,2.3667008550999893,,1.9441806101217287,,8.04133745459544,,3.631647117107684,,2.8696937465393666
LT_1886,4,fold4,0,,0.0004169345894260556,,5.906428181345145,,2.2776534039595817,,1.8772336393093274,,8.04220037451186,,3.198571472679251,,2.3659761480610144
LT_1887,4,fold4,0,,0.00041250802305242695,,6.394909497530958,,2.4780576550458884,,2.0158461123672096,,8.05185452648887,,3.3459608657729087,,2.607400211889449
LT_1888,4,fold4,0,,0.00041101933921538873,,6.352625267598462,,2.479136456778498,,2.0015941652323046,,8.538267999032644,,3.7477968304912546,,2.9965977512374353
LT_1892,4,fold4,0,,0.0004115994658661498,,6.286813646521385,,4.006320488449439,,3.0211389662651893,,7.924773352497126,,4.332657283839613,,3.252456906732603
LT_19,4,fold4,0,,0.0004106513455726067,,6.647151745705297,,2.564265409089906,,2.075683772188157,,8.195817872424893,,3.799037507999641,,2.944746264763352
LT_1900,4,fold4,0,,0.00041275805385101137,,6.380066772418418,,2.6784587071889643,,2.180039304697573,,8.107847481416625,,3.9625861439100403,,3.177837829714178
LT_1905,4,fold4,0,,0.00040999087881071414,,6.8259250820636135,,3.01327396696044,,2.3192757882298576,,9.083651183477473,,4.234905402186552,,3.295789010372262
LT_1906,4,fold4,0,,0.0004096827368043638,,6.290666791437479,,2.3979659941563236,,1.9893690087435412,,8.141259919711873,,3.3275918071118884,,2.585094112370507
LT_1907,4,fold4,0,,0.0004094062745701524,,6.719664195907303,,4.153839133874089,,3.2762151656252234,,9.089482288830785,,5.40032465409526,,4.302963222187927
LT_1908,4,fold4,0,,0.00040805392958701003,,6.4724079047671,,2.546876371517564,,2.1397611269901278,,8.8012511856785,,4.31294640892995,,3.3011599718903586
LT_1909,4,fold4,0,,0.000412676120907219,,6.384265635228296,,2.619260759064777,,2.1554253673525876,,8.062999363985814,,3.4984026686088225,,2.5866372534162325
LT_1910,4,fold4,0,,0.00040996397377444753,,8.044389423456282,,3.4890127833762876,,2.700936640094196,,10.293382457075673,,5.185831212922,,3.8668508014690666
LT_1911,4,fold4,0,,0.00041217427268142037,,7.108286213897304,,3.1899992937162023,,2.4990745892138064,,9.307530010174293,,4.703028417653228,,3.618015189373949
LT_1923,4,fold4,0,,0.0004108527169512672,,6.3164589424585404,,2.3925654640758496,,2.0224131173238233,,7.854912159318286,,3.0242834634128397,,2.3017889992951273
LT_1925,4,fold4,0,,0.0004112713735849854,,7.622825004620918,,4.761471368809009,,3.556675785797346,,9.704732450155335,,6.21843335779232,,4.889923162633607
LT_1926,4,fold4,0,,0.00041087706812908964,,6.4322763603751305,,2.50512591798036,,2.06197544543629,,7.912412163815473,,3.410229599211614,,2.636087759568268
LT_1927,4,fold4,0,,0.00041066192096378407,,6.4637588902207295,,2.456329754121003,,2.110556373095506,,7.677436563263763,,3.3734979415384045,,2.646200101250768
LT_1928,4,fold4,0,,0.0004132837850227798,,6.448853592260315,,2.519075504427383,,2.038446854149908,,7.746421887510445,,2.921106678010192,,2.176912795052872
LT_1929,4,fold4,0,,0.0004116600209251933,,6.631778630287312,,2.78266704742679,,2.215222028774571,,8.679650879943884,,4.455743102816855,,3.3283443201888923
LT_1930,4,fold4,0,,0.0004124712864352984,,6.638212702141149,,2.5530298560260696,,2.0916168759393337,,7.8691620352572205,,3.4499191292195217,,2.7662411190212235
LT_1931,4,fold4,0,,0.000410504659284194,,6.534255578169749,,2.474703300626799,,2.0550603852772356,,8.06316657491585,,3.5859667787783165,,2.713164029704284
LT_1932,4,fold4,0,,0.00041042704844988266,,6.286238777208849,,2.5814723831575366,,2.0779931731148618,,7.970044474924539,,3.892861099688409,,3.0798584993508284
LT_1933,4,fold4,0,,0.00041147106550255483,,6.014922649961109,,2.4570979093714955,,2.0681930860303606,,7.65287822052813,,3.594595514913798,,2.8424887089567568
LT_1934,4,fold4,0,,0.0004096171719841328,,6.2821702543859175,,2.516215661412533,,2.1211658175640378,,8.614692434789008,,3.9300363617006018,,3.001413025602162
LT_1935,4,fold4,0,,0.00041053799562910075,,6.320506399798657,,2.568484800966913,,2.097159115686048,,7.9348837977602855,,3.733846002824136,,2.973908466902333
LT_1936,4,fold4,0,,0.00040988394033240026,,6.52995032239572,,2.494166368862578,,2.0798163990867264,,7.714000936149451,,3.5508743539305647,,2.8105117179575028
LT_1945,4,fold4,0,,0.00040893327726534805,,6.119242618536724,,2.4708695635881255,,2.059465975711784,,7.981727468765346,,3.53428199424448,,2.7050117152674336
LT_1946,4,fold4,0,,0.00041230927905711034,,6.760416915312971,,2.9009775337771475,,2.29306248247902,,8.76909258040026,,4.260843620201913,,3.212637629720384
LT_1947,4,fold4,0,,0.0004114998940547669,,6.603890799890928,,2.717931967596428,,2.128808695396593,,8.459200156316122,,3.723129872019349,,2.9370551004019174
LT_1948,4,fold4,0,,0.00041090534073402567,,7.132938293434058,,2.846831290904471,,2.290853941294357,,8.76332670024338,,4.263060351794217,,3.2907723441651586
LT_1949,4,fold4,0,,0.00041310556940061215,,6.350783166685578,,2.4573459123666663,,2.0360263194450603,,7.789499920673056,,2.981308473285503,,2.1923967737314234
LT_1950,4,fold4,0,,0.00040829835892827737,,6.713253960414658,,2.7283085424647164,,2.1902608600553224,,9.113274153131899,,4.3633389595350724,,3.2708006510983334
LT_1951,4,fold4,0,,0.00040993550771226996,,6.684878412597684,,3.0119462359085607,,2.3573291364925573,,8.889065946319201,,5.206707709540075,,3.852558369264112
LT_1968,4,fold4,0,,0.0004104102018742412,,6.393252256123887,,2.4802936953645953,,2.009349270670622,,7.811824273263339,,3.1648923227526966,,2.3984859209804243
LT_1976,4,fold4,0,,0.00041174115827589605,,6.300648839196175,,4.198028155008201,,3.1259767125884177,,7.801365018230696,,4.893004010921079,,3.696905480951057
LT_1977,4,fold4,0,,0.000410104239349408,,6.636716573522335,,4.097984273975356,,3.0374291298608647,,7.77702059079121,,4.62022410281653,,3.521030423261759
LT_1984,4,fold4,0,,0.0004101252845829795,,6.361865351424471,,3.132569063315841,,2.4538769853636855,,8.51156029729902,,4.649023089095573,,3.7069046783068234
LT_20,4,fold4,0,,0.0004132947053751817,,6.399139086026983,,2.4048692992964087,,2.0020944071078657,,7.9512199396422245,,3.1156267232056583,,2.3541222166419926
LT_2006,4,fold4,0,,0.0004169242131193511,,6.097388865333635,,2.5434240221265423,,2.0961772167104757,,7.85762466592259,,3.288910422271003,,2.5171215706574603
LT_2008,4,fold4,0,,0.00041679241818799034,,6.065404944621078,,2.785134673619787,,2.1748712586556813,,8.467105771015524,,4.257458187084112,,3.3210663098711612
LT_2009,4,fold4,0,,0.0004167125535788699,,6.729711204922119,,4.472362625057813,,3.3161252665126306,,8.777244150435031,,5.415115672416061,,4.251289443160634
LT_202,4,fold4,0,,0.00042257093306497136,,5.856431125677062,,2.336767521209457,,1.8820572983862072,,7.972028641885334,,3.0426196899974096,,2.3492492784709094
LT_203,4,fold4,0,,0.0004159162677528517,,5.973579928379911,,2.5686299178513674,,2.0530758351637153,,7.77310293047442,,3.068183021382387,,2.350229198310787
LT_207,4,fold4,0,,0.0004182177173191505,,6.000189740287054,,2.2224638474647027,,1.8364833178315954,,7.955291725700521,,3.4246932312159726,,2.7351361205325984
LT_209,4,fold4,0,,0.0004116276211250415,,5.994592930507507,,2.3692723330000627,,1.9654848962568727,,7.489393036649083,,2.9995030328057877,,2.327922270244518
LT_215,4,fold4,0,,0.00042418569409039333,,6.490104726877456,,2.4597820328949145,,1.9508209090996598,,8.442240055381099,,3.6378347285114905,,2.779874757176805
LT_242,4,fold4,0,,0.0004110330235268696,,6.172065759176845,,2.4036981135987845,,1.9432082365425403,,8.160255715337975,,3.947112332896638,,3.095321820069578
LT_250,4,fold4,0,,0.00043172938519735367,,5.954976415979834,,2.0908496257697307,,1.6819406645013173,,8.311402094069004,,3.5148703468062283,,2.582691367309924
LT_277,4,fold4,0,,0.0004090140341544944,,6.436026268703943,,2.5797519636420314,,2.073879388984656,,8.118132186334554,,3.693248849572608,,2.7768333273334984
LT_28,4,fold4,0,,0.0004324904110654341,,6.5293990636438135,,2.6383665564822936,,2.0679191562680606,,8.670633410017908,,4.593077023045486,,3.440219161526216
LT_289,4,fold4,0,,0.0004106676115435536,,6.9283837532992045,,3.0079168231826685,,2.314094015257863,,9.153499346665148,,4.388580744403502,,3.3716063424003697
LT_291,4,fold4,0,,0.0004148722845783454,,6.214196959941191,,2.370198796702724,,1.9203874785450379,,8.368334542576664,,4.0797913197799005,,3.1486223058442055
LT_3,4,fold4,0,,0.00040926058298856004,,6.773893812781574,,2.9145741404565113,,2.3147573390156726,,9.308234054955198,,4.807370127309301,,3.7129477824704273
LT_30,4,fold4,0,,0.00041890151437197834,,5.987317319427513,,2.189548313370745,,1.8279278102507437,,8.742079457138912,,3.9163923977576522,,2.9750403236160725
LT_301,4,fold4,0,,0.0004105764417578362,,7.117961926449307,,4.5464105209383865,,3.4636763562463955,,8.712698421819253,,5.528014512201559,,4.35443730418284
LT_303,4,fold4,0,,0.0004115373952738484,,6.495923501364486,,4.150631620066513,,3.1781293893326388,,7.79798680250652,,4.29970113559441,,3.2754483956115448
LT_305,4,fold4,0,,0.00043138061338199654,,6.494340519791285,,2.7319157639657905,,2.188992431999288,,8.3571871208721,,4.569866371462314,,3.611201935003081
LT_31,4,fold4,0,,0.00041912730233355754,,6.018260202508799,,2.191111057476575,,1.8290471255410061,,8.458980198916752,,3.813218909903532,,2.916247518121578
LT_316,4,fold4,0,,0.00042682404224337125,,6.3319954527149145,,2.5733421752644365,,2.09741860686934,,7.913477402052729,,3.2812374879162856,,2.498189716822037
LT_317,4,fold4,0,,0.0004136176844968288,,6.272700307562297,,2.819886050046555,,2.2384353459528925,,8.542870476529684,,4.608865039451369,,3.5855110903703338
LT_323,4,fold4,0,,0.0004120747088710592,,6.556491998088028,,2.8939768321064236,,2.36494926668231,,8.680810170478821,,4.636060230174347,,3.6253992752028976
LT_34,4,fold4,0,,0.0004111733119792956,,6.928431696719561,,3.0654433798584892,,2.4858255950653896,,8.912674788555078,,4.44933053764018,,3.431686090524314
LT_344,4,fold4,0,,0.0004103104788002517,,6.532001551909308,,2.560813093448889,,2.0665204262009573,,7.902789201537025,,3.648818040551002,,2.8121079475609463
LT_35,4,fold4,0,,0.000410506347906835,,6.179121341573647,,2.5153716025078965,,2.1025624707085333,,7.760421620458252,,3.7114153699077064,,2.943175257746273
LT_356,4,fold4,0,,0.00041292881970492017,,6.506916809673138,,2.517094774398434,,2.076936047460378,,7.922464714321148,,3.0789908751605077,,2.3893391232426526
LT_36,4,fold4,0,,0.00041636813318871035,,6.439513656353253,,3.9281368494743645,,3.0294846689056136,,8.04926864944565,,4.5714849405979034,,3.5374511731042286
LT_373,4,fold4,0,,0.0004102074011307407,,6.7318486457886095,,2.8573295959715526,,2.3386878983368313,,9.192856387735068,,4.703771407692598,,3.4581038192080706
LT_375,4,fold4,0,,0.0004120156303092891,,6.071084641172467,,2.3550942789411984,,1.9469746178270537,,7.72801941537443,,3.0480308196322032,,2.3254111500368846
LT_39,4,fold4,0,,0.0004331351810562302,,6.967372934775465,,2.7824269201218326,,2.2210214559529997,,9.33617034697317,,5.058794869981963,,3.9091730841875343
LT_404,4,fold4,0,,0.0004101514610162574,,6.426737130768886,,2.7990120386717456,,2.21827276763417,,8.44614358342756,,4.241432642574369,,3.252152856132855
LT_405,4,fold4,0,,0.00041866531442207033,,7.03334755100106,,2.8985453166083794,,2.3679585993618266,,8.70935992601468,,5.176102779281229,,3.816538308680873
LT_406,4,fold4,0,,0.0004111551175512273,,6.740675702365391,,2.3722077208332024,,1.9078815779502785,,8.430817806063505,,3.452076482917681,,2.5340684589385405
LT_426,4,fold4,0,,0.0004101325236981236,,6.60174392395334,,4.067621538532664,,3.0082476070327493,,7.840291722002525,,4.30261951488109,,3.2461882169459786
LT_430,4,fold4,0,,0.00041270086776597735,,6.636929535545608,,4.087993903263695,,3.145047870557747,,8.152036505678202,,4.722433000739876,,3.6080917211619417
LT_431,4,fold4,0,,0.0004169988180998431,,6.173711408457263,,2.4385626172821167,,1.9902754955471502,,7.605866171398551,,3.6559802523822564,,2.9168397755918924
LT_434,4,fold4,0,,0.00041188542519525646,,6.283471657258867,,2.1146256877943594,,1.7392502940505,,8.103818150385653,,2.990342403346217,,2.2044136360944595
LT_438,4,fold4,0,,0.0004201195977438059,,6.454011603721426,,2.4802806445190795,,1.993248192225581,,8.120666658030517,,3.929292149032139,,3.0224527392021487
LT_439,4,fold4,0,,0.00041814908446834685,,6.271145167312081,,2.6259614711933863,,2.041388223353033,,8.113651278622147,,4.043123009568472,,3.1137197055575934
LT_454,4,fold4,0,,0.0004103027578492482,,6.472384860896419,,4.017811469182657,,3.1098837220879276,,8.181894469492816,,4.664710961377241,,3.6111984202355685
LT_465,4,fold4,0,,0.0004154848580279584,,6.123888994140507,,2.3733878057604625,,1.9558236429664428,,7.855207979067784,,3.3729136506184862,,2.576590780623607
LT_468,4,fold4,0,,0.00040815377854123806,,6.539462260628032,,2.5399092488250212,,2.1044388904119065,,8.616835827183552,,4.297747471824065,,3.198381854466008
LT_493,4,fold4,0,,0.0004098743759755989,,6.538572689286722,,2.441234133245795,,1.9692536618471996,,8.464058175396866,,3.837274915286383,,2.929732246924279
LT_495,4,fold4,0,,0.0004168954285885748,,6.296760735892351,,2.302104393519126,,1.9055465703271346,,8.173848572604983,,3.044767344767126,,2.377810532250409
LT_506,4,fold4,0,,0.00041293333049269125,,6.124014097938483,,2.5159702698061857,,1.986428718197385,,7.873629425887243,,3.4010136075234456,,2.714186520853951
LT_507,4,fold4,0,,0.0004175636408449892,,6.107436962883137,,2.3862625415960417,,1.9399360284509828,,7.868810389863998,,3.256507728386012,,2.501099471638275
LT_513,4,fold4,0,,0.00042096759836887307,,6.2493167750834,,3.996716938024444,,3.090469138212547,,8.153991737780123,,4.375905131723777,,3.3630583009204416
LT_515,4,fold4,0,,0.00042118708253898775,,6.038297022481423,,2.3197464849810405,,1.8997427601541812,,8.650818367848693,,4.183384781976598,,3.1731355002348094
LT_516,4,fold4,0,,0.00042102341797253806,,6.191539958868099,,2.3111302614567295,,1.928276174032766,,8.051831941369874,,3.0279582778981724,,2.289938964108204
LT_529,4,fold4,0,,0.0004101009241265583,,6.93593825294123,,2.6480892649412207,,2.1027244774063867,,8.73798811326596,,3.9591602826213874,,3.017808493934337
LT_53,4,fold4,0,,0.0004123786889694836,,6.654086623152766,,2.5276697937139785,,2.1291574186370847,,8.11386393482561,,3.4505134451484825,,2.578220808715913
LT_533,4,fold4,0,,0.000410051787066025,,6.413500495231351,,2.543342013729527,,2.1027216243103366,,8.244170993160933,,4.097084119144767,,3.230889552980635
LT_56,4,fold4,0,,0.00041699837672593866,,6.412871794930635,,2.492387790293862,,2.058839688167641,,7.646087717051387,,3.117944732453164,,2.4363685315401846
LT_574,4,fold4,0,,0.0004095875287693715,,6.6897468100492095,,2.5348451649659696,,2.028086344511259,,8.41474438573949,,4.096742302106282,,3.0721181189347915
LT_589,4,fold4,0,,0.0004106085691493646,,6.314948926566684,,2.3776218808299263,,1.978094817314973,,8.29250818473642,,3.618868639962014,,2.7433547541475374
LT_608,4,fold4,0,,0.00041134655270388953,,6.5035612840957855,,3.037206908800071,,2.445092090117745,,9.245792429684597,,4.714988430603898,,3.6292939933047133
LT_61,4,fold4,0,,0.00041496170558160024,,6.2985518503509565,,2.529034799694751,,2.1148642575838563,,7.849116149286405,,3.163223955866435,,2.4230470479533692
LT_62,4,fold4,0,,0.00041089994142648814,,6.303986195763606,,2.389313414501384,,1.9469038625056687,,8.040107583214654,,3.939059580757237,,2.975231198946418
LT_631,4,fold4,0,,0.000412793303395843,,6.352830094869955,,4.084800397180544,,3.1261214630123306,,7.863772359677386,,4.651086467256687,,3.496985443068406
LT_656,4,fold4,0,,0.00041262972507138604,,6.1430314682435805,,2.688992803691034,,2.09294517815404,,8.366981955447844,,4.193033294701715,,3.244315265117674
LT_658,4,fold4,0,,0.0004153849352782589,,6.1606054904731025,,4.014939645345654,,3.1422239728161063,,8.387446932091171,,4.989149836804396,,4.047780146471702
LT_668,4,fold4,0,,0.0004103309197684372,,6.608641548577684,,2.4768495600790548,,2.0690208976467734,,8.394393052049443,,3.857528563363825,,2.861681637791041
LT_690,4,fold4,0,,0.0004114895806229431,,6.534791162824958,,4.088876906362757,,3.0175728539240456,,7.951298620443528,,4.389804669714487,,3.234733017869946
LT_7,4,fold4,0,,0.00041049834829031545,,6.366542996110455,,2.735439474444391,,2.1736412396325533,,8.053901225597961,,4.006552455260196,,3.1759950010924314
LT_723,4,fold4,0,,0.0004123391915674124,,6.485510761469978,,2.4125291877693904,,1.9469847433639174,,8.478846866745082,,3.8624659371329493,,2.947920660889052
LT_731,4,fold4,0,,0.0004099991564444211,,6.1498498469849485,,2.4843828217675545,,2.103764764562503,,8.151316252149531,,3.853934294642038,,2.9441174137854627
LT_754,4,fold4,0,,0.00041400043635131736,,6.175336015351349,,2.1085296841513137,,1.6964496010430175,,7.894136930729498,,2.9554579670239174,,2.1647049272566092
LT_756,4,fold4,0,,0.0004137489317499136,,5.892856811180799,,2.369124052980012,,1.9044539057972143,,7.997542292124705,,3.549743251493763,,2.803895164455733
LT_759,4,fold4,0,,0.0004229746394627445,,6.4635109285771835,,2.794416169531115,,2.219272195568582,,8.720964229701565,,4.707956347127504,,3.5933462781920853
LT_767,4,fold4,0,,0.00041242395554275807,,6.497585125308097,,4.041889652492981,,3.055152369134799,,7.689440919989672,,4.282652823674506,,3.153030629708426
LT_771,4,fold4,0,,0.00041207454581991716,,6.446169985688488,,4.15445504168753,,3.0856647628497202,,7.6472574664291715,,4.299453205706654,,3.2712286916851516
LT_782,4,fold4,0,,0.00040915682665369074,,6.894860939344702,,4.228504523210346,,3.27738407169144,,8.628866951424241,,5.224671231839146,,4.15932540217591
LT_795,4,fold4,0,,0.0004103409298077086,,6.803492528986831,,4.316567518015588,,3.292775618980397,,8.36334404893648,,5.410353767741484,,4.282301116475614
LT_807,4,fold4,0,,0.000410194404366496,,6.970439273636974,,4.283842855720268,,3.302130688418547,,8.416542476219048,,5.417565215212784,,4.403172735157604
LT_809,4,fold4,0,,0.0004134795128427401,,6.209719940703236,,3.8926859080002063,,3.087801268985216,,8.424596443142178,,4.845972871048723,,3.7628459044428166
LT_814,4,fold4,0,,0.0004168357386788602,,6.61606352898289,,3.9711179594534802,,3.1170778602373823,,8.745491205651438,,5.035544321324126,,4.03197445746004
LT_822,4,fold4,0,,0.0004176948580618643,,6.637008163077119,,2.9532365349045167,,2.4415270274445486,,8.66420033846634,,4.822141627573661,,3.73525637175313
LT_826,4,fold4,0,,0.0004115290193643546,,6.785348040678209,,4.623791015877509,,3.427083622582257,,8.117176701193628,,5.558701354166557,,4.305629045127099
LT_827,4,fold4,0,,0.0004177478266556012,,7.0879299168695065,,3.0650700789357055,,2.4871154899287498,,9.154446803397256,,4.998856815004747,,3.8729999472215266
LT_828,4,fold4,0,,0.000417514677085222,,6.064649581359984,,2.3912957964794,,1.9816236766300526,,7.830955839263478,,3.123330264986238,,2.438766362748881
LT_846,4,fold4,0,,0.00040969316829604467,,6.549483279406932,,2.6437568882745346,,2.133038801973656,,8.863388731596983,,4.252381924131269,,3.2745370658597968
LT_847,4,fold4,0,,0.0004110909836785234,,6.423424502540181,,3.834846949893529,,3.010396720435758,,7.768819362080818,,4.5768636257271105,,3.578325703879542
LT_848,4,fold4,0,,0.0004111323663407041,,6.9236278866612295,,4.574644159110046,,3.4415962772395914,,8.294114423659794,,5.589452914922005,,4.4567741547917885
LT_849,4,fold4,0,,0.0004182608593662259,,6.404756081822637,,4.103752020779164,,3.1497109889380663,,7.813407310287447,,4.520132214131101,,3.402776782421976
LT_850,4,fold4,0,,0.000409777563150358,,6.5286582224664675,,4.114047692892837,,3.076554470026685,,7.7527677548463245,,4.748803980399702,,3.6139603846357162
LT_855,4,fold4,0,,0.00040978369516069847,,6.607331890821707,,2.366707108710035,,1.9969363531272866,,8.061701437493534,,3.6857354097685504,,2.8330072831521638
LT_858,4,fold4,0,,0.00041203547969964616,,6.530875066083226,,2.7813357137669197,,2.21294016039986,,8.11685110237686,,4.05110303232306,,3.2314545610580505
LT_859,4,fold4,0,,0.00041109080018946614,,6.320884355782365,,2.456314811442678,,2.040982927547303,,7.851387170663976,,3.324933479425822,,2.486705170565352
LT_861,4,fold4,0,,0.00041100344350963706,,6.5051353124081235,,3.835935178272893,,2.8925312219582966,,8.078946044503642,,4.252713561393094,,3.17275418347983
LT_864,4,fold4,0,,0.00041190602984224854,,6.685543653757253,,2.926368034816207,,2.3079585034972108,,8.314822458935279,,4.181803778293523,,3.2920439187667734
LT_882,4,fold4,0,,0.00040835091392162765,,6.782492102670471,,3.0111659512311846,,2.4377588520689075,,8.894186125766286,,4.821152281291092,,3.650275018993159
LT_914,4,fold4,0,,0.00040910428203755,,6.655984183653601,,4.490883526896138,,3.334988554890355,,8.59141855405919,,5.5830499829255915,,4.486156258066071
LT_93,4,fold4,0,,0.0004359413287845018,,5.7361545108881025,,2.1105057949097574,,1.755771299417682,,9.333533792851641,,4.2715685145580125,,3.235337324075639
LT_943,4,fold4,0,,0.0004173786568610373,,6.567154256116535,,2.592206016289722,,2.1393110098933175,,8.125746526300878,,3.7988696773303428,,2.9531800191807274
LT_945,4,fold4,0,,0.00041697684810356947,,6.651109570097662,,4.241763547260069,,3.217322580793873,,7.947931634483001,,4.7704266225144,,3.825549456128803
LT_95,4,fold4,0,,0.00043639943521800277,,5.4098709905512905,,2.1130133761994183,,1.6985825084733928,,9.32900064162186,,4.088125960283609,,3.1595255978995267
LT_953,4,fold4,0,,0.0004260178247847239,,6.168416074439704,,2.6349506368985063,,2.0673502021405263,,8.657655938363117,,4.3535912888887305,,3.4941392364977775
LT_958,4,fold4,0,,0.0004209771054210325,,6.198654963838651,,2.58820111927028,,2.181873448532843,,7.816989261870454,,3.363142226451412,,2.6645583118726215
LT_960,4,fold4,0,,0.0004216525581274954,,6.723981716133162,,2.6312668895723745,,2.091267893750754,,8.615989751460184,,3.922830756215829,,3.0530351871224233
LT_961,4,fold4,0,,0.0004243511171945942,,6.206291237766203,,2.3452564466365127,,1.8907200584657249,,8.342517250896217,,3.881494682881025,,2.8851032825381493
LT_963,4,fold4,0,,0.00041746561098963443,,6.053176349850112,,2.3353046735173,,1.9045885753362721,,7.943685551407098,,3.1686355795798873,,2.430315178762037
LT_964,4,fold4,0,,0.00041237795957817756,,6.423845174668772,,4.067440026973907,,3.128812951420505,,8.300628589862011,,4.923798111896934,,3.7824848351218123
LT_970,4,fold4,0,,0.00042395543193244137,,6.212086471990796,,3.9927004880156076,,3.047785584136102,,8.21307574234991,,4.811536615800475,,3.655041190565886
LT_971,4,fold4,0,,0.00041383941600219715,,6.24002590704587,,2.4184099673579667,,1.9908644936639952,,8.057301651649853,,3.1793760993628997,,2.390271326235328
LT_975,4,fold4,0,,0.00042095111020303694,,6.174446360658423,,2.622147536339306,,2.0763754640373695,,8.641604955322773,,4.40404341853123,,3.4538663124349327
LT_976,4,fold4,0,,0.0004138927093053201,,6.15960658819175,,2.630090915631885,,2.089281627916606,,8.533333441567938,,4.320304708032162,,3.3456195930280783
LT_977,4,fold4,0,,0.000418469604286922,,5.9953837525552425,,2.320245501236373,,1.9177366520311865,,8.200603548825244,,3.2506792329132566,,2.5239979565328285
LT_978,4,fold4,0,,0.0004257651630219187,,5.962621671872359,,2.3855735535863687,,1.9611383332368484,,7.7397166077309345,,3.3918391527416545,,2.609085400824846
LT_979,4,fold4,0,,0.0004113607885058903,,6.446178367956324,,2.7139711883483875,,2.145853715749403,,8.478181405436679,,4.446820718129013,,3.3735142593636933
LT_98,4,fold4,0,,0.0004194815790265916,,5.733778390866853,,2.15141799001024,,1.7720946246606617,,8.315855496942785,,3.86630999957867,,2.976702907411212
LT_984,4,fold4,0,,0.0004219392835037965,,6.105139628453338,,2.5448887284926074,,2.0450971155589284,,8.674393296195259,,4.344505147207282,,3.3933500214902272
LT_99,4,fold4,0,,0.00043149704943118254,,6.054538771147004,,2.2467310384944774,,1.826664949603159,,8.742975332887191,,4.0206750183361954,,3.085143307562511
LT_994,4,fold4,0,,0.00041774905462893877,,6.429991639517626,,2.518271462522636,,2.0156804402448785,,8.505611105694488,,3.9106345689992184,,3.0104512630234788
PCL_32695,4,fold4,0,,0.0004338792889002942,,5.876195004983155,,4.2085278351346735,,3.2716835235156525,,8.804119853280662,,5.400747950558242,,4.342423756582131
PCL_32742,4,fold4,0,,0.00041930348292896526,,5.708790002500366,,4.241656479696214,,3.3379650133473118,,8.445191347273882,,5.680348459619906,,4.71826606485168
PCL_32745,4,fold4,0,,0.00041959564415628564,,6.257788688906806,,4.06783321652116,,3.2174889074208566,,7.772495943229571,,4.773738555110185,,4.0101438347582254
PCL_32759,4,fold4,0,,0.00042634830748956333,,5.90959177794259,,4.202002582678373,,3.404175786070135,,7.901689212917999,,5.372407291208196,,4.494877012835278
PCL_PCL0194,4,fold4,0,,0.0004139781969423866,,6.012463309826886,,3.790567382312118,,2.9041007360366855,,8.211713106815541,,4.700654312749847,,3.8859427977513605
PCL_PCL0197,4,fold4,0,,0.0004005014703256059,,6.3826965412933445,,4.270353229223154,,3.22470179141273,,8.516737022875246,,5.262200829474586,,4.076592327573587
PCL_PCL0199,4,fold4,0,,0.0004035285608070434,,6.203500360209874,,4.149493881221114,,3.2566567755262392,,8.514491390470472,,5.325700121158361,,4.187932368029931
PCL_PCL0203,4,fold4,0,,0.0004092660371471796,,6.408315517014724,,4.17724474124669,,3.1255185718098977,,8.325545370931307,,4.986504765438884,,3.8975878059190214
PCL_PCL0204,4,fold4,0,,0.0004053838771827904,,5.711039200837114,,4.131018780339767,,3.1570263643707612,,8.308604622773288,,5.258852732743698,,4.337130766614882
PCL_PCL0206,4,fold4,0,,0.0004123597385841983,,6.467629505151226,,4.129732776178649,,3.065754902971829,,8.182444283452762,,4.933279254384346,,3.8184780834968937
PCL_PCL0207,4,fold4,0,,0.0004139566064520223,,6.744475645177868,,4.285736868610161,,3.266546543901104,,8.297915281009098,,5.113159510478437,,4.197133133799123
PCL_PCL0208,4,fold4,0,,0.0004020722660682246,,6.138723047638891,,4.333140229151328,,3.3651341716360976,,8.039664670751915,,5.628919595657495,,4.568385365215658
PCL_PCL0211,4,fold4,0,,0.0004098645528933763,,6.681497355308519,,4.104410998822663,,3.1727590641769816,,7.48073576993973,,4.6809960128016135,,3.705707458391626
PCL_PCL0212,4,fold4,0,,0.00040215050800931733,,5.852407933287167,,3.9928684985988867,,3.010688239039657,,7.460497083090377,,4.383434531845804,,3.417383843416157
PCL_PCL0220,4,fold4,0,,0.00040619309729488136,,5.735555045961894,,4.2258308474138335,,3.0614002894173,,7.669059603600978,,4.850567441106791,,3.76531048659738
PCL_PCL0225,4,fold4,0,,0.0004207858015605366,,5.601271213134652,,4.13637584885261,,3.3391239017601753,,7.690953541743941,,5.316622086935085,,4.41244762756207
PCL_PCL0226,4,fold4,0,,0.00043080336183424703,,5.602119946843823,,4.1071629788625375,,3.23127478523511,,8.603236810835805,,5.137659842387015,,3.99041036222856
PCL_PCL0227,4,fold4,0,,0.00042335215436809133,,5.833141160360252,,3.896145011762086,,3.002326785909401,,8.172463312802597,,4.7956191766414475,,3.5983675746695436
PCL_PCL0229,4,fold4,0,,0.00043437622013255996,,5.373489236739439,,3.6607333089550558,,2.899434089111204,,7.537852477449535,,4.430388307192902,,3.4480195460760603
PCL_PCL0230,4,fold4,0,,0.0004166132643313933,,6.324189635706191,,4.245394476400322,,3.184046997926522,,8.851521948831893,,5.712506688275164,,4.416246807584414
PCL_PCL0231,4,fold4,0,,0.0004152208895103499,,6.578816411780216,,4.054825738358765,,3.069928291934406,,8.765024701380362,,5.238641898395632,,4.0137299946603555
PCL_PCL0232,4,fold4,0,,0.00041552426218005936,,6.453873358435405,,4.135098162546151,,3.170557204518696,,8.567842786328674,,5.371301749349134,,4.012969233698613
PCL_PCL0233,4,fold4,0,,0.000417462070489252,,6.653176011244634,,4.230991536973937,,3.18333249085918,,8.815588212427821,,5.644233903583935,,4.316935138638836
PCL_PCL0234,4,fold4,0,,0.00042380864270311763,,5.861073282878607,,4.301076604109273,,3.39292660740846,,8.063787681816084,,5.706460336464297,,4.640419810566568
PCL_PCL0235,4,fold4,0,,0.000418534650555984,,5.836189725181111,,4.346261965703841,,3.4875515136370296,,8.048210523627494,,6.001918813173635,,4.8457539176358395
PCL_PCL0236,4,fold4,0,,0.0004171072539889357,,6.300660593669965,,4.337251482298837,,3.4237733339679695,,8.230487119431386,,5.7779414028045935,,4.783532089280356
PCL_PCL0237,4,fold4,0,,0.00041759154664680435,,6.090542672631157,,4.099834496736867,,3.206172354375772,,8.275916415979783,,5.406611333618882,,4.188602298019945
PCL_PCL0238,4,fold4,0,,0.00041669766192070634,,6.292753816322491,,3.8842479154665885,,3.064747290901272,,8.050757900221672,,4.866322844465189,,3.677481676077114
PCL_PCL0239,4,fold4,0,,0.00043065512715232367,,5.880606902344797,,4.248638218502068,,3.303353219180052,,7.9873233873720615,,5.694465484645537,,4.57275338665467
PCL_PCL0240,4,fold4,0,,0.00042463713145071344,,5.389533283357422,,3.998319551308762,,3.0963864981843443,,8.306698753247117,,5.247741402243362,,4.15697812115432
PCL_PCL0241,4,fold4,0,,0.00042148806389099257,,5.866792929067411,,4.000502543279231,,3.1432919340938588,,8.833231761762253,,5.318290989283182,,4.562010507444298
PCL_PCL0243,4,fold4,0,,0.0004229059959312831,,5.308329618374183,,4.1364240349133325,,3.2998114673028773,,7.502590878880851,,5.222902811857357,,4.166687985272998
PCL_PCL0244,4,fold4,0,,0.00042414598866392407,,5.335150229040723,,4.099743288289694,,3.241288417717335,,7.7117112951793425,,5.398003238029767,,4.348726544680915
PCL_PCL0248,4,fold4,0,,0.00041594904352112126,,6.8500863283756805,,4.202006453887546,,3.2672406595232153,,9.381300374847505,,5.748123810524183,,4.271846415107443
PCL_PCL0249,4,fold4,0,,0.00041388397763825885,,6.4857655231726525,,4.257590110402985,,3.3178912737366986,,8.533765666791382,,5.412776996518908,,4.31639961225997
PCL_PCL0270,4,fold4,0,,0.00041649693616688417,,6.243130270934979,,4.081064322002393,,3.2156012193482133,,7.996398683754316,,4.901704402514594,,3.817441247041311
PCL_PCL0271,4,fold4,0,,0.00041611543953344425,,5.958984434750933,,4.040488766315771,,3.0336456702590278,,7.513220947316486,,5.130271545590918,,4.039133231934079
PCL_PCL0272,4,fold4,0,,0.000415549274319877,,5.673125565127061,,3.9867353159597116,,3.045777277823646,,8.368572140303206,,5.29019679782018,,4.2675051016046845
PCL_PCL0273,4,fold4,0,,0.00041896534961485647,,6.18983908535195,,4.157923394831474,,3.1059856853426684,,8.466941659658508,,5.371727933226468,,4.213922307392762
PCL_PCL0274,4,fold4,0,,0.000413564612851575,,6.56818912090747,,4.1982488393062045,,3.1319312586603276,,8.593507083194432,,5.31952163634562,,4.1616770949598125
PCL_PCL0275,4,fold4,0,,0.00041634462007611797,,6.428737707238462,,3.9176594808232528,,3.0495547444202353,,8.62051379961116,,4.930846004862963,,3.8308116739354863
PCL_PCL0276,4,fold4,0,,0.00042091753591330834,,6.017406459946522,,4.080582048997105,,3.224853287844582,,8.031209585831933,,5.243619730732914,,4.031384855333326
PCL_PCL0277,4,fold4,0,,0.00041099361054588307,,6.376241818149586,,4.003598070566662,,3.0877588707154735,,8.15014474108214,,4.668004719153563,,3.805072273405655
PCL_PCL0278,4,fold4,0,,0.0004134096540079138,,6.218333825368891,,4.26709323127036,,3.2524204417307017,,9.44532141094113,,5.640263662090049,,4.633579691065431
PCL_PCL0279,4,fold4,0,,0.0004214129177527136,,6.309428338062298,,4.368379647965493,,3.4707769074425117,,8.324350586993695,,5.5076963569085144,,4.473925534804717
PCL_PCL0280,4,fold4,0,,0.00042371834843038005,,6.383430489626233,,4.152514533114267,,3.131255212540869,,8.326576482466917,,5.2844499946597825,,4.022740886539876
PCL_PCL0281,4,fold4,0,,0.00042382098782468847,,6.340472929142277,,4.26289999838442,,3.377854859701122,,8.34437469817448,,5.6296172087646905,,4.590391511181126
PCL_PCL0282,4,fold4,0,,0.00041617202292576656,,5.543466078170389,,3.8319129238552776,,3.005600872986626,,8.57012562775762,,5.11450679017336,,4.017980675726064
PCL_PCL0284,4,fold4,0,,0.00042929475773913553,,5.7806547928790195,,4.151955703538759,,3.2479499909726943,,8.332868814822483,,5.6061366324030235,,4.459576662393951
PCL_PCL0285,4,fold4,0,,0.0004205223512459399,,5.816542377386191,,4.0870433238541946,,3.339756368391656,,8.22963625603374,,5.495736798924097,,4.660196820905671
PCL_PCL0286,4,fold4,0,,0.0004149107609208221,,6.200552574678911,,3.962926741328604,,3.02459629895695,,8.493832293944854,,4.892271272199116,,3.8243040240480988
PCL_PCL0287,4,fold4,0,,0.00041325304900523274,,5.8347251342504,,3.9632254849526944,,2.9821589347891306,,8.094411713386016,,5.219252801590475,,4.109695021831007
PCL_PCL0288,4,fold4,0,,0.0004156703044788223,,6.485309047722072,,4.190299972933735,,3.088988857031882,,8.80642352678259,,5.334498793852419,,4.053009220163908
PCL_PCL0328,4,fold4,0,,0.00040879668684809696,,6.256231746427548,,2.9098060622936734,,2.23067617673131,,8.06868168223551,,3.8910785761166604,,3.0844010838083014
PCL_PCL0332,4,fold4,0,,0.0004147870019564157,,6.193722014598801,,2.957056499852395,,2.3544286800900265,,7.745488480255635,,3.6279600950827473,,2.916272318942624
PCL_PCL0333,4,fold4,0,,0.0004138045041126009,,5.636798209724709,,2.847023888587389,,2.151179079926483,,8.33712097056234,,3.5280640291790593,,2.7386269443007536
PCL_PCL0334,4,fold4,0,,0.0004151105943801178,,5.519178170647697,,2.329503692292013,,1.8481376911643619,,8.036279698148308,,2.999006150335872,,2.2805372251545046
PCL_PCL0335,4,fold4,0,,0.00040797451727941914,,5.854315897687699,,2.5072584839623833,,1.8601005053910526,,7.800456000403664,,3.387401861703019,,2.5165542739615887
PCL_PCL0336,4,fold4,0,,0.00040529058546794755,,5.564266561266606,,2.617180059337752,,2.065062672271115,,8.373093814890652,,3.870326852433023,,3.022930571878915
PCL_PCL0337,4,fold4,0,,0.0004106325084934255,,6.061365322564284,,2.4731262288198064,,1.8967424463775737,,7.781783365291121,,3.4084302842158674,,2.6880417364223157
PCL_PCL0338,4,fold4,0,,0.00040514526434320096,,6.217481858015045,,2.593877982347845,,1.9789878542676584,,8.253003480126402,,3.701418271763689,,2.7890433786923645
PCL_PCL0339,4,fold4,0,,0.0004061693976408487,,5.376573878653677,,2.254130496608096,,1.7125847866816473,,8.142039542658981,,2.9933953256950283,,2.2244423081939773
PCL_PCL0341,4,fold4,0,,0.0004054357111890252,,4.933731383699645,,1.9855733163561047,,1.6180034749216616,,7.909111734544949,,2.794648025723587,,2.096039664518389
PCL_PCL0344,4,fold4,0,,0.00040492783128590407,,4.921396085209864,,2.0667440967200585,,1.6229666976404789,,7.659620514165828,,2.750783053147814,,2.078931012730658
PCL_PCL0345,4,fold4,0,,0.00040927840694780435,,5.633949480248767,,3.043654338007762,,2.4053968367559313,,7.229208079311683,,3.782661798041581,,3.1131596255739855
PCL_PCL0346,4,fold4,0,,0.0004038197090696742,,5.756087357512762,,2.1224605795284077,,1.7497908080709752,,7.891383258059798,,3.5594491472820966,,2.740620380564259
PCL_PCL0405,4,fold4,0,,0.00042371375539009513,,5.842735692582067,,2.7294851293868234,,2.2840852422111864,,7.843940501004529,,3.4288288469150685,,2.634017116141591
PCL_PCL0406,4,fold4,0,,0.0004313969872036631,,5.187702521473022,,2.5511926731052825,,2.0062744138498294,,8.231265425383686,,4.24022130427627,,3.233139575556376
PCL_PCL0407,4,fold4,0,,0.0004312334029806901,,5.015148541295616,,2.4402708018424493,,2.0457626597273286,,7.887134246439342,,4.356761387638166,,3.236743667298554
PCL_PCL0408,4,fold4,0,,0.00042693968426382907,,6.008161505608562,,3.114521796524256,,2.466322626424419,,8.612947788054305,,5.032359747975187,,3.9564030511072055
PCL_PCL0409,4,fold4,0,,0.00042291835063491996,,5.856880244507821,,3.0224335786972603,,2.384439762851695,,8.10259255355526,,5.13747256109315,,3.9921442737652963
PCL_PCL0410,4,fold4,0,,0.0004038502897526549,,6.029955306064985,,2.556888508726606,,2.0270465217434297,,8.47228989438989,,3.8997407531282384,,3.0703119126799283
PCL_PCL0423,4,fold4,0,,0.0004329781246090632,,5.081332498472496,,2.0393975632390013,,1.700588587388807,,7.884011666151294,,2.969710909241292,,2.262644100768989
PCL_PCL0424,4,fold4,0,,0.00043363591483815134,,5.495487244329731,,2.5617209633232356,,1.9980921334849773,,7.68554017654269,,4.278178053106528,,3.2047976493027726
PCL_PCL0425,4,fold4,0,,0.0004306455616945176,,5.408261361011858,,2.74623470660381,,2.154921616629361,,7.87308970191996,,4.579267295994345,,3.6435771021414127
PCL_PCL0426,4,fold4,0,,0.000420336918464128,,5.8905799091512465,,2.2944986004315426,,1.897223131065096,,8.62323666885762,,3.8896579965444125,,2.952607415952617
PCL_PCL0427,4,fold4,0,,0.00041995228911298303,,6.365624295407979,,2.702292439265508,,2.0889197232827046,,8.592847945914405,,4.332141101857482,,3.246420654937547
PCL_PCL0428,4,fold4,0,,0.00043219550354225804,,5.850959423439282,,2.429393809486619,,1.9427608411273534,,7.620642805356307,,4.022832202576319,,3.047816637313777
PCL_PCL0429,4,fold4,0,,0.00043089736928089185,,5.768901751663942,,2.5126261675850383,,2.018590672827801,,7.99873566216227,,3.521762843987735,,2.5530955501900823
PCL_PCL0473,4,fold4,0,,0.00042050146462195744,,5.630015514018942,,4.113064425655576,,3.202885694829488,,8.532150934028872,,5.183807927825046,,4.373698502883187
PCL_PCL0474,4,fold4,0,,0.00040839545320641227,,6.259404225867095,,4.2060203893228305,,3.234762920011584,,7.992794167983089,,4.010332875123439,,3.174598656481329
PCL_PCL0475,4,fold4,0,,0.00042164981592613705,,6.410324933965631,,4.437794821597332,,3.382650612352882,,8.341019750163795,,5.156721965225974,,4.031476470285696
PCL_PCL0476,4,fold4,0,,0.0004328104465044138,,5.94893294882383,,4.3594173129716145,,3.315527553213022,,8.007890843028006,,4.795174816948415,,3.815326440963538
PCL_PCL0477,4,fold4,0,,0.00041206828308411846,,7.128637675747218,,4.7167088869348595,,3.593294154541689,,8.681941626588236,,5.818158158720048,,4.575203298253012
PCL_PCL0478,4,fold4,0,,0.000411534197596675,,6.547099064827269,,4.254357775179543,,3.3291147617233285,,7.927531330996603,,4.724675161044185,,3.795143505995872
PCL_PCL0479,4,fold4,0,,0.00041125878106501763,,6.825473966453178,,4.3309907742298925,,3.338529434100841,,8.227945043100826,,4.761582244816295,,3.8238825143925306
PCL_PCL0480,4,fold4,0,,0.00042496741365281,,5.797170778840431,,3.756053468719751,,2.969995590593698,,7.499741743083891,,3.885517815317263,,2.9316445025396054
PCL_PCL0481,4,fold4,0,,0.00042456026054216514,,6.362440120828088,,4.073764136054063,,3.141615218287745,,7.788827831470104,,4.621255871119014,,3.5350993484779676
PCL_PCL0482,4,fold4,0,,0.00042458576762276906,,6.302346193352025,,4.487061529915555,,3.2677310189792568,,7.9345456901248586,,4.548781772306723,,3.6365508474375394
PCL_PCL0483,4,fold4,0,,0.00042648335435681653,,6.5959256185491055,,4.215185734718859,,3.2003328919629825,,7.631872716988965,,4.309754456762877,,3.4042966494137623
PCL_PCL0484,4,fold4,0,,0.00043087592515202514,,6.572782533634353,,4.337457682358799,,3.3748152541878045,,8.336418643847155,,4.83676045780906,,3.742590538189396
PCL_PCL0485,4,fold4,0,,0.0004304629450217808,,6.07355007867104,,4.212639310789468,,3.385248846447147,,7.992522536722786,,5.2774951899580556,,4.31473144390666
PCL_PCL0486,4,fold4,0,,0.0004358306298714379,,5.448899305619959,,4.288495997784558,,3.257804903458535,,7.608087926976541,,4.822682155698774,,3.7713041024358134
PCL_PCL0487,4,fold4,0,,0.0004181095179770812,,5.500050622695854,,4.022813280469389,,3.201166587418396,,8.130087944728176,,4.566309629790865,,3.575148622087798
PCL_PCL0488,4,fold4,0,,0.00042004605714611627,,6.2506505996940716,,4.3097437031157595,,3.1680548180480685,,7.837151588091596,,4.2437518154856635,,3.2036958808816185
PCL_PCL0489,4,fold4,0,,0.0004240417266271699,,6.1892167215757175,,4.273284950719099,,3.2274377899850926,,8.060067388208179,,4.589491846421921,,3.575659186295794
PCL_PCL0490,4,fold4,0,,0.00041756255952735306,,6.1539625439150205,,4.379952568276339,,3.2310119454068986,,7.708447770753349,,4.723726303187424,,3.569240685061761
PCL_PCL0491,4,fold4,0,,0.00041181993941935904,,6.44876605632643,,4.586277409138434,,3.5448911839727137,,9.05987410700518,,5.917785837077503,,4.864705566533251
PCL_PCL0492,4,fold4,0,,0.00043147641847682966,,5.615636354961652,,4.190336476156591,,3.1055292129699565,,8.249795885781472,,4.668434914357614,,3.6107748967718463
PCL_PCL0493,4,fold4,0,,0.00042785400083326236,,5.635230958842469,,4.2432466736876835,,3.2258528996317968,,7.957838899340956,,4.402502609792407,,3.4886519451650506
PCL_PCL0494,4,fold4,0,,0.00043548220960356807,,5.419834739188521,,4.118535149759851,,3.1320874222986173,,8.144878678665343,,4.8268291237889756,,3.864206550553103
PCL_PCL0495,4,fold4,0,,0.0004289016035538516,,6.42138554202733,,4.484442527525123,,3.427811905917343,,7.52642303370128,,4.854095645960447,,3.9793002838929836
PCL_PCL0496,4,fold4,0,,0.0004144787204061976,,5.871972280914814,,4.14407128125239,,3.0924162637917094,,7.732020461563264,,4.422908665044035,,3.4186771216564042
PCL_PCL0497,4,fold4,0,,0.0004286375914751405,,5.675006179789598,,4.109138332989174,,3.323483649625435,,7.560729035937677,,4.819385183728235,,3.93220180397657
PCL_PCL0498,4,fold4,0,,0.00041496766155473333,,5.6991489480167115,,4.001540298105223,,3.2439390390549434,,7.896574039987027,,4.516365644086756,,3.6148712999084416
PCL_PCL0499,4,fold4,0,,0.00042495705231037836,,5.939924559531637,,4.079626033949014,,3.2281519763502513,,7.595813919007924,,4.966245853585171,,4.042975129969443
PCL_PCL0500,4,fold4,0,,0.00041163465742883633,,7.423468757504757,,4.830668881267072,,3.6178697854300346,,9.791138276497259,,6.154952413685932,,4.862886951609453
PCL_PCL0501,4,fold4,0,,0.00040170160822993947,,7.271565566537326,,4.819190003194094,,3.5997437879663177,,9.530672007732871,,6.118200387278226,,4.833691882844819
PCL_PCL0502,4,fold4,0,,0.00041157786457467205,,6.244452340670215,,4.31451756485097,,3.4371812354374667,,8.058266642105123,,5.2706636106206055,,4.345870807561226
PCL_PCL0503,4,fold4,0,,0.00040739380575418455,,7.192404681695378,,4.416636338724795,,3.3543917790143634,,9.711192628448549,,5.632373798825976,,4.6708148777172935
PCL_PCL0504,4,fold4,0,,0.0004364525927012062,,5.097338460467803,,3.66808962551806,,2.8158572249507756,,8.085481490424204,,4.625610748406362,,3.5167554644411254
PCL_PCL0505,4,fold4,0,,0.0004019088373690763,,6.786940250079812,,4.4249237743475005,,3.3749789852439265,,9.291126447582117,,5.759777487149435,,4.8193869038973585
PCL_PCL0506,4,fold4,0,,0.0004159015164118974,,6.450360347472124,,4.0498190352971974,,3.0789334413491414,,8.437028346813573,,4.963952999875601,,3.7657166225759116
PCL_PCL0507,4,fold4,0,,0.000408165286455436,,6.521443253903033,,4.062488545255781,,3.140290206960536,,8.155517566665365,,4.8718089967939715,,3.8835862159341845
PCL_PCL0508,4,fold4,0,,0.0004040786557083058,,5.880018978081873,,4.6233330489347715,,3.5519273196180725,,9.214235391549312,,6.1853699561780795,,5.025158051727881
PCL_PCL0509,4,fold4,0,,0.00041779928471559827,,6.551981348602404,,4.717755922218428,,3.564335077241349,,8.576046525158585,,5.889513931001321,,4.730444273092598
PCL_PCL0510,4,fold4,0,,0.0004228206035754526,,6.318266394914558,,4.236335571823416,,3.3749188707328677,,8.071079529728072,,4.868977896743838,,3.8659381040164065
PCL_PCL0511,4,fold4,0,,0.0004137734922253396,,5.89792710089891,,4.354868275030305,,3.355073969529509,,8.009864502109105,,4.4685747881453315,,3.5883949737715737
PCL_PCL0512,4,fold4,0,,0.00042059540946313805,,6.842189493008472,,4.621234250525285,,3.3900769817916983,,8.200806029617693,,5.373030643690121,,4.166940483279443
PCL_PCL0513,4,fold4,0,,0.00040436073361900006,,5.877253221920948,,4.294049525328681,,3.3987853426817236,,8.306383675241676,,5.651655857718721,,4.745891228638413
PCL_PCL0514,4,fold4,0,,0.00040164394209324036,,6.3335623677545785,,4.216557265447645,,3.317652376265009,,8.078277104823568,,5.074319123387815,,4.3915350129445265
PCL_PCL0515,4,fold4,0,,0.0004015310099665919,,6.783949302007411,,4.968471839071919,,3.574698138081245,,8.813170384615667,,6.265483324883367,,4.963129691902709
PCL_PCL0516,4,fold4,0,,0.0004011450336800955,,7.3431327608400485,,4.920720500489726,,3.517466745140694,,9.908026707059513,,6.202857954160751,,4.9959173184995125
PCL_PCL0517,4,fold4,0,,0.00040226406793191644,,7.678977722727636,,4.672296195917059,,3.5774521450761565,,10.395709050632721,,5.75726988240525,,4.801688426586926
PCL_PCL0518,4,fold4,0,,0.00043114395791112904,,6.452656833990785,,4.397698661325361,,3.5060851470136916,,9.310530983634859,,6.12474812885462,,5.204451524837928
PCL_PCL0519,4,fold4,0,,0.00040399382252368984,,6.866206967716721,,4.728874262215342,,3.7296350309632653,,8.568233800741279,,5.982034968789812,,5.1098909388872995
PCL_PCL0550,4,fold4,0,,0.00040557352838336246,,5.501810223064856,,3.921064115429076,,3.007754193723541,,7.849469852056112,,4.449437402289987,,3.3929465816580144
PCL_PCL0551,4,fold4,0,,0.00041944445083196176,,5.9673626483380335,,4.12976841786086,,3.211554404096828,,7.8279788621195205,,4.9482871615905415,,3.8711765958476803
PCL_PCL0552,4,fold4,0,,0.0004101845723996408,,5.989731659265869,,4.257326783140348,,3.2340012229392006,,8.246454427519698,,5.152921548226638,,4.206549220309797
PCL_PCL0580,4,fold4,0,,0.00040260602191776775,,6.885224460164861,,2.878994942520684,,2.245311108887344,,10.852400936931858,,5.040571403895966,,3.8912939927586936
PCL_PCL0582,4,fold4,0,,0.00040423494468932314,,6.361408965003096,,2.8937571437132226,,2.177424057920041,,8.151513821703222,,4.0654960277226095,,3.3123951847133415
PCL_PCL0585,4,fold4,0,,0.0004123736745975746,,6.852995689341248,,3.0371042486087485,,2.387726973049325,,10.133641888021472,,5.301183587133626,,4.102982010675992
PCL_PCL0590,4,fold4,0,,0.00040897386503990427,,5.74979099568081,,2.4096950163770425,,1.938321240777619,,8.956619301885217,,4.3095005056660165,,3.282987931991022
PCL_PCL0594,4,fold4,0,,0.0004313971270157521,,5.478521145522979,,2.782934264384741,,2.228490354807468,,8.169442533374559,,4.490563286703257,,3.3404702124507613
PCL_PCL0595,4,fold4,0,,0.00040191752814713357,,5.9663859606556775,,2.539347710101977,,2.061238052759347,,8.485881498492232,,3.648842354844466,,2.8993651477030467
PCL_PCL0603,4,fold4,0,,0.00040423416653136493,,5.465835117965016,,2.5537902137534862,,2.002432738316306,,8.801294723406253,,3.938183315431728,,2.965812335941058
PCL_PCL0605,4,fold4,0,,0.0004028548106685542,,6.736238027876768,,2.864547196021254,,2.187031496392991,,10.791458965436652,,5.248400705884126,,3.9021135149688426
PCL_PCL0607,4,fold4,0,,0.0004013454933132852,,5.809821217579684,,2.710449495130816,,2.1185515187604245,,8.516243127460667,,4.208081930886418,,3.287932239469343
PCL_PCL0619,4,fold4,0,,0.0004040660705416227,,6.073297617840318,,2.3554569407727515,,1.8731106667991704,,8.364469032265577,,3.7355623168143812,,2.904438336360998
PCL_PCL0624,4,fold4,0,,0.00040130263948776057,,6.021583214004801,,2.291029264188861,,1.848940621363126,,8.329547007200272,,3.5461070750283588,,2.775747704143693
PCL_PCL0625,4,fold4,0,,0.0004019024174007728,,6.431868420144935,,2.3158395107206715,,1.7967425275112057,,9.920974058033401,,3.949069212003411,,3.00656872068326
PCL_PCL0641,4,fold4,0,,0.0004017899351806912,,6.496872874784125,,2.7993371634481528,,2.1706995543468435,,9.2948843072794,,4.78817029748383,,3.6750862955617567
PCL_PCL0649,4,fold4,0,,0.0004029874676373356,,6.011981309095031,,2.9028800451155363,,2.1465556189370467,,8.574711701639481,,4.28568882228916,,3.303673103515402
PCL_PCL0662,4,fold4,0,,0.0004013683950795932,,6.173582865327532,,2.1820953944720043,,1.726441695317616,,8.510409978605834,,3.0730520046871383,,2.2532060401862752
PCL_PCL0664,4,fold4,0,,0.0004344677033077792,,5.298742439852986,,3.6200810943673956,,2.895055321817444,,7.581184286390111,,4.460297521277686,,3.521835647718847
PCL_PCL0676,4,fold4,0,,0.0004331784077135827,,5.818914118323529,,2.663737944201612,,2.1365740861481117,,8.122001563421602,,4.305059099683161,,3.2004632030085953
PCL_PCL0680,4,fold4,0,,0.0004016775261318495,,7.113339617831444,,3.116767253454494,,2.475899253382947,,9.613611941270658,,5.176722036618996,,4.026324943111551
PCL_PCL0681,4,fold4,0,,0.00041076053429099646,,6.0072640146654175,,2.656993293254575,,2.096243692591891,,8.748029882000004,,4.368378891252033,,3.2770042151673495
PCL_PCL0683,4,fold4,0,,0.0004127289710041202,,5.770209281938127,,2.5069850986185176,,1.9463781191148022,,8.147938017124332,,3.93109727331251,,3.1174295541403425
PCL_PCL0685,4,fold4,0,,0.00042309187679580133,,5.432585214086,,2.5253220111627432,,2.0351350181735293,,8.497191055991498,,4.379472801214767,,3.242486580374267
PCL_PCL0686,4,fold4,0,,0.0004247457906268459,,6.030403393984242,,2.7149814781847637,,2.1353322348938004,,8.100877356831255,,4.242379960210031,,3.1417060662716945
PCL_PCL0689,4,fold4,0,,0.00042608712275071445,,6.042985555768388,,2.6029203209265015,,2.0726984709015657,,8.435736288484154,,3.5635437967913317,,2.6863717044151247
PCL_PCL0690,4,fold4,0,,0.00042352783497883427,,6.236748560001874,,2.949296029888738,,2.2636402733140577,,8.678411042385827,,4.629098719644049,,3.5386006866273902
PCL_PCL0691,4,fold4,0,,0.00040989497593860516,,6.576783119872649,,2.8054554200330433,,2.2380176122406508,,8.02563160751659,,3.834774695232663,,2.8910358443361197
PCL_PCL0694,4,fold4,0,,0.0004125261353716079,,7.202472339868816,,3.072872441371614,,2.344535450601301,,10.36834906262315,,5.16206115958361,,3.847694151336864
PCL_PCL0695,4,fold4,0,,0.000417783730253413,,5.176047493013466,,2.5005541706244916,,2.0224741747983614,,7.826531235399659,,4.224764033981725,,3.218120156225686
PCL_PCL0696,4,fold4,0,,0.00042429315406281205,,5.51087842256798,,2.3815964519307324,,1.9327971588801738,,8.412351895686982,,3.541265019600281,,2.6770833147620965
PCL_PCL0698,4,fold4,0,,0.00041719300485240293,,5.598660567158149,,2.6735000024151994,,2.177677165769262,,8.058388708219521,,4.539646237069987,,3.6073581948831817
PCL_PCL0699,4,fold4,0,,0.0004227266348169681,,6.261107639754701,,2.521208960179456,,2.028237733641106,,8.713842042411232,,4.424579748572074,,3.3700130125886014
PCL_PCL0700,4,fold4,0,,0.00042289880199019095,,6.241293712408311,,2.666406660141824,,2.1442887561501163,,8.37796187503014,,4.300403703940305,,3.227761725385601
PCL_PCL0701,4,fold4,0,,0.000422084122234833,,6.241903580881745,,2.4748121944979578,,1.8956189493314568,,8.702826925861185,,4.190788990157175,,3.222114224850004
PCL_PCL0702,4,fold4,0,,0.00042552476714376,,5.2046148100455545,,2.3561341924755466,,1.8813406704215772,,7.908803993520303,,3.8940920817035405,,2.96426178330883
PCL_PCL0703,4,fold4,0,,0.00042592494528193893,,5.840174733187759,,2.6932075742675585,,2.1886295758401584,,8.794841556862092,,4.618078347462092,,3.740309572705954
PCL_PCL0705,4,fold4,0,,0.0004158762517488049,,6.397185731287658,,2.748647369237518,,2.1198623186391257,,8.712505361228082,,4.570273791064078,,3.4625240019282595
PCL_PCL0706,4,fold4,0,,0.00041842372269088046,,6.080882516382428,,2.6994594401645675,,2.1882026680464772,,8.685755015671576,,4.642032504829049,,3.582780152183557
PCL_PCL0717,4,fold4,0,,0.0004108906499021344,,5.885099923845867,,2.4233625218729555,,1.8913546842204882,,8.320975000144195,,4.004557944857428,,3.0821931726675644
PCL_PCL0718,4,fold4,0,,0.00040451959502843873,,6.043461191744827,,2.7509522496313408,,2.1651745155629145,,8.21966714760216,,4.322390162844179,,3.335091928013485
PCL_PCL0719,4,fold4,0,,0.00041361561466531603,,6.201459837633651,,2.6541401923639016,,2.0728670240379397,,8.79868510198553,,4.405580871948902,,3.3097060765101487
PCL_PCL0740,4,fold4,0,,0.0004156438367604789,,6.191795947796511,,2.689018408627107,,2.112850328397787,,8.44976747722397,,4.0660486386805745,,3.143904159827815
PCL_PCL0741,4,fold4,0,,0.000421889895833567,,5.672083491039424,,2.339047715567371,,1.9755294927303997,,8.570079031113545,,3.652763649667704,,2.7150328210692303
PCL_PCL0774,4,fold4,0,,0.0004229504357760854,,5.585921891585716,,2.289274875882773,,1.849705234677525,,7.721877750351854,,3.306068415057523,,2.4401087428444628
PCL_PCL0775,4,fold4,0,,0.0004291642157746786,,5.310685739054025,,2.4654169229900442,,2.0212782554145288,,7.880541001773616,,3.968462373343635,,2.9791016281445755
PCL_PCL0776,4,fold4,0,,0.0004218544691058975,,5.478677485514842,,2.700347251943566,,2.182492270825593,,8.355108047789079,,4.412977365558154,,3.4572777397336663
PCL_PCL0777,4,fold4,0,,0.0004196523564143576,,5.428653852859973,,2.3093013548597425,,1.8912443263903955,,7.871865799096568,,3.3261359540605273,,2.454159706446957
PCL_PCL0797,4,fold4,0,0.00039026359377487477,0.0004012166926827491,4.253480654983976,6.290766941389776,2.084653733955062,2.7036174389810284,1.5056692346135714,2.0173542068221457,8.0,9.478023393826282,6.113233206460446,4.638198877378281,5.32313095835424,3.5055442934021808
PCL_PCL0798,4,fold4,0,0.00040228099173411565,0.0004019327351909314,5.049963209041818,6.013133759108725,1.7594458253302474,2.341401547934053,1.3937968393378197,1.959918165935903,10.177060199926093,8.985572061418807,3.298465249580086,3.1939323828070725,2.4802860233219977,2.435686669158492
PCL_PCL0799,4,fold4,0,0.0003943307339425129,0.00040136593214912253,9.729740855138427,5.771736836601625,4.970991820976198,2.541830311257769,3.6344994596414555,1.9411688190767449,13.88638439317451,7.821857953990653,7.118644814027979,3.6586625662804395,5.06725843298122,2.654871174060373
PCL_PCL0800,4,fold4,0,0.00040206727252970316,0.0004013954572193029,4.377548740290778,5.254643111555405,1.4665584324069438,2.3792735514368974,1.1946600709319881,1.8984787223845716,9.256430391144026,7.872441807997441,2.2823607820359886,3.6487491897911632,1.485600714199846,2.7309327366318836
PCL_PCL0832,4,fold4,0,0.00041756566020939996,0.00040733357247658107,,5.559698101660276,,2.263682704451505,,1.7931434342536492,,7.630331948640573,,2.779543795564714,,2.119858304913774
PCL_PCL0833,4,fold4,0,0.0003971128512179227,0.0004044151612224763,4.505017531773496,6.052778421229324,1.7723877943658752,1.930361627170078,1.4285706201327835,1.59440557089098,8.882320966964656,8.044720662011747,3.9365097848157227,2.500676442810109,3.4236777788640147,1.889030673654389
PCL_PCL0834,4,fold4,0,0.0004019559850608886,0.0004018304450787019,6.0010132351118735,5.527567301100533,4.147195373944175,2.6826190073311778,3.334265107002005,2.0613484112740017,8.0,8.746458829378406,5.486243596649043,4.38380123015424,4.297619047619048,3.3590136981462058
PCL_PCL0839,4,fold4,0,0.00039787015723795723,0.0004020929113564258,4.496067663159595,6.185170768002579,3.542546536308518,2.5663303896467617,3.0134836437136103,1.9461689719779522,5.0,9.661251349190085,3.9823640160196905,4.502475515644451,3.445090063916328,3.4895391260399715
PCL_PCL0840,4,fold4,0,0.0004138805873536223,0.0004028541370215879,6.159976831240306,6.332018454993611,3.709096965473195,2.2697478307693815,2.863183483098121,1.8079652886858615,8.0,8.718788303720467,5.107728833763644,3.7738764962889686,3.949398333847578,2.7114263589494696
PCL_PCL0841,4,fold4,0,0.00041343190784756624,0.0004049894069893551,3.721192744665793,5.766560300763369,1.5404048424554473,2.5783509668250635,1.329648475054089,1.9781515949161705,5.858358067503017,9.064198438348036,2.721965558869789,3.8078595211122956,2.3930961097647296,2.731261047109556
PCL_PCL0937,4,fold4,0,0.0004227373851886081,0.00040592777934761806,6.849917261265509,6.787685440890611,5.972321581012332,4.236109941805483,4.909665950797033,3.09524029689372,7.814096185724644,9.145597303403294,7.230612269705155,5.245123058278565,6.634146341463413,4.204437591067446
PCL_PCL0938,4,fold4,0,0.0004145772707043359,0.00041911197004662615,,6.26533870502197,,4.070863974203149,,3.107910150396356,,8.082968343458328,,4.999241341726139,,3.9738181512402777
PCL_PCL0939,4,fold4,0,0.00041328946661858476,0.00040402781124878814,7.248880853537627,6.415299510123646,5.106620175910351,4.2406148613834,3.7184598894998024,3.146576275748384,8.609213366448241,9.012886106918968,6.159875228127528,5.497249089425877,4.330605564648118,4.264503600231989
PCL_PCL0940,4,fold4,0,0.00041166525164050663,0.0004141445165260632,5.51242049637139,6.294891318595671,3.653345998722575,4.397827355318292,2.8271778546937445,3.3791638923997036,6.207361005402882,9.02530454705428,4.3484949285825465,5.723711674720861,3.552266419981498,4.4333411723005165
PCL_PCL0953,4,fold4,0,0.00041898491855594833,0.0004053564122416288,6.062912273002142,6.836065938419508,4.269241052426944,4.449235168699312,3.296422200014877,3.3788387923547183,6.77138027414166,10.129858355009729,4.84873732917571,6.024568702038852,3.689024390243903,4.815109010976177
PCL_PCL0954,4,fold4,0,0.00041902716943894295,0.00040455291121128945,,7.367548993398983,,4.507537747319811,,3.4000241286156574,,10.809507891539946,,5.984894114583684,,4.822867584809311
PCL_PCL0955,4,fold4,0,0.00041779802719448954,0.0004137358848585234,4.273368525466723,6.9772226028204205,3.621367206519386,4.34907183972815,3.0509844643226596,3.419578586689757,5.396592364847365,9.359839026365924,5.397739262119493,5.632854656793725,5.351351351351352,4.557897574360365
PCL_PCL0956,4,fold4,0,0.00041312260833112146,0.00042203855872955526,,6.470527514497889,,4.496386663685333,,3.2793391511631578,,8.968559610781051,,5.618236201844472,,4.357885423116289
PCL_PCL0961,4,fold4,0,0.00041772419269935757,0.0004259984634628934,7.164341614072901,6.1486470269689075,5.134141464948872,4.124990210158379,4.045275694507971,3.1473666434442387,9.835954151597415,8.059984374091743,6.329102825752238,5.222625717657376,4.9301972685887705,4.024756068808599
PCL_PCL0962,4,fold4,0,0.0004040849551970024,0.0004259984634628934,7.1081728170854515,6.1486470269689075,4.269433598881037,4.124990210158379,3.0696982006317435,3.1473666434442387,12.05359830827437,8.059984374091743,6.369364237819719,5.222625717657376,4.268794624107517,4.024756068808599
PCL_PCL0963,4,fold4,0,0.0004318172312741516,0.0004150568344884059,5.237596002396298,6.012667001542611,4.597468442552468,4.164508505421042,4.111728410746316,3.2076392266097487,6.172378807820004,8.658661179455628,5.531395730130193,5.400517982043339,5.056179775280899,4.212604063004619
PCL_PCL0964,4,fold4,0,0.0004081196062134771,0.00040516858187910655,6.197616256380132,6.734238037287515,5.398970689743504,4.2849515493460295,4.567189953189182,3.2221669029320967,7.827233820374537,8.657514457367867,6.704198405331642,5.157576295434783,6.067778936392075,4.024408164906857
PCL_PCL1130,4,fold4,0,0.0004337912765722898,0.00043155404144837144,,5.140241092744158,,4.07971458392956,,3.3012955760829152,,7.7280604658512315,,5.26294085548135,,4.3903532483042085
PCL_PCL1131,4,fold4,0,0.00043219475040011894,0.0004174432266175823,,6.1345962045166225,,4.441388774587654,,3.583212541916047,,8.882734611002077,,5.9169542137005475,,4.879248737537125
PCL_PCL1132,4,fold4,0,0.00043498285614022435,0.00042681270920675793,,6.665949466506938,,4.354552561941508,,3.3838032072442763,,8.140958515696786,,5.305923520907704,,4.089778400855437
PCL_PCL1133,4,fold4,0,0.0004351727414638696,0.00043258756758288337,,6.932061762210226,,4.778298605818719,,3.578176408346508,,9.301649386839655,,6.26283551527915,,4.882584217626445
PCL_PCL1134,4,fold4,0,0.00044094094025183274,0.0004213449964738554,,6.345682127467743,,4.350233676328532,,3.472663392518927,,8.497180907493776,,5.770839959407368,,4.810882126999059
PCL_PCL1135,4,fold4,0,0.00041920719045035503,0.00041914945604660213,,6.060176783832648,,4.254489251746033,,3.20341055687916,,8.126377313053636,,5.195133016603785,,3.9928956664392734
PCL_PCL1136,4,fold4,0,0.00043501344453263313,0.0004321230323024658,,6.595801849761239,,4.6673372141075316,,3.525513876927906,,8.837451519186466,,5.671893809159501,,4.57459870302033
PCL_PCL1137,4,fold4,0,0.00042341926675185527,0.0004338953538405958,,6.211437854289185,,4.380767699067844,,3.2354365406323695,,8.242090309575444,,4.979768431117332,,3.9926523369937867
PCL_PCL1138,4,fold4,0,0.00043354392045345265,0.0004306625205098471,,6.638454655711471,,4.761925614414153,,3.663628526972625,,8.307922535344336,,5.83544219959095,,4.870548884724875
PCL_PCL1139,4,fold4,0,0.0004332043895334686,0.0004332611095563821,,6.224832565251157,,4.315393021880751,,3.282572036269687,,7.864861109487218,,5.302794360013953,,4.079570593745802
PCL_PCL1140,4,fold4,0,0.0004180189669274237,0.00042447788987663194,,6.580248543204006,,4.439332706686096,,3.5256507942915576,,8.502469086231333,,5.816702102726002,,4.518275119651153
PCL_PCL1141,4,fold4,0,0.0004225379345285024,0.0004315083417302367,,6.253683558062266,,4.393827502600222,,3.274176589069278,,7.78347590391131,,5.02115277342554,,3.9588945833638465
PCL_PCL1142,4,fold4,0,0.000434379502663337,0.00043218191113623267,,6.724060982335611,,4.485415366312962,,3.3584892877768775,,8.124524245010463,,5.208857133479862,,4.067773299475269
PCL_PCL1143,4,fold4,0,0.0004252688073719753,0.0004334763196071987,,6.269604357286436,,4.448018975898419,,3.350099947254141,,8.103272591400176,,5.15417727048359,,4.171787834587083
PCL_PCL1144,4,fold4,0,0.0004230462789416446,0.00043245936670679476,,6.56791879939923,,4.315245887036797,,3.2912512067593953,,7.632199118964626,,4.398148418249343,,3.384025765218545
PCL_PCL1145,4,fold4,0,0.0004322575584026383,0.00043329033164998115,,6.359526368022968,,4.4818871384809364,,3.346568085754905,,7.975506623630206,,5.058690234608855,,4.127760414498733
PCL_PCL1146,4,fold4,0,0.0004286502828025139,0.00043156587977931544,3.3492574725112423,6.562491021244003,2.1855006928898653,4.516097416824607,1.5892034814082419,3.367288039643581,6.188008015307417,8.045152661961867,4.929256108715791,5.606795866135088,4.082474226804123,4.290838164648387
PCL_PCL1147,4,fold4,0,0.0004363813104005087,0.0004319550521259454,,6.260507429581096,,4.569493669158936,,3.41182581832795,,8.321768943320448,,5.095769583869116,,4.006585149344776
PCL_PCL1148,4,fold4,0,0.0004301857703445951,0.0004316457659055261,,6.170369659899067,,4.403552937381623,,3.3747246545357266,,7.915393704566897,,5.5294191440590215,,4.279178071496469
PCL_PCL1149,4,fold4,0,0.0004280177077886333,0.0004331536528538564,,6.6067671512272295,,4.469417704055937,,3.4093207603570495,,8.195299427410884,,5.268277665304754,,4.176763474141865
PCL_PCL1150,4,fold4,0,0.00043868281638311337,0.00043309672203662927,,6.5994469917257605,,4.12582819877133,,3.1792722537511855,,7.610320698367199,,4.452586694641311,,3.512043343148127
PCL_PCL1151,4,fold4,0,0.0004367585492306226,0.0004331669881036948,,6.322361170816894,,4.035812047018345,,3.114257533530555,,7.838227292476839,,4.543454341110873,,3.429462279689856
PCL_PCL1152,4,fold4,0,0.0004255839230233925,0.00042736608286971303,,6.299221451511867,,4.185971178244734,,3.2566666734413663,,7.862479406008919,,4.267564366859003,,3.2991492066107533
PCL_PCL1153,4,fold4,0,0.0004345565041639077,0.000432297146836862,,6.594341258888191,,4.284218456160091,,3.397005759414764,,8.123624422872913,,5.2979193837406395,,4.1084147117942855
PCL_PCL1154,4,fold4,0,0.0004314938147518469,0.0004273352462358642,,6.095063571789948,,4.156381945451088,,3.1953037269900406,,7.63311771277577,,4.5778241070427805,,3.695871991364347
PCL_PCL1155,4,fold4,0,0.00041813862708111303,0.0004278675489168184,,6.363271896341048,,4.275119039027832,,3.300576875563388,,7.8934809630701865,,4.770093929350292,,3.724499945774432
PCL_PCL1262,4,fold4,0,0.00042235642682941267,0.0004033339497534483,,7.864663907509007,,4.829112603954247,,3.648729261424531,,11.116012272471972,,6.660700796161728,,5.279979234677745
PCL_PCL1263,4,fold4,0,0.0004200216937059192,0.00040339583831589323,,5.905464315199396,,4.22406999743246,,3.2246832418718787,,8.231673316049969,,5.33250628120266,,4.1093871190899325
PCL_PCL1264,4,fold4,0,0.00042115962816796144,0.0004012250703056084,,6.2724387047982,,4.410433003339827,,3.229498585044268,,8.73388171270261,,5.672815159264429,,4.690600128524558
LT_100,0,fold0,1,,0.00041411311052155265,,6.196226479573584,,3.041838878794157,,2.3523429518368677,,8.047453719518353,,4.890244942150167,,3.6649400051298615
LT_1000,0,fold0,1,,0.0004119825885914672,,6.315611268252204,,3.09074775826341,,2.2851583606990324,,8.340052108379142,,4.681258641801018,,3.8419286189878457
LT_1001,0,fold0,1,,0.0004158875957653834,,6.150130785904179,,4.002357535104776,,2.8689527179012058,,8.109578469392021,,4.3492089545333315,,3.35243483259999
LT_1018,0,fold0,1,,0.0004087635852690237,,7.366756403346669,,3.779936694338292,,2.7705635048456427,,9.778558962945176,,5.946490802434264,,4.631589118897098
LT_1021,0,fold0,1,,0.00040960525588929625,,6.343540494294692,,2.9970460565665724,,2.2474621065084026,,8.508149639557178,,4.361669351373678,,3.39017090877836
LT_1022,0,fold0,1,,0.0004091829917121752,,6.342935290099245,,2.9992718839840853,,2.2558025960336603,,8.341751393936049,,4.6137491387295295,,3.812003470603705
LT_1023,0,fold0,1,,0.00040578366586042393,,6.432272161600627,,3.452822773632524,,2.5594912572707775,,8.775960044505924,,5.66286355401678,,4.536120022023897
LT_1025,0,fold0,1,,0.00041052722243507117,,6.251159505848429,,2.9532418806724743,,2.1752638409808807,,8.179674037587766,,4.698284354235278,,3.646101810724834
LT_103,0,fold0,1,,0.000413793564182946,,6.223986817750388,,2.989726285655369,,2.2290623975323194,,8.235367530094386,,4.899081150117822,,3.8797824127069966
LT_1031,0,fold0,1,,0.0004098464762232832,,6.716438834557309,,4.301348223113909,,3.0318815812348645,,8.821760824888715,,5.090407333188263,,4.041252322815561
LT_1046,0,fold0,1,,0.0004172200292730001,,6.070600568124327,,2.776713995784875,,2.1070165052019094,,8.12700767238316,,4.729670890387785,,3.801060687677336
LT_1049,0,fold0,1,,0.00041615986450218613,,6.136240443701964,,2.5775559962364456,,1.9062092872561918,,8.243817611000848,,3.9173905911128863,,2.8652215814188238
LT_1050,0,fold0,1,,0.00041890272884993404,,6.642852428905594,,3.1749097487389966,,2.4327019434803425,,9.100363948930099,,5.59542090169197,,4.423004433128322
LT_1054,0,fold0,1,,0.00041749958166687785,,6.0598935378873895,,2.745434028148989,,2.114338861971335,,8.1191375547311,,4.582160372948476,,3.659615778755432
LT_1060,0,fold0,1,,0.0004155831102168519,,6.259259746483481,,2.9614583949500504,,2.1211873367485254,,8.145072653566114,,4.526485896221978,,3.4940127944532366
LT_1063,0,fold0,1,,0.0004147565349364637,,6.252577361970308,,3.296567201862532,,2.536067732873951,,7.978099009074796,,5.568889607682041,,4.402646385057386
LT_1066,0,fold0,1,,0.000414893075965532,,6.075245764371678,,2.8737507585594173,,2.104930876087209,,8.367252918218483,,4.786138720804501,,3.5512515288529514
LT_1074,0,fold0,1,,0.0004172134049914983,,6.3722537993167085,,3.0133491655758124,,2.2135489511855426,,8.647450849145013,,4.652666507355142,,3.649017289444377
LT_1075,0,fold0,1,,0.0004149295691857277,,6.267311173327476,,4.256779238695594,,3.096739371306625,,8.043468812464573,,4.909724673711295,,3.986812772452246
LT_1086,0,fold0,1,,0.00041034198175555515,,6.628531045115711,,3.5111900430818452,,2.614549286979596,,9.160748763980337,,5.406926045550199,,4.207559322077228
LT_1091,0,fold0,1,,0.0004127402276643006,,6.375284649239181,,3.1096781124639343,,2.3257891152067187,,8.289544545884088,,4.495735127929493,,3.3736610632223676
LT_1092,0,fold0,1,,0.0004156628070094096,,6.0100635575926615,,3.055957924677647,,2.2344912346615984,,8.48966133062864,,4.8875949146446125,,3.6245421025311497
LT_1096,0,fold0,1,,0.0004179346204586966,,6.198836691833312,,3.068726901818261,,2.2257380251184924,,8.429991879873588,,4.9263532968111985,,3.994212499651599
LT_1104,0,fold0,1,,0.00041721830754679577,,7.504513102949123,,3.4168459861927056,,2.461710618799121,,9.826070281751406,,4.954738862622453,,3.9242279143820853
LT_1106,0,fold0,1,,0.0004194673525599428,,7.310375947814262,,3.5085790637444383,,2.581092658560788,,9.558743178151719,,5.658243247156053,,4.468629499776506
LT_1109,0,fold0,1,,0.00041559737365232975,,6.719025186680388,,3.121958174299986,,2.3433695092255014,,9.108843519723086,,5.142900978561195,,4.187186756389434
LT_111,0,fold0,1,,0.0004075215679914656,,7.101278971860466,,4.677528792926024,,3.286478716718567,,9.695544590271295,,5.581856670220349,,4.551535914109944
LT_1131,0,fold0,1,,0.00041781747299676764,,6.126852031760639,,2.7441828945495685,,2.0704287256998897,,8.207255418475503,,4.4000255773140085,,3.4146007921693866
LT_1137,0,fold0,1,,0.0004120453943155314,,6.443255241192332,,3.100691611863079,,2.269572044154208,,8.54067977269579,,4.479369980701052,,3.310519511627757
LT_1141,0,fold0,1,,0.00041201163688491665,,6.476618641320505,,3.180133801471639,,2.394042207084547,,8.401488037001688,,4.938802240483273,,4.048350213403526
LT_1150,0,fold0,1,,0.00041305384886670786,,6.5225533493864445,,4.479587321659754,,3.144311178852094,,9.071607666588715,,5.157030093063772,,4.186111845506412
LT_1152,0,fold0,1,,0.0004116100462652761,,6.408971198877655,,3.124945805104201,,2.391405625482593,,8.384896875946772,,4.904770103612874,,3.9799545812631347
LT_1155,0,fold0,1,,0.00041366961594201286,,6.458829443355705,,4.15173224970938,,2.967125920198049,,8.418488288146357,,4.475840750445225,,3.435634031561618
LT_1156,0,fold0,1,,0.0004098207131448539,,6.4842137240924265,,4.1660384251832,,3.0333158060840817,,8.34738596437647,,4.564982928884687,,3.5567043841030768
LT_1158,0,fold0,1,,0.00041480248625027846,,6.317629004803646,,3.1478217040180776,,2.294842500437342,,8.45614624264114,,4.587628927812142,,3.524631739297264
LT_1159,0,fold0,1,,0.0004087726502227211,,6.397496354985708,,3.132270551201793,,2.370930838877582,,8.65806725788368,,4.79637608414395,,3.6049133190331646
LT_122,0,fold0,1,,0.00041062733544078474,,6.401856901548124,,2.775281247994083,,2.0566666598214023,,8.560027102324232,,4.262353831469174,,3.250110181636291
LT_1253,0,fold0,1,,0.0004067790326328768,,6.136118544952754,,3.03845338545111,,2.356829424439294,,8.098067267302378,,4.696983629475689,,3.6585834872591323
LT_1289,0,fold0,1,,0.0004070519854827651,,6.344067274517171,,2.99903642714143,,2.2889583248314906,,8.442073371589865,,4.488470862817955,,3.5886805677206484
LT_1291,0,fold0,1,,0.0004067593698406733,,6.556797844358629,,3.4616200055364916,,2.585683438215119,,8.519487078918932,,5.868752996412956,,4.629320507795302
LT_1292,0,fold0,1,,0.00040591112132315997,,6.565133061285165,,4.360356158847786,,3.073946469409019,,8.783511137356614,,5.351060176933664,,4.2302457807864755
LT_1296,0,fold0,1,,0.00040612144240662236,,6.22015277396778,,3.1542780266912596,,2.396215950622267,,8.476805555495819,,4.868276610558053,,3.7895081089662424
LT_1298,0,fold0,1,,0.0004058916258003666,,6.539057940276697,,4.313490759216067,,3.0690252334543535,,8.283299989023817,,5.061208703898802,,3.9636680651709577
LT_1301,0,fold0,1,,0.0004060944340059658,,6.8706325373396,,4.4382056863613535,,3.148314929681196,,9.02310663935255,,5.559892512922685,,4.3619534663801005
LT_1302,0,fold0,1,,0.0004058980010047848,,6.562060302204941,,3.3401202824179035,,2.460196708940722,,8.800251809430144,,5.356159835799651,,4.255394956872586
LT_1308,0,fold0,1,,0.0004146031809657072,,6.146709889367572,,2.8560596370266658,,2.1332201905827652,,8.23647283729616,,4.729360765172354,,3.7544863032398124
LT_1309,0,fold0,1,,0.00041758602123913476,,6.315331946883874,,4.829364896816514,,3.421517129424729,,8.267943178326222,,5.767451635490188,,4.4953727691590375
LT_1310,0,fold0,1,,0.0004168052161561027,,5.892710280320779,,2.8392683682200235,,2.1860593025708033,,8.000468322248086,,4.945703181737662,,3.98895159609366
LT_1315,0,fold0,1,,0.0004128822919821501,,6.166295362971703,,2.8762815888679873,,2.1926497461057837,,8.2012762571811,,5.084806085150891,,3.9392118840614865
LT_1327,0,fold0,1,,0.0004057555938761469,,6.527833608117444,,3.4259701131957945,,2.500482903549468,,8.429761094284059,,5.263938775745169,,4.210610787495733
LT_1328,0,fold0,1,,0.00040747653144817923,,6.163467891562142,,3.1640933837846577,,2.4661982047057136,,7.960774801655307,,5.612351030351781,,4.389028684520861
LT_1329,0,fold0,1,,0.0004119815703512719,,6.335358110325528,,3.03022203677979,,2.18492122176764,,8.045150229279393,,4.6999908257063465,,3.717444019597068
LT_1332,0,fold0,1,,0.000406665610354651,,6.464296038300844,,3.08165507339715,,2.310776467372036,,8.577372138789805,,4.544181538203018,,3.4435120493405265
LT_1340,0,fold0,1,,0.00041292760711955125,,6.332441192340442,,2.8506393255766933,,2.1879909853777226,,8.368358302939471,,4.449122947784858,,3.4352147535314455
LT_1344,0,fold0,1,,0.0004190617724362279,,6.111418645906047,,3.0372503104521473,,2.2775987849126014,,8.341684075410633,,4.91509605641712,,3.724995612089454
LT_1356,0,fold0,1,,0.0004151348174181082,,6.5017364410969085,,4.377110400190749,,3.128084721191361,,8.48577486463171,,5.054269781248294,,3.9898106133786375
LT_1359,0,fold0,1,,0.00041544760122244097,,6.212581886001021,,2.8799877396471296,,2.1711527387680696,,8.238115060538501,,4.6545201367261715,,3.621293747652256
LT_1364,0,fold0,1,,0.00040619571622350567,,6.553971995122322,,4.5522018209588815,,3.181776086028346,,8.245249683452856,,5.201948172462951,,4.209625750336399
LT_1365,0,fold0,1,,0.0004063513827595854,,6.443611900517931,,4.432608755174942,,3.1969468396327754,,8.45872660981543,,5.342286283239458,,4.436006630289689
LT_1371,0,fold0,1,,0.000407641499898281,,6.488434618561117,,4.403860789642297,,3.1453102483961715,,8.584173483938267,,5.268449364229469,,4.3021630896246466
LT_1396,0,fold0,1,,0.00040932472354420456,,6.4065197492059145,,4.431857888991678,,3.168715286417876,,8.194154491703731,,5.270982007784069,,4.320950952802236
LT_1398,0,fold0,1,,0.00041083665767598955,,6.431399865960579,,4.220551416561406,,3.0258652374164563,,8.37824960343521,,4.61842538990139,,3.7075008094139523
LT_1407,0,fold0,1,,0.00041077065440668983,,6.3320484843478395,,4.3421717144585,,3.078685901628013,,7.945135930506352,,4.8598724888646645,,3.88207267358069
LT_1416,0,fold0,1,,0.00040557528400961794,,6.445722979856489,,3.1460216320685372,,2.3841217834645003,,8.744816033646684,,4.800511949351626,,3.7520552194267336
LT_1417,0,fold0,1,,0.00040880899293748926,,6.4874410313297926,,4.633776127739959,,3.320367964292693,,8.137782342727764,,6.086348952767819,,4.759574710772646
LT_1419,0,fold0,1,,0.00040624380877886217,,6.503838946885977,,4.460539801671591,,3.154496058379753,,8.500659641337963,,5.618305727005384,,4.461717799230067
LT_1420,0,fold0,1,,0.0004086794335534903,,6.225099618856656,,3.308946611839233,,2.50599664359905,,7.89735507457866,,5.609944288062666,,4.409578785126059
LT_1421,0,fold0,1,,0.0004132329566918676,,5.931466774304405,,2.9714458250101132,,2.3710960622640003,,8.1438807154172,,5.259514224849012,,4.150566027371151
LT_1442,0,fold0,1,,0.00041743642487779113,,6.072715463708286,,3.187459028961456,,2.4265697070865313,,7.788695288732838,,5.44522620914168,,4.358695779764695
LT_1446,0,fold0,1,,0.0004110260197976029,,6.265982106578216,,2.899111301945085,,2.144461020664681,,7.981127743912581,,4.646405737958524,,3.657828998524161
LT_1475,0,fold0,1,,0.0004089898049382881,,6.369160886995143,,4.510252994864323,,3.2235344113263116,,8.13187804145404,,5.276982253648177,,4.123590964373083
LT_150,0,fold0,1,,0.00040760039332891906,,6.51865869613099,,4.4249298163268636,,3.147784313987585,,8.383457421370364,,5.294586119118203,,4.270341697367382
LT_1501,0,fold0,1,,0.0004069714225781451,,6.826424133035535,,4.543135143963398,,3.25393046020137,,9.08625394980134,,5.498320643288788,,4.380833869894348
LT_1502,0,fold0,1,,0.00040676272606594496,,6.464179881999012,,3.4893156471491285,,2.5847090842641913,,8.516529885137867,,5.391550495927621,,4.286180473257022
LT_1504,0,fold0,1,,0.0004074781239977055,,6.1853062834032055,,3.0405517883644126,,2.3394929331104337,,8.925384464760178,,4.740802765170954,,3.629811292000305
LT_1510,0,fold0,1,,0.00040743948488699243,,6.4106886789782065,,3.3206926786274997,,2.575501671644229,,8.72013322867375,,5.131567222113768,,4.090410071165495
LT_1514,0,fold0,1,,0.0004061547711487704,,6.649259960021358,,3.39450708648346,,2.4733037485670457,,9.11730373718795,,5.328413190281832,,4.24751036147574
LT_1519,0,fold0,1,,0.00040810964241449685,,6.609550346839409,,4.5929076958484725,,3.30192235426995,,8.242725154170426,,5.753798996006824,,4.554018425860615
LT_1522,0,fold0,1,,0.00040648473346811473,,6.507432902215684,,4.630616100750757,,3.2833960942383835,,8.558798886251815,,5.452566571948804,,4.421360222914018
LT_1529,0,fold0,1,,0.000407481956223631,,6.281372846355265,,3.039198205549127,,2.3429150168664705,,8.24719866157656,,4.799996180409263,,3.963907123991862
LT_1533,0,fold0,1,,0.0004086950956550678,,6.473676255368016,,3.199966019277331,,2.4053619987546684,,8.439656120464816,,4.985686261835188,,3.9700050096185016
LT_1535,0,fold0,1,,0.0004075238502940677,,6.215991757947922,,2.9426948619445206,,2.296325508684558,,8.259951811068525,,4.3474603313232105,,3.3264816461046407
LT_1536,0,fold0,1,,0.0004065939648772599,,6.532989163483135,,3.4555555046048925,,2.5510174219830897,,8.888313573687864,,5.171123927852185,,4.091505164911217
LT_1537,0,fold0,1,,0.000408606617170789,,6.32933895784127,,4.3127301006835355,,3.1223864932636514,,8.427885933593407,,5.138194884431731,,4.221824083768793
LT_1539,0,fold0,1,,0.0004112914487474431,,6.2720241813858735,,4.386523246935984,,3.1146140727754954,,7.893317637894746,,4.84658070728313,,3.7110499052274526
LT_1540,0,fold0,1,,0.0004064819102102338,,6.523520812870309,,3.782707797136497,,2.782453785953743,,8.767622042182017,,5.768650069326068,,4.426775578807877
LT_1542,0,fold0,1,,0.0004151533235010503,,6.335639978815272,,4.424376284647265,,3.13738682175859,,8.639777256380228,,5.0954000231175485,,4.096041704510661
LT_1544,0,fold0,1,,0.0004096718216475906,,6.536214076979148,,3.085147774303901,,2.369715288834675,,9.073859312969383,,4.561152258702786,,3.579363645257313
LT_1545,0,fold0,1,,0.000408792632440003,,6.804627414074896,,3.349404230847653,,2.492161259176037,,9.403736836521508,,5.368538517141082,,4.244614038185329
LT_1546,0,fold0,1,,0.0004139803341114273,,6.059161026094488,,2.894320574631311,,2.117434652498286,,8.262565719452232,,4.7822034421666375,,3.9307197751352416
LT_1547,0,fold0,1,,0.000408319009227498,,6.532016441482911,,3.377738515891665,,2.462340900104364,,8.920982936202254,,4.865111073187908,,3.9217434282065367
LT_1549,0,fold0,1,,0.00040836366437046676,,7.042384660341284,,4.908638851217014,,3.4546111445118592,,8.935219604318787,,6.2292973419517,,4.822148550064902
LT_1550,0,fold0,1,,0.00041039420686052146,,6.422619260378802,,3.1861751634319297,,2.346873678962141,,8.796280001071183,,4.77267062362794,,3.997738219423386
LT_1551,0,fold0,1,,0.0004125280355429528,,6.397091600037365,,3.2149277239268077,,2.337613884917275,,9.000412420663986,,4.867637064696189,,3.939997548715205
LT_1552,0,fold0,1,,0.00040879284768475556,,6.606107610514221,,3.4776750484867778,,2.561069777972384,,9.001601235245102,,5.423401699662815,,4.276331828870476
LT_157,0,fold0,1,,0.00041473101118642657,,6.595808115740169,,4.809352869955182,,3.447247657353642,,8.383758981716596,,6.041061817011752,,4.791015580381072
LT_1599,0,fold0,1,,0.00040903557409675134,,6.395184295279027,,4.3783898781247865,,3.130735962372502,,8.427258170263546,,5.096859814540847,,4.129941721815397
LT_1602,0,fold0,1,,0.00041058436820625745,,6.431343886054894,,3.231575655706655,,2.3629569386493587,,8.660317376156263,,4.4132616704680565,,3.4071712126591454
LT_1603,0,fold0,1,,0.0004097767015819546,,6.261904416281601,,3.0544150661863996,,2.3163859140998215,,8.129714876601012,,5.0563383974580685,,4.075275811630622
LT_1609,0,fold0,1,,0.0004058795790541688,,6.571421136878695,,3.2293076290029314,,2.427556899070004,,8.567769017195484,,5.118928885490329,,4.02521089870879
LT_1610,0,fold0,1,,0.0004063165641729864,,6.667280405634605,,4.825509840887003,,3.3851640973627792,,8.718891773304653,,6.203783409960232,,4.782487556007576
LT_1613,0,fold0,1,,0.0004097921316191296,,6.2873115440268315,,2.8983259713811065,,2.1893472559066316,,8.306433215371417,,4.164694494511361,,3.308910566126593
LT_1617,0,fold0,1,,0.0004082717215347625,,6.365566862545105,,2.9595816668278485,,2.309113741817854,,8.350262811947127,,4.40930727755069,,3.4964282714447497
LT_1622,0,fold0,1,,0.0004062949055358804,,6.362078653588936,,3.3567956269305617,,2.519207726322633,,8.805779982959738,,5.108952734437351,,4.188592792956868
LT_1623,0,fold0,1,,0.0004058433721434076,,6.696771486249312,,3.3122163014030837,,2.434529999961489,,8.986349128826864,,5.129861020469997,,4.025770923086071
LT_1624,0,fold0,1,,0.0004177003571205727,,6.099600440018965,,3.1206207185502834,,2.417002565248042,,7.95474678063745,,5.2513343876031024,,4.093724258663708
LT_1627,0,fold0,1,,0.00040811088100004694,,6.440832672613338,,3.037568981571224,,2.308354104536159,,8.46521013814527,,4.449106997778928,,3.3908496034402758
LT_1635,0,fold0,1,,0.00040737606202336483,,6.322186939837362,,3.021157850931475,,2.290828586210132,,8.290086290144158,,4.362097606835775,,3.3841300062918513
LT_1636,0,fold0,1,,0.0004060219013791496,,6.355913504290166,,3.3842669100816045,,2.49114882595478,,9.149984692183851,,5.136851221710881,,4.138357554011013
LT_1638,0,fold0,1,,0.000406372819727812,,6.422617961982744,,3.6019916516956094,,2.6330555667789,,8.285397854759346,,5.174302052566855,,4.130149211424999
LT_164,0,fold0,1,,0.000408454901491136,,6.281388503871227,,2.96119488762683,,2.2357602692833685,,8.208764330425712,,4.378730468795406,,3.4213859355924123
LT_1640,0,fold0,1,,0.0004067256735036176,,6.545036411331018,,4.477244257700916,,3.1419442401724553,,9.117779155959802,,5.399354910158732,,4.38011538740285
LT_1641,0,fold0,1,,0.00040580911220460675,,6.7021186572794225,,4.4782796039279,,3.1628140689516075,,8.781036092590744,,5.479747157956947,,4.408413665245148
LT_1649,0,fold0,1,,0.00041280434004622134,,6.6998495829694615,,3.8427101062858573,,2.8480247815927244,,9.209185110014822,,6.041689826783553,,4.650723199942611
LT_1651,0,fold0,1,,0.0004064286490940757,,6.37869579761879,,3.3268830338971913,,2.431775856675966,,9.01937095838051,,5.086390835193927,,4.105633426926613
LT_1654,0,fold0,1,,0.0004062111529586198,,6.362513805696555,,4.343471158083063,,3.1202269686424073,,8.383277525528463,,5.36190521521546,,4.311661290374199
LT_1656,0,fold0,1,,0.0004074828628382928,,6.646470103377903,,3.6824772953467164,,2.771283101131218,,8.881298381239471,,5.863802805935439,,4.578530226280251
LT_1657,0,fold0,1,,0.00040894920955872327,,6.475085856847359,,4.499834335246812,,3.274118152657331,,8.454555796056079,,5.358905107723771,,4.441504827850589
LT_1662,0,fold0,1,,0.000407230943201416,,7.218688205824062,,3.4641473928941697,,2.539830157646222,,10.02844748256036,,5.132983769990739,,4.300831845493676
LT_1669,0,fold0,1,,0.00040735046018202,,6.309364634182533,,4.387800476580857,,3.1568118692997564,,7.888029622532532,,5.198031110842409,,3.981468431613127
LT_1672,0,fold0,1,,0.0004111177619194623,,6.299872458017056,,3.3608506524649426,,2.477369653793634,,8.241582485748975,,5.077049974016892,,4.038430483108849
LT_1674,0,fold0,1,,0.0004057105610730631,,6.677122957813215,,3.4074345065337135,,2.4990220740304006,,8.944441248426372,,5.198925903683259,,4.188733134046972
LT_1676,0,fold0,1,,0.00041058918323522674,,6.919960003027603,,3.2153613356525983,,2.4053494521271093,,9.063700679928814,,4.954383543781055,,3.986078602021169
LT_1680,0,fold0,1,,0.0004077813316939946,,6.37403741897727,,3.355194876912801,,2.569666159486896,,8.347002002603233,,5.778486365221136,,4.612342389760017
LT_1681,0,fold0,1,,0.0004075990755574004,,6.597059297191519,,3.374973316783314,,2.503639664056289,,9.122480352232172,,5.089711000312008,,4.1227605985022056
LT_1688,0,fold0,1,,0.00040686476562380204,,6.350421968875172,,3.394981515972411,,2.5177012775600027,,8.400247081364764,,5.070023069722587,,4.047387560146675
LT_1703,0,fold0,1,,0.000410497542615235,,6.311006764080868,,4.395260707799885,,3.1782514020539288,,8.288513913447217,,5.253497997256618,,4.288015885433749
LT_1705,0,fold0,1,,0.000413066866692487,,6.280560753159857,,3.303841476053777,,2.406400123387277,,8.586886236786912,,4.805347583625552,,3.792718539978113
LT_1706,0,fold0,1,,0.000410949523943183,,6.325903893269379,,2.9777131230032743,,2.2055237714322287,,8.305748148153569,,4.381695885882356,,3.4954401989578736
LT_1707,0,fold0,1,,0.00041259672933458176,,6.15884341607135,,4.401120962751642,,3.180450529796982,,7.7867487514396405,,5.416861267003639,,4.529532737420113
LT_171,0,fold0,1,,0.0004117260160799059,,6.213744334598971,,3.0995950736228703,,2.358391672058558,,8.348372375821354,,5.437535402926838,,4.1771591301729245
LT_1710,0,fold0,1,,0.00040592150315914635,,6.490470580104948,,4.51726998590671,,3.1762490208427834,,8.123229927197755,,5.532443841710877,,4.410413271888527
LT_1712,0,fold0,1,,0.0004062306216740929,,6.434646756225965,,3.5254728845026304,,2.652812924246518,,8.505209462826185,,5.359796407103066,,4.387129922218056
LT_1718,0,fold0,1,,0.0004084314137329896,,6.343414925650557,,4.203327704322873,,3.0216351710770963,,8.094506641433224,,4.766290594570156,,3.9176220263679653
LT_1725,0,fold0,1,,0.00040634099220457354,,6.53662860597101,,4.329141028415468,,3.084647281183225,,8.520955267552516,,5.211144493614186,,4.266599798379817
LT_1727,0,fold0,1,,0.0004068747010272742,,6.592460737857048,,3.248514305664795,,2.4042885299304944,,8.668551018481597,,5.066015615159185,,4.0290756785258885
LT_1729,0,fold0,1,,0.0004060322606766458,,6.585035464800792,,4.340771504469185,,3.0547920155485224,,8.421243640019734,,5.063196251412956,,4.082769426461515
LT_173,0,fold0,1,,0.0004074593677247662,,6.595378042705649,,4.342876473645576,,3.1098938147898325,,8.301961803213967,,5.216031824677251,,4.2379503804476055
LT_1731,0,fold0,1,,0.0004063474690054643,,6.694612953434775,,4.554769565728101,,3.2163381547096686,,8.523995511248748,,5.608799322289076,,4.5422188906516405
LT_1732,0,fold0,1,,0.00040686958964624917,,6.784489226503111,,4.516203448209036,,3.145993226406058,,9.327376386804083,,5.43815608385731,,4.402210738050034
LT_1735,0,fold0,1,,0.00040719385196186404,,6.407590131379989,,3.2688020423471236,,2.5056828404167915,,8.797661034378894,,5.157058314774972,,3.891423240248357
LT_1737,0,fold0,1,,0.0004060280803836868,,6.683457689501692,,3.3610302311691673,,2.4432937743467913,,9.170708925102614,,5.373877556807406,,4.250416575475574
LT_1739,0,fold0,1,,0.0004063522032769322,,6.558734602235024,,3.387281319394762,,2.475258358167776,,9.254681806949424,,5.222899407823841,,4.3296092104906085
LT_1741,0,fold0,1,,0.0004070743483277038,,6.524058616431717,,3.337948770189266,,2.541120667370413,,8.680415980968489,,4.976588956297304,,3.864967419530294
LT_1764,0,fold0,1,,0.0004113686170663551,,6.415636118411444,,3.102407086999591,,2.295521260408752,,8.490849922401418,,4.896055470123584,,3.876800057947247
LT_1767,0,fold0,1,,0.0004129175777527593,,6.266035257844938,,3.2496998592288744,,2.427413237426903,,7.969812227939718,,4.920188280303914,,3.885213674681016
LT_1768,0,fold0,1,,0.00040838444502560266,,6.437117980191144,,3.2991067317115363,,2.5181188859913686,,8.433683091464525,,5.394320138052406,,4.299023552070742
LT_1789,0,fold0,1,,0.0004084454601436284,,6.386190582564539,,3.142934549964226,,2.366866057031813,,8.554275703122025,,4.722063336538664,,3.764193489919383
LT_1790,0,fold0,1,,0.00040701604992450686,,6.556225957157843,,3.586769770439973,,2.704487825828685,,8.808144308759578,,5.761068209051495,,4.520905646676367
LT_1791,0,fold0,1,,0.0004065832565677014,,6.604061176259967,,3.125905851502553,,2.400416568515574,,9.211884789390494,,4.607671954741115,,3.627408434279131
LT_1792,0,fold0,1,,0.00040883052735853076,,6.391443579912164,,3.3565527763309024,,2.50029966516964,,8.51486025956708,,4.866926394882776,,3.9861663635409346
LT_1798,0,fold0,1,,0.0004152447922121591,,6.296337132899754,,2.8882999981921325,,2.1880458535506095,,8.81879952748486,,4.822495920935747,,3.878260000457258
LT_1799,0,fold0,1,,0.0004100095781772537,,6.63538307584806,,4.587509326157223,,3.209044173380035,,9.034297296806693,,5.317547133759129,,4.411021876823282
LT_1800,0,fold0,1,,0.00041077048470648976,,6.471486508620384,,3.003667262486358,,2.249343243686842,,8.406860657417646,,5.050532982550967,,4.067287512997701
LT_1801,0,fold0,1,,0.00041200662301973945,,6.435323014879513,,3.066427867786617,,2.2201297597486067,,8.513457251128832,,4.985594668455354,,4.034156114888473
LT_1802,0,fold0,1,,0.00041192505006101485,,6.355868763698207,,3.046076544155912,,2.278563220250382,,8.344859972098343,,4.836476326554055,,3.94571902303774
LT_1803,0,fold0,1,,0.00040997029516840096,,6.5511594382238885,,3.136389294838772,,2.350927000120995,,8.52884476030416,,5.013276683194101,,4.023119543964717
LT_1804,0,fold0,1,,0.0004085198358070724,,6.649947367374325,,3.5094499616343167,,2.6640132763413473,,8.693718903528362,,5.753603368633802,,4.464187483056702
LT_1805,0,fold0,1,,0.0004078650679639022,,6.789168578815813,,3.5240076100389746,,2.623461922515682,,9.21784317276282,,5.6324715073811165,,4.424783395267071
LT_1806,0,fold0,1,,0.0004056050719580453,,6.349612674249606,,3.3345184011375504,,2.500691815271218,,8.339156620734874,,5.300110345578424,,4.244296359725372
LT_181,0,fold0,1,,0.000414885507192703,,6.185026952069681,,2.8062821520321832,,2.0614943931922363,,8.052014595248867,,4.239942500856779,,3.130404910193122
LT_1826,0,fold0,1,,0.00040846396218023433,,6.24233766022495,,3.2796311369742512,,2.427548761980992,,8.502166589927784,,4.915169941457441,,3.981843833467172
LT_1827,0,fold0,1,,0.0004076970145536398,,6.292740194422898,,3.404449696202188,,2.5225575242082474,,8.794796875946343,,4.957009155332352,,3.9819015752619995
LT_1828,0,fold0,1,,0.0004063476971820062,,6.403596482704831,,3.146950141403505,,2.4101692260883514,,9.04931153603402,,4.789586650672779,,3.8199336468386598
LT_1829,0,fold0,1,,0.0004068961710310317,,6.608239701477091,,3.046770851567467,,2.3536575691961006,,8.844916657376471,,4.549175529837516,,3.5550137124242833
LT_184,0,fold0,1,,0.00041004415995187643,,6.454631951853596,,4.370489337730091,,3.133636644521657,,8.65103534701587,,5.00543698114747,,4.093875643739494
LT_1842,0,fold0,1,,0.0004098637417047999,,6.634023298467225,,4.388380963018951,,3.1410330085521396,,8.355179926733584,,5.174109826782242,,4.163818431423715
LT_1843,0,fold0,1,,0.00040820348508196873,,6.377498458573183,,4.215429199939187,,3.0516066933784622,,8.28441411290518,,4.8549358036696315,,3.956790909610911
LT_1844,0,fold0,1,,0.00040746992201909707,,6.267665877634881,,2.9678511938750027,,2.2480049936582933,,8.41297436462326,,4.407721903212506,,3.3559686102830906
LT_1845,0,fold0,1,,0.00040863393787198346,,6.513168397020983,,4.42997659688161,,3.199785334671492,,8.301496673998853,,5.140406208788728,,4.21933171303592
LT_1846,0,fold0,1,,0.0004060638344359647,,6.278751956610738,,3.072145530463358,,2.301628352055144,,8.182366510012404,,4.495084175275861,,3.5410066373922398
LT_1847,0,fold0,1,,0.0004097507870586218,,6.064713131009027,,2.8430899734755246,,2.145719785752725,,7.845676193509815,,4.3790696986164415,,3.371054768863642
LT_1848,0,fold0,1,,0.0004071735123920197,,6.4980598481507394,,3.365975575458066,,2.550887152338706,,8.454261726356341,,5.022217501942243,,3.996962150298721
LT_1849,0,fold0,1,,0.0004097059048722082,,6.403107606917538,,4.357530349495129,,3.144054836993601,,8.232111021618348,,5.090779612986079,,4.122526230726125
LT_1850,0,fold0,1,,0.0004107515707249699,,6.421912792640756,,3.2965239568541502,,2.5654883525584644,,8.889666181557029,,5.503170109948732,,4.159259748192416
LT_1857,0,fold0,1,,0.0004189221479998454,,6.336541876415783,,2.9779095630780956,,2.159210747368425,,8.547816740081881,,4.709189657614373,,3.7001877549757176
LT_1880,0,fold0,1,,0.00041010438487829384,,6.45005211695407,,3.1807855342769185,,2.4129585746565105,,8.35049814912007,,4.743239864601221,,3.6683845580768017
LT_1881,0,fold0,1,,0.0004131472758365645,,6.438753782057214,,4.331220959007094,,3.1139211505823887,,8.411067467991876,,5.1475780883542,,4.063547131350923
LT_1893,0,fold0,1,,0.00041573909139011773,,6.199660507698365,,3.0999159766501174,,2.3449604635236274,,8.315739839130973,,4.833491665554134,,3.8270790585160905
LT_1898,0,fold0,1,,0.00041095335059944567,,6.605681357823121,,3.3844563856099557,,2.496053943200914,,8.547783008502384,,5.11016873141983,,4.081625355431548
LT_1899,0,fold0,1,,0.00041399899660125514,,6.285430175916847,,3.21055426135267,,2.371062928000179,,8.069146126798092,,5.10569645989661,,4.080395388552633
LT_1901,0,fold0,1,,0.0004135755640414709,,6.152032570738286,,2.8603557343974937,,2.1466305592842465,,7.9727795554157606,,4.33713758688106,,3.3260943115402144
LT_1902,0,fold0,1,,0.00041047775499304315,,6.537103708392326,,3.199066696027368,,2.3880404876334858,,8.508209481391692,,5.057258951594422,,3.981455341260186
LT_191,0,fold0,1,,0.0004062490408261697,,6.4164826920856175,,3.3157380093676747,,2.436932051701776,,8.565042593779506,,5.6511773692272715,,4.343723870335822
LT_1914,0,fold0,1,,0.00040787426369112527,,6.467964348928038,,4.353957185744735,,3.109633655264838,,8.343613590319515,,5.239286768729754,,4.270202291365732
LT_1917,0,fold0,1,,0.0004062483460770174,,6.528646673464717,,4.432073616132728,,3.1364487824726726,,8.390182027871095,,5.281287111766341,,4.333580334687922
LT_192,0,fold0,1,,0.00042850374780584524,,5.843191468637727,,2.897754122176352,,2.172869902918335,,8.721662137923373,,4.767528752355337,,3.4911654822707083
LT_1921,0,fold0,1,,0.00041229922293199717,,6.318765367579835,,4.565904927164358,,3.2587035386523437,,7.794836189638018,,5.55535801055093,,4.509798833228271
LT_1922,0,fold0,1,,0.00041292733552436567,,6.6579013000765235,,3.8173022407929165,,2.821526808588463,,9.213982047545358,,6.011391487509122,,4.565738402426173
LT_194,0,fold0,1,,0.0004068907141822186,,6.527395560015595,,3.23454176006233,,2.309761315348546,,8.516080240100203,,5.089937104827552,,4.1609271581725915
LT_1959,0,fold0,1,,0.0004057467530813909,,6.3970879259061375,,3.141631440131736,,2.349804555262024,,8.600835800724688,,4.945704547737252,,4.0243471029630715
LT_1960,0,fold0,1,,0.00040567029222329104,,6.480942612498795,,3.245394112137899,,2.4033479188713525,,8.620418708683507,,4.978005355152293,,4.029486991989812
LT_1961,0,fold0,1,,0.00040645904385969156,,6.334977726312327,,3.3202126246569867,,2.5058077787687307,,8.516932940001546,,5.060253836953973,,4.102477149462681
LT_1962,0,fold0,1,,0.0004061722132689023,,6.578858614594848,,4.421457371122488,,3.114565257790471,,8.785726454453059,,5.376845931271642,,4.321760986498693
LT_1963,0,fold0,1,,0.0004064155350758606,,6.428095020210144,,3.3088907797446647,,2.503138224398846,,9.020032198137743,,5.056651854025994,,4.101829268002139
LT_1964,0,fold0,1,,0.000407673329563811,,7.681266234820893,,3.5971594699008893,,2.6151979697152474,,10.24983003240452,,5.116744515410004,,4.256872510505108
LT_1965,0,fold0,1,,0.000405882082682444,,6.553568485712933,,3.3776133810963924,,2.4617992530256894,,9.034307334893425,,5.368956992983467,,4.333925320777325
LT_1966,0,fold0,1,,0.0004054402294648464,,6.611032545787135,,3.367810378763429,,2.458353426332311,,8.45991695640546,,5.233063577135146,,4.209328785147624
LT_1967,0,fold0,1,,0.00040682855047979166,,6.661600922201554,,4.310423992879446,,3.0872714535880146,,9.345613609906962,,5.019969063679301,,4.023265957667918
LT_1978,0,fold0,1,,0.0004133112056442529,,6.267857235517903,,3.2475179423245892,,2.3765049870362165,,8.591008999126009,,4.752628230654849,,3.782072917535538
LT_198,0,fold0,1,,0.00040671279008076995,,6.476453912305698,,4.3239762911486395,,3.0776014430438807,,8.288411543728522,,5.190901330025234,,4.2390113535252505
LT_1981,0,fold0,1,,0.00041506579649876196,,6.474793668787838,,3.0303889092841123,,2.235193364733601,,8.739017735090082,,4.299549889693776,,3.190230768144099
LT_1982,0,fold0,1,,0.00041351240527746046,,6.422638991410377,,2.9329792569197073,,2.1674543264503088,,8.45988352789769,,4.248989449935676,,3.1565585217437753
LT_1986,0,fold0,1,,0.0004177991226106074,,6.05113304794216,,2.9299935611532404,,2.163757311548557,,8.455841673918032,,4.611917714122432,,3.6838865004715586
LT_1987,0,fold0,1,,0.0004096962449467636,,6.432053113443792,,3.4781848163299216,,2.605103068071428,,8.585282962965254,,5.228554680632903,,4.062854407300684
LT_1990,0,fold0,1,,0.0004176802876483237,,6.1285361160610865,,4.34844237885724,,3.183156109856901,,7.996395853266515,,5.5386897129236505,,4.45350050746162
LT_1991,0,fold0,1,,0.00041334254951267205,,6.339513760216727,,4.474566347794824,,3.176817217763496,,8.295325882043867,,5.30526451057518,,4.270546068307604
LT_1992,0,fold0,1,,0.0004129486581756561,,6.340545959926073,,3.170207441921183,,2.314585587431225,,8.24606220258976,,4.650065017460208,,3.6976398737930305
LT_1993,0,fold0,1,,0.00041369723555508,,6.477838577773186,,4.2826737778267265,,3.0454806085298562,,8.459444414000838,,4.713892341738433,,3.643547563102282
LT_1995,0,fold0,1,,0.00041454097969782604,,6.256209296951794,,4.372778851669683,,3.2026204720087517,,8.12635826814108,,5.504636429631047,,4.422108899840882
LT_1996,0,fold0,1,,0.00041103021750978595,,6.543027224290968,,3.5372161439729366,,2.6967949577495403,,8.354302184666189,,5.52563916271576,,4.368950005719883
LT_1997,0,fold0,1,,0.00041226324724658037,,6.399681212971118,,3.2830136916106096,,2.5185780626404126,,8.136874944558198,,4.972579253875424,,4.081378627763169
LT_2,0,fold0,1,,0.00042879491653640203,,5.843026332150099,,2.794240429930072,,2.0393841449436936,,8.303000874940965,,4.7541237199307655,,3.499177229054151
LT_201,0,fold0,1,,0.00041689229685379706,,5.869180214102016,,2.8222914722177186,,2.1703254471718942,,8.135743269318146,,4.73446575531742,,3.5500653931047745
LT_2012,0,fold0,1,,0.00040644949062442967,,6.270826447502576,,3.4313505271615745,,2.5285563234413537,,8.183472319137245,,5.349234664503291,,4.2676977173024655
LT_2013,0,fold0,1,,0.0004066364545911045,,6.490060985370187,,3.3346842188699175,,2.4729585630174915,,8.760550467287699,,5.061534172553051,,3.952493267585526
LT_2014,0,fold0,1,,0.00040879482999479737,,6.405280244394308,,3.263051021591665,,2.388636293935249,,8.666241842191965,,5.189772025351592,,4.146387348145257
LT_2015,0,fold0,1,,0.00040618508919817997,,6.372301350046786,,3.1629146222358373,,2.397781895407386,,8.600821184650531,,4.830399414065786,,3.8766546689494046
LT_2016,0,fold0,1,,0.0004071082972150284,,6.453107554047917,,3.022957668856149,,2.3103062187186056,,8.337260480479387,,4.423396493837229,,3.419600221759622
LT_2017,0,fold0,1,,0.0004067530489418273,,6.473662534558344,,3.337382874331424,,2.4964339998507814,,8.647031669482875,,5.054037340437529,,4.200326086674986
LT_212,0,fold0,1,,0.00041020535154796464,,6.183667161484075,,3.198780648195003,,2.4304125577183955,,7.9712539113042995,,5.195669420261494,,3.9784515063753263
LT_214,0,fold0,1,,0.0004079905713229807,,6.546799398316448,,4.371657534453548,,3.126496400612665,,8.565468919072527,,5.252313394510596,,4.195706990329607
LT_216,0,fold0,1,,0.00042470939914140624,,6.318235135821518,,3.1818418467591525,,2.406910238008868,,8.741313646536266,,5.693924477904777,,4.3608401762604085
LT_22,0,fold0,1,,0.00041631870587910576,,6.220800716374513,,2.6790323497401523,,2.0011079461737946,,8.30645805814745,,4.272301926717812,,3.1590875050471356
LT_228,0,fold0,1,,0.00041538800073435446,,6.088011934219918,,2.9620711366196097,,2.3039262629818955,,8.179788222883184,,5.532998426400499,,4.345088688945878
LT_246,0,fold0,1,,0.0004138495239048197,,6.390717967123992,,4.148871683503973,,2.994008357644224,,8.559929422455763,,4.530981953123084,,3.527624574003362
LT_247,0,fold0,1,,0.0004090205958285596,,6.997963235351594,,4.97942739495419,,3.5244261020594085,,9.141653923676182,,6.291806181569612,,4.952198873243181
LT_261,0,fold0,1,,0.0004202446848074054,,6.315997978870961,,3.1939308829496995,,2.425999566441529,,8.416377697614084,,5.4684204029482055,,4.3098123412460465
LT_262,0,fold0,1,,0.0004105248854563946,,8.02771357042015,,4.547653243808081,,3.2137173072387446,,9.973225683729554,,5.557187249941705,,4.484983584663241
LT_27,0,fold0,1,,0.00041058801568531755,,6.265972435249711,,3.0910881579998732,,2.347347861774911,,8.223076938448646,,5.301155713337635,,4.191696832579709
LT_271,0,fold0,1,,0.000421130511276244,,6.095448203915845,,3.0455086961596796,,2.370784918235692,,7.971147312720978,,4.929923017350226,,3.5501104794635374
LT_273,0,fold0,1,,0.00041799987422167124,,6.176322959447379,,3.025038750261333,,2.367360209557976,,8.126990624871636,,5.0439695673988085,,3.690175531518965
LT_276,0,fold0,1,,0.00042313000217775176,,6.22571242183133,,2.9862409220934483,,2.1850473358908515,,8.149482469277151,,5.030449133272924,,3.951666759245476
LT_278,0,fold0,1,,0.0004155331837476673,,6.208197773079259,,2.739489874931655,,1.9780406418482612,,8.045029945633285,,4.100883262251535,,3.0525994227538362
LT_279,0,fold0,1,,0.0004169570073989468,,6.77829437589848,,3.3743143732336196,,2.532976513284198,,8.989536410674779,,5.533585792264833,,4.441660517192665
LT_280,0,fold0,1,,0.0004225415012991951,,6.102820440122445,,3.0629584337083613,,2.304412804610325,,8.560289022378727,,5.461829221980685,,4.274551043403354
LT_287,0,fold0,1,,0.0004068984758492985,,6.274978972452869,,3.129628834974493,,2.3030333538362813,,7.890038708924389,,4.605938604225943,,3.6351226371472576
LT_298,0,fold0,1,,0.0004136846342044486,,7.337429851095338,,3.7323608945493882,,2.745532060775405,,9.922047412546817,,6.173482235906685,,4.713186528761728
LT_302,0,fold0,1,,0.0004089176510710859,,6.2944691442999074,,4.346425694092816,,3.122907719352968,,8.507934240371029,,5.099717084237572,,4.104406408471672
LT_306,0,fold0,1,,0.00042522278631496394,,6.07739164471071,,3.182523310370049,,2.370377937244036,,8.515519504889305,,5.536165501922816,,4.390640395297879
LT_307,0,fold0,1,,0.0004137368320824373,,7.229764919780292,,4.959365038482389,,3.529811053073132,,9.511445205098095,,6.480195253199812,,5.157696664362804
LT_308,0,fold0,1,,0.00041626604301166735,,6.265501713053209,,3.9933132179897517,,2.959980550602971,,8.27913633972926,,4.424271232623064,,3.3739157294824333
LT_310,0,fold0,1,,0.00040746623847888637,,7.134697172647826,,3.3628633467756637,,2.5235537613442762,,9.54395766108152,,5.004647005483063,,4.175284270763583
LT_311,0,fold0,1,,0.0004097053337523103,,6.3642383333944625,,4.5097247545000805,,3.2800881313368144,,7.910622511155845,,5.398090527263297,,4.091792235882577
LT_315,0,fold0,1,,0.0004095663738193523,,6.139141697313691,,2.8126868785525962,,2.197205270479852,,7.925836036969655,,4.160618065390759,,3.20886707219097
LT_319,0,fold0,1,,0.000414275683433012,,6.006686930261455,,2.718258797096543,,2.0617503970798117,,8.125739298196756,,4.099136038326663,,3.0824417282670673
LT_322,0,fold0,1,,0.0004124978421370072,,6.422552429303038,,2.8999384115241575,,2.1452864130848814,,8.282614751227461,,4.345855948817257,,3.2570461988621173
LT_326,0,fold0,1,,0.0004089723845251657,,6.473065208046214,,4.390646389125787,,3.123641621224497,,8.292589502654916,,5.2463176769887685,,4.165085055893748
LT_328,0,fold0,1,,0.00041246732702590605,,6.5795718572735735,,4.647039099884767,,3.300684996094133,,8.654860921370403,,5.902902598022112,,4.565061434105051
LT_329,0,fold0,1,,0.00040633732682919706,,6.410246269636777,,3.364089112744642,,2.5524424112115724,,8.459542885725854,,5.169165171205421,,4.134278173688194
LT_330,0,fold0,1,,0.00040737678531384096,,6.44970277113118,,3.3944243258882065,,2.5515220309994557,,8.795854751997712,,5.0265666241876445,,4.190895552226098
LT_331,0,fold0,1,,0.00041166375914277603,,6.169075194402667,,3.0273895218834848,,2.3084010210627475,,7.9019310268334095,,5.100171766104451,,4.0112296226303155
LT_333,0,fold0,1,,0.0004164298609325833,,5.909953075323792,,2.729048110639857,,2.1066477862779323,,8.060089334888703,,4.396305952878686,,3.4334991117436076
LT_334,0,fold0,1,,0.00041160189412401717,,6.265630954158856,,4.3566641538993895,,3.1072272775250243,,8.17625584365264,,5.102275072918996,,4.12310336483335
LT_335,0,fold0,1,,0.0004134190846787015,,6.2898141953237126,,3.3213513521335143,,2.5270402351382293,,8.482619402870647,,5.271523406149782,,3.8560504426606683
LT_337,0,fold0,1,,0.00041883035843854645,,6.2221118433237805,,4.475143967154415,,3.204891207822086,,8.406131535066537,,5.252076639058247,,3.918776215767302
LT_338,0,fold0,1,,0.00040764303940791537,,6.141820393205307,,3.1286748777757225,,2.430791115377044,,7.8206606582361236,,5.462912393895063,,4.2739733635510255
LT_340,0,fold0,1,,0.0004106957123557065,,6.491818777441293,,4.61607634955977,,3.338086597389251,,8.14749791716857,,5.655154324423855,,4.517495017283793
LT_342,0,fold0,1,,0.00041391420683977234,,6.350558975497402,,4.536778202111561,,3.259121593322853,,7.939611875313116,,5.274240138663271,,4.212574906296134
LT_343,0,fold0,1,,0.0004162691469049764,,5.931920088608288,,2.789501420520482,,2.126686628927273,,8.16049656814911,,4.570104566988621,,3.3342583365472356
LT_345,0,fold0,1,,0.0004080444257863764,,6.230297226731304,,2.919615957017259,,2.200220624052547,,8.238021155685365,,4.4729177647933005,,3.414373747227445
LT_348,0,fold0,1,,0.0004096047111139794,,6.570386586799162,,3.159955691951433,,2.3021307513462537,,8.889376700482801,,4.526988855143085,,3.489643385046891
LT_359,0,fold0,1,,0.0004154347377255223,,6.290336303624076,,4.357907979173242,,3.11964266189093,,8.27802610328362,,4.990583071724104,,4.14054102974235
LT_362,0,fold0,1,,0.00041718332255464424,,6.091578194938263,,2.6374926606805684,,1.978983223224492,,8.166812654844009,,4.022786291260349,,3.0419438139488046
LT_364,0,fold0,1,,0.0004095540418484391,,6.120140935359747,,3.0425738977604806,,2.2992431466203693,,8.191477548581544,,4.991549403550325,,3.745694354452963
LT_366,0,fold0,1,,0.00040742950644276354,,6.432277412958113,,3.1776731533089553,,2.4089260748658488,,8.424410860925782,,4.906420294084231,,3.978124548943039
LT_369,0,fold0,1,,0.0004127364128638112,,6.089125967783578,,2.8506222207174154,,2.146282457231105,,8.159243169912395,,4.792884562321556,,3.5855352984481295
LT_372,0,fold0,1,,0.0004130640692613062,,6.336742110402231,,4.120741268522844,,2.9803431047779703,,8.202726999249911,,4.604375323923756,,3.656179647658432
LT_376,0,fold0,1,,0.00040841522459458476,,7.240556563580222,,3.431627004250346,,2.4935293037870574,,9.744627206933087,,5.052943309072878,,4.162992545608931
LT_380,0,fold0,1,,0.00040866412481139515,,6.287196906304507,,2.9811586572524433,,2.2269840591941144,,8.3528629370512,,4.363134806207426,,3.5373151750139007
LT_383,0,fold0,1,,0.0004124870022668269,,7.136788740700559,,3.434379928868681,,2.5295731515345015,,9.755182348631774,,6.002597275747169,,4.708247373284396
LT_396,0,fold0,1,,0.00040907738969005875,,6.22175676219947,,2.9850665910896548,,2.201047155205235,,8.090026417676786,,4.9039816309255375,,3.9641064668203003
LT_418,0,fold0,1,,0.00041436176400462196,,6.3112556487068,,4.471031233273791,,3.2531220744658738,,7.955304709229735,,5.248047041073503,,4.245779028326952
LT_42,0,fold0,1,,0.0004237068811550962,,6.038921609531736,,2.9078120274717905,,2.1612627275899308,,8.688580157263658,,4.892356944647212,,3.5358526016327656
LT_437,0,fold0,1,,0.00040625149925451257,,6.599176303808827,,4.36407834137109,,3.112176572909416,,8.296411473792087,,5.3510081700741505,,4.22932197554441
LT_448,0,fold0,1,,0.0004148752068045443,,6.155674569450777,,2.8733492106983634,,2.1691244522419937,,7.993375247657578,,4.196411776382178,,3.125088677077299
LT_449,0,fold0,1,,0.00041283821334887373,,6.293342160972329,,3.1151245303374298,,2.368271069565924,,8.278261784769594,,4.659273782576423,,3.6948418170297384
LT_451,0,fold0,1,,0.00041048379677838254,,6.367675098201105,,2.842970835037357,,2.118909075280639,,8.415273626786746,,4.139358064896036,,3.1630189959139487
LT_455,0,fold0,1,,0.00041369413269271016,,6.161797672851657,,2.9704334261219523,,2.190884008908739,,8.395818458621461,,4.633760670436615,,3.6856329237671837
LT_462,0,fold0,1,,0.0004137946358198485,,6.503077637944467,,3.201694403884118,,2.3666410008789245,,8.35029417270822,,4.459848896230445,,3.3859661831262677
LT_464,0,fold0,1,,0.0004095475552277558,,6.431660533836747,,3.2143654970063964,,2.39953791002357,,8.419637491435575,,4.865027408962646,,3.9578238681882585
LT_466,0,fold0,1,,0.00040845369716605885,,6.242338225239436,,3.0281774360874167,,2.266817265208749,,8.151365410339519,,4.736688266297369,,3.9344120566609373
LT_470,0,fold0,1,,0.0004117217639610371,,6.362929373294179,,4.4469703323947725,,3.253410217897984,,7.981208842447618,,5.351393053826986,,4.077521085783241
LT_472,0,fold0,1,,0.0004096138670863069,,6.406118866359576,,2.7951898935218153,,2.121727156640739,,8.645140844722366,,4.393529084144893,,3.3903449698566517
LT_473,0,fold0,1,,0.0004093772520034171,,6.457933635295403,,4.801863400631591,,3.4079751005414,,8.036018621410983,,6.2300058348830305,,4.9146251646381005
LT_476,0,fold0,1,,0.0004139627029994611,,6.522250956473882,,4.574138174147472,,3.2284784796214385,,8.527466208167771,,5.21306694785067,,4.29044888405496
LT_477,0,fold0,1,,0.0004150819003242868,,6.35130496169339,,4.21062548830424,,2.9962518763149086,,8.020997600034557,,4.5500535378959395,,3.499124516435354
LT_478,0,fold0,1,,0.00040608708801934644,,6.609255212768438,,4.855669306790095,,3.408644451541972,,8.141792589529395,,6.259042571270073,,4.974106089429793
LT_481,0,fold0,1,,0.00041275792330143675,,6.539006852962442,,3.2753240662919962,,2.3983326820322755,,8.621593301095782,,5.3135089099343995,,4.244460346140567
LT_482,0,fold0,1,,0.00041107691040726847,,6.713256910840215,,3.635842583836299,,2.6681657810711945,,8.743008369552756,,5.921917378085448,,4.544747086351394
LT_487,0,fold0,1,,0.0004102572308847634,,6.547272904738667,,4.416248032281582,,3.1233015166814715,,8.468745576508198,,5.000479315967605,,3.800436918720239
LT_488,0,fold0,1,,0.0004103689139705897,,7.2360294601374004,,4.977849744606716,,3.5137513635521045,,9.199834076554545,,6.446297888822636,,5.097906496680291
LT_489,0,fold0,1,,0.00040732987882589715,,6.615908514618839,,4.605814082649756,,3.2381371400952617,,8.472446594455143,,5.523025300541117,,4.399879458758932
LT_490,0,fold0,1,,0.00041214048835542215,,6.374673222061734,,2.6474551035941825,,1.9441370297185854,,8.3546104199476,,4.07922691663148,,3.016478955297424
LT_491,0,fold0,1,,0.00040612396073185994,,6.218194891738563,,3.336691707529318,,2.5022493259596583,,8.137638475586163,,5.214912786699635,,4.228872695768851
LT_496,0,fold0,1,,0.00040738646436351555,,6.602100769431425,,4.66708448185639,,3.3132219253626323,,8.19708349756454,,5.606010293659955,,4.2712233481947965
LT_497,0,fold0,1,,0.0004179182552502495,,6.259915454922595,,2.667147497934629,,1.965178014714592,,8.382252858911523,,3.9708938130580194,,2.8693540827036204
LT_50,0,fold0,1,,0.00041940859867568674,,6.008589077183976,,3.1069452969621443,,2.4323525731568956,,8.051837990321872,,5.377649826278477,,4.175771917107183
LT_501,0,fold0,1,,0.00041180735635755646,,6.426415282877719,,3.258324238353295,,2.513308755407686,,8.552903685785617,,5.474582095599764,,4.2972042164626245
LT_503,0,fold0,1,,0.0004167892271322582,,6.055633129210125,,2.860401118403013,,2.1479399392045804,,8.382287187570844,,4.873673467736535,,3.9340503373188387
LT_504,0,fold0,1,,0.0004183804451350064,,5.955158295747729,,2.907574148951724,,2.2127718831979886,,8.284605132166103,,5.1525037743961475,,4.1285390252015794
LT_505,0,fold0,1,,0.00041863301711947236,,6.086811846486875,,2.702052287257704,,1.9937392859643834,,8.331102649740616,,4.3586825267888925,,3.3770808032140134
LT_520,0,fold0,1,,0.0004185753327903812,,6.234947168646286,,4.342750614330417,,3.098570056358599,,8.50458723607217,,5.026019905300004,,4.131799519390651
LT_521,0,fold0,1,,0.00040971401356680245,,6.048453155886656,,3.0701426496987487,,2.3361389234797065,,7.888408446996428,,4.7368306135447025,,3.4877149134718466
LT_525,0,fold0,1,,0.0004151415019368384,,6.530636293333516,,4.3848378372484005,,3.1406858776458075,,8.514971368620845,,5.035138895735125,,3.985000266454544
LT_526,0,fold0,1,,0.0004151377679463813,,6.491714942370634,,3.3801134180391275,,2.5824012586775713,,8.926476021700957,,5.525157807532629,,4.1381050896907485
LT_534,0,fold0,1,,0.0004157372130013659,,6.135227059099573,,3.1791815572795863,,2.3731689582700928,,8.533671958293336,,5.4290342974781725,,4.294225530939408
LT_535,0,fold0,1,,0.0004178685982870623,,6.432422744160611,,4.480906640728815,,3.203861974567653,,8.48183056816674,,5.705678209650695,,4.423929661892182
LT_545,0,fold0,1,,0.00041210005653163906,,6.30011682719676,,3.1432574647422165,,2.3604532165167,,8.26995259972829,,5.132543657970031,,3.9321822235735118
LT_546,0,fold0,1,,0.0004152734590872221,,6.376026920659883,,3.124300513847579,,2.2885833563816105,,8.070938222709854,,4.601268263783672,,3.539289782507241
LT_55,0,fold0,1,,0.0004067648483473685,,6.076834348812347,,2.971147021010868,,2.2829754871580312,,8.223245019849681,,4.608997481240926,,3.52226747223909
LT_550,0,fold0,1,,0.00041532357623534286,,6.460112127296524,,2.851368240894707,,2.1323558304189456,,8.399351594168506,,4.297612011708642,,3.382226464836656
LT_554,0,fold0,1,,0.0004079405574886029,,6.377418554295605,,3.182454640477896,,2.343518441718004,,8.194826626719852,,5.079989322878893,,4.1241129088426405
LT_557,0,fold0,1,,0.00040557907983514337,,6.493610366893063,,3.3961049995481476,,2.5114085255035916,,8.99840245371151,,5.454287612042416,,4.301294871144465
LT_563,0,fold0,1,,0.0004195777289645961,,6.3369962287876005,,3.204909162283206,,2.290518702222141,,8.582685998489115,,4.914007531497825,,3.8804773005196656
LT_568,0,fold0,1,,0.00040663534200384953,,6.534334847296255,,4.648040183663908,,3.300060954154348,,8.248991126819027,,5.540455712748844,,4.534437827772061
LT_57,0,fold0,1,,0.0004120346917225407,,6.046082050375472,,2.618799416345023,,1.9105562276318084,,8.19732751042988,,4.053306666685783,,3.080363499651856
LT_572,0,fold0,1,,0.00040654568718322473,,6.26273964207879,,3.3098964790900274,,2.5018710297758515,,8.250328352193451,,4.823416469833258,,3.653620395222287
LT_584,0,fold0,1,,0.0004068001531530672,,6.382837590958706,,3.0869582027702873,,2.3308726639805855,,8.15524305269928,,4.615897512439544,,3.6087705959255985
LT_600,0,fold0,1,,0.00040957667734687307,,6.187938571576176,,3.2163242170070085,,2.4379480946284886,,8.026187085570406,,5.457049449192697,,4.336234284063395
LT_606,0,fold0,1,,0.00040608902012800006,,6.422530783154536,,3.1265047967738493,,2.3540489016872432,,8.1806203132299,,4.890981769290228,,3.9591120700871145
LT_622,0,fold0,1,,0.00041425047543487345,,6.260350742229921,,2.8865181823157458,,2.160357148033695,,8.459114873575919,,5.069144289992208,,3.9344258459600248
LT_624,0,fold0,1,,0.00041363670885103017,,6.153898659556737,,3.1133266112138864,,2.3407680271004785,,8.22310139880249,,5.319297640705973,,4.278112880982808
LT_625,0,fold0,1,,0.0004143321878414645,,6.169933713160368,,3.2145451259969104,,2.4423989408159885,,8.133223743688758,,5.521233021408898,,4.394825084170519
LT_634,0,fold0,1,,0.0004161905349830512,,5.998994190006417,,3.0941762857167894,,2.337528368655927,,8.08300038609526,,5.22032255974558,,4.287711115676235
LT_641,0,fold0,1,,0.0004060077074251253,,6.534995909069142,,4.481546416308375,,3.1200891150362016,,8.947037520992994,,5.395288411342093,,4.368076576612734
LT_650,0,fold0,1,,0.0004139407778112614,,5.8601324389611165,,2.5678168041445915,,1.987257613133072,,8.078543637646854,,4.247518254001898,,3.2156352703213242
LT_653,0,fold0,1,,0.0004131769913840802,,6.184467869958068,,4.159852033655227,,3.010874849834398,,8.177298276824397,,4.7066859147556395,,3.7010633296670976
LT_657,0,fold0,1,,0.0004143859753078221,,6.201378693497427,,2.8335756592039405,,2.0668530883697813,,8.62683432812192,,4.527986012937878,,3.5102040679031417
LT_669,0,fold0,1,,0.00040745337241681646,,6.77569588482414,,4.433968281046429,,3.2331053118170523,,9.331959865713559,,5.493270342554266,,4.608180213714629
LT_673,0,fold0,1,,0.0004128721154620669,,6.234776720441991,,2.8237441749899155,,2.1189042724574048,,7.990853444553656,,4.321144533879612,,3.1778085293541514
LT_675,0,fold0,1,,0.0004097236192287367,,6.267000305487534,,2.7959894557145955,,2.1060515742644834,,8.482054400470071,,4.23371681131663,,3.275555114602194
LT_676,0,fold0,1,,0.00040527526542007315,,6.377993034293796,,3.3812763041248073,,2.4997368848004404,,8.569319144944124,,5.473309399943196,,4.315324519242718
LT_681,0,fold0,1,,0.0004079691317429874,,6.7655063933688595,,3.416782456107356,,2.6073296544883364,,8.93164291887628,,5.111858475125987,,4.200747988230786
LT_683,0,fold0,1,,0.0004067666639144124,,6.527675603593303,,4.398045351769057,,3.1029308443548658,,8.322256135656708,,5.320955921429638,,4.254658013320424
LT_685,0,fold0,1,,0.00041188973243596466,,6.299704117083536,,2.7240173675628716,,2.0204215726184684,,8.371143118441154,,4.5018523084309185,,3.405532664178016
LT_692,0,fold0,1,,0.0004145132126644538,,7.270612217679374,,3.3722159181777145,,2.442485931776933,,9.536778857211257,,5.150223117901654,,4.014533852802343
LT_699,0,fold0,1,,0.0004075713111608755,,6.4608736907802475,,4.245553439629912,,3.0007429189644848,,8.339668604583768,,4.809723986534431,,3.867887480357452
LT_707,0,fold0,1,,0.0004107765298156773,,6.560756618162175,,2.9185882455395036,,2.1859461769580735,,8.528750096883202,,4.601594148779652,,3.7103964522854858
LT_721,0,fold0,1,,0.00041248130348885137,,6.3358696475733876,,2.9259965796246745,,2.171482317772524,,8.696842941640055,,4.360813007348096,,3.312492501390424
LT_735,0,fold0,1,,0.00041260836494963656,,6.177745834058431,,2.8397651263314536,,2.0970280625014346,,8.013169126240111,,4.227046888671223,,3.0895104871367995
LT_737,0,fold0,1,,0.00040971858112872316,,6.556807670806159,,4.248143390436252,,3.0136621827655503,,8.505707645248574,,4.776893742415106,,3.9965877746766716
LT_738,0,fold0,1,,0.000409789603819365,,6.70909227576549,,3.500750008122495,,2.518660735554325,,9.141783303842015,,4.952733592109193,,3.9721013681539366
LT_752,0,fold0,1,,0.0004089337116274308,,6.535967887847848,,4.28624993921866,,2.995498317188378,,9.032009853184263,,4.782539263042658,,3.83894201528833
LT_761,0,fold0,1,,0.0004072964049120515,,6.562452605844496,,3.2123267030115126,,2.355139536402323,,9.14202843807358,,4.874106036248256,,4.0615505597695885
LT_764,0,fold0,1,,0.0004088195201509808,,6.432119906167903,,3.119797306369825,,2.306115196850709,,8.721089424744203,,4.641708990454335,,3.606418116109676
LT_765,0,fold0,1,,0.00040934208564052076,,6.747428720099361,,3.4192574997052096,,2.5320526000557333,,9.112712537666251,,5.274421384759815,,4.279621888562381
LT_766,0,fold0,1,,0.0004133740465424966,,6.219841598060907,,2.8609558588949278,,2.1539865397045,,8.351467540734088,,4.236976922323199,,3.2312859380059695
LT_774,0,fold0,1,,0.00041080878678506627,,6.5441062338939116,,3.4371669944050414,,2.5295589441660242,,8.457289562755157,,5.109094401348139,,4.081201113036686
LT_777,0,fold0,1,,0.00041008961796991546,,6.980621981271792,,4.744691740354378,,3.3288937067817805,,9.311139877352323,,5.676168264528726,,4.728574390503387
LT_784,0,fold0,1,,0.0004092091285631764,,7.797752675683965,,3.55916370610392,,2.605994983106486,,10.622667112407875,,5.592352048786244,,4.504641706951829
LT_788,0,fold0,1,,0.0004108102795562455,,6.752465026441984,,4.8889740414304885,,3.4101923949965403,,8.745968492562403,,6.172227216852205,,4.7775338016730835
LT_793,0,fold0,1,,0.00041822477598578434,,6.17502324025546,,2.7751799232911516,,2.0758369649379684,,8.128488805528054,,4.0357955081856645,,2.9232644834165398
LT_797,0,fold0,1,,0.00041055100158881967,,6.54038697033742,,3.2872151660589015,,2.492483600850261,,8.307756719649975,,4.984720602139688,,4.09617686137079
LT_805,0,fold0,1,,0.00041739803699449365,,6.3162509659955735,,4.390693913672234,,3.1392683227655387,,8.484164494688908,,5.092562865687583,,4.086105850348213
LT_852,0,fold0,1,,0.00041660427598494247,,6.165125098944503,,4.549208004556562,,3.2496115434757376,,7.8458307323389445,,5.8200412545120095,,4.645867249119902
LT_854,0,fold0,1,,0.00040954485381508067,,6.4218027545376914,,4.566858357394501,,3.2809485351041556,,8.216111675306989,,5.461653612979424,,4.5631432187923515
LT_868,0,fold0,1,,0.0004116821138907094,,6.548055471158614,,3.591634185653722,,2.659329115081172,,8.626795242884295,,5.840248104357107,,4.45703721191369
LT_869,0,fold0,1,,0.0004155170853464892,,6.397326536866335,,4.375443259562978,,3.121037394425499,,8.508804354098816,,5.019226618392047,,4.061392508003596
LT_874,0,fold0,1,,0.00040969646402838275,,7.742532536790862,,4.939009051530274,,3.442302867411701,,10.297136803782665,,6.296992755115468,,5.009282691005538
LT_875,0,fold0,1,,0.0004127045244629018,,6.448914233001362,,4.247326829960776,,3.0489569067717532,,8.469347883098523,,4.685400509918429,,3.739395120877102
LT_878,0,fold0,1,,0.0004126853649509682,,6.461520346285945,,4.259169364996849,,3.0590660824724987,,8.413774868882522,,4.766012572623564,,3.7681004595164516
LT_879,0,fold0,1,,0.00040875656083624694,,6.983685319047588,,4.864998606345395,,3.4391189317434825,,8.888759491432598,,6.070021535744362,,4.741518391487803
LT_880,0,fold0,1,,0.0004147268340253009,,6.517237075389939,,4.2649992968400054,,3.0284427037725803,,8.660992182975821,,4.635142195596934,,3.595503485304853
LT_884,0,fold0,1,,0.00041419644963948746,,6.881371815826043,,3.2444322021083276,,2.4031487513076,,9.448935344543871,,5.0637742802181975,,4.106092638096093
LT_886,0,fold0,1,,0.00041487551974402244,,6.245312780446592,,2.9063396284913834,,2.128280205447095,,8.100980025690875,,4.286533597408234,,3.25910628071671
LT_889,0,fold0,1,,0.0004106180434590243,,6.4974125600072,,4.48791249986672,,3.2097773114932453,,8.458378090944159,,5.2942891906924645,,4.233967446744792
LT_89,0,fold0,1,,0.00041324633892253666,,6.1962722071962295,,2.9770079285786606,,2.238752876376755,,8.193699671175471,,4.958822978816238,,3.8336239094271125
LT_894,0,fold0,1,,0.00041328808198694625,,6.435803006893891,,4.4323075698553795,,3.1751577566992197,,8.670686308638324,,5.243838488089102,,4.192443186169271
LT_901,0,fold0,1,,0.0004117551316090151,,6.453106201225374,,4.587035428585929,,3.3072314165143992,,7.939923689715843,,5.768931358450189,,4.531773628569827
LT_902,0,fold0,1,,0.00040930685034621696,,6.4268891187835475,,2.974734373552084,,2.251888885833423,,8.426589528174567,,4.470960475917918,,3.533741107958803
LT_91,0,fold0,1,,0.0004163554405273717,,6.188148106351589,,2.9798826268597516,,2.2254245867063975,,8.116738127176996,,4.567037061774877,,3.3049656449109888
LT_912,0,fold0,1,,0.00040869897953257905,,6.446581502654458,,3.228856261721295,,2.3380173224882457,,8.343007333118619,,4.517733319881467,,3.440237527791545
LT_913,0,fold0,1,,0.00040948487587261044,,6.6034355810566385,,4.499517733684513,,3.226519164581025,,8.360591185580875,,5.270226705076924,,4.276277802301694
LT_918,0,fold0,1,,0.0004121738343191711,,6.488934868465967,,3.141526078534943,,2.2570553366757684,,8.37053703334849,,5.028384380984742,,4.071696920734695
LT_919,0,fold0,1,,0.0004096829368013914,,6.209296099303443,,3.0765963032371215,,2.3942217228822993,,7.961819440639549,,4.535519540756785,,3.376256384805741
LT_921,0,fold0,1,,0.0004175364326543581,,6.274661488827322,,4.270193289855181,,3.022456010419953,,8.532918164546857,,4.625694790444557,,3.6662133156577466
LT_928,0,fold0,1,,0.00040930942677133535,,6.3785746487650155,,3.1106488714837206,,2.3734758906105933,,8.593579766461918,,4.5925899851961125,,3.465293910334121
LT_933,0,fold0,1,,0.00040814540060569136,,6.507877387592452,,3.4403726303047257,,2.558856691896558,,8.72934584509635,,5.687599272649772,,4.568358240409718
LT_939,0,fold0,1,,0.0004135177010053514,,7.452619475162582,,4.545867767190514,,3.217629860299568,,9.786258686315023,,5.441361057612453,,4.364148532826268
LT_944,0,fold0,1,,0.0004106791095264961,,6.334875644351385,,3.10485466259693,,2.369243366398413,,8.32603034818543,,5.541131299510661,,4.336592840757567
LT_965,0,fold0,1,,0.0004133044612788517,,7.313253693854749,,4.519887908518342,,3.214543682761795,,9.733749164812556,,5.3787720907968986,,4.394854437557108
LT_982,0,fold0,1,,0.00041383574553228823,,6.316576393690805,,4.197289599223878,,2.9953386767343777,,8.505791910210935,,4.489531257617051,,3.4692764941689807
LT_990,0,fold0,1,,0.0004070173183796325,,6.600217661001423,,4.747342718122557,,3.336778788297086,,8.2952377096758,,5.753808159250486,,4.514811342601443
LT_999,0,fold0,1,,0.0004110928015481959,,6.868336725079979,,3.342998844774932,,2.480871786171605,,9.58545493118445,,5.605006891822831,,4.446048049812368
PCL_32479,0,fold0,1,,0.0004121232304495851,,5.2061358717783595,,2.890895606144556,,2.2113205138714056,,7.8388653805472055,,4.616112205434481,,3.687634710571328
PCL_PCL0191,0,fold0,1,,0.00040268857079679005,,6.030569301587295,,3.8906184892275375,,2.950745742962694,,9.21249370202465,,5.560798629096589,,4.505448672430532
PCL_PCL0193,0,fold0,1,,0.0004148315038678598,,5.784797995650179,,3.765508290930558,,2.938331670808672,,8.172177951905773,,5.09539817602121,,3.9490446452804697
PCL_PCL0198,0,fold0,1,,0.00040942710962916726,,6.408357437815573,,4.325566270335888,,3.2139912063377087,,7.839533139417131,,4.826572407582536,,3.589796682136414
PCL_PCL0200,0,fold0,1,,0.00040879227634180344,,5.393583036987986,,3.5643611646096613,,2.8622912356116905,,7.873329498997291,,4.641839885534424,,3.7907200978532427
PCL_PCL0202,0,fold0,1,,0.0004078890756695208,,5.670193411804293,,4.359931496713106,,3.2662487040807773,,7.8222769460791355,,5.779543118432789,,4.652051223993608
PCL_PCL0205,0,fold0,1,,0.0004230398533342193,,5.314887377132665,,3.8764497388130876,,3.0271674119425156,,7.6938475519086165,,5.254301367626616,,4.190281309119198
PCL_PCL0309,0,fold0,1,,0.00042985507998894064,,5.564962418854716,,4.405681260222807,,3.2069910492656213,,7.847242628614365,,5.135032984436669,,3.9690448152001245
PCL_PCL0310,0,fold0,1,,0.0004218848289741627,,5.683962887879986,,4.164256333453859,,2.921563090485191,,7.407787657110958,,4.9173047027299495,,3.6727723947804405
PCL_PCL0311,0,fold0,1,,0.0004278608094915159,,5.268044672713172,,4.1392300289489805,,3.077389978292388,,7.202078191855068,,4.863354034974942,,3.794108305846541
PCL_PCL0312,0,fold0,1,,0.00042023961710780343,,5.692881703982995,,4.337958090610216,,3.056871188276703,,7.343320900229408,,5.348121931395541,,4.211495370173516
PCL_PCL0313,0,fold0,1,,0.0004230721451988946,,5.8243081936894825,,4.540236845640929,,3.0914113285627196,,7.814044877769482,,5.648770682798696,,4.399659241754652
PCL_PCL0314,0,fold0,1,,0.00042535016228529773,,5.957720364932387,,4.621241097520171,,3.318795222785076,,8.01463066862117,,5.486259607474406,,4.300862342622553
PCL_PCL0315,0,fold0,1,,0.00042383140676620183,,6.063260748550743,,4.824479811685487,,3.3769915515070226,,8.039238421453543,,5.873359012146737,,4.646887859237177
PCL_PCL0316,0,fold0,1,,0.0004189790386970784,,6.4136975027707,,4.768845491241963,,3.4463439361409898,,8.142562159603042,,5.468927431933438,,3.9405944692164683
PCL_PCL0317,0,fold0,1,,0.00042131350446575344,,6.431705219306596,,4.801460597822193,,3.4472985889946344,,8.1149406161454,,5.503244438626079,,4.055601209171583
PCL_PCL0318,0,fold0,1,,0.00041940609877970554,,6.104005791723039,,4.917284317902143,,3.4332521730048446,,7.88278282801445,,5.75639092797971,,4.704846507755838
PCL_PCL0319,0,fold0,1,,0.000417210772026012,,6.104843495863844,,4.282947385766608,,3.114736168625135,,7.82228829231232,,4.891102768875369,,3.6615135613539023
PCL_PCL0320,0,fold0,1,,0.00041690379532853886,,5.950224022459848,,4.380456970714719,,3.2124280919211388,,7.783175953288125,,5.0475556043554315,,3.709286855324859
PCL_PCL0321,0,fold0,1,,0.0004206226369192368,,5.669412968616877,,3.8928257591655986,,2.9204837498112317,,7.532532202513447,,4.654408398427609,,3.5009016219971465
PCL_PCL0322,0,fold0,1,,0.0004174647914625008,,5.859772059564944,,4.386001886599643,,3.2624170298331316,,7.938774244485902,,5.099152477931884,,3.978333018482477
PCL_PCL0323,0,fold0,1,,0.0004148843892149978,,5.943592141285984,,4.3976851823624195,,3.2583319512979845,,7.872051512665178,,4.903175109809553,,3.788461389102315
PCL_PCL0324,0,fold0,1,,0.00042030208875192855,,6.082814217472823,,4.360429320204213,,3.2135507040269466,,7.79203460883073,,5.094212112835164,,3.943423143782426
PCL_PCL0325,0,fold0,1,,0.0004220046406315011,,5.97342277835024,,4.263562801063748,,3.0990494069242276,,7.864657320788033,,5.047462729618627,,3.842322331453169
PCL_PCL0329,0,fold0,1,,0.00042146464262441015,,4.97387276086428,,2.7621666173186212,,2.1171764163892144,,7.362183891913455,,4.402129053791392,,3.351847531382878
PCL_PCL0365,0,fold0,1,,0.0004312927227328057,,5.790115664972649,,3.380049950575617,,2.4738443318473777,,8.3896131217365,,5.615719134663515,,4.165053043626174
PCL_PCL0366,0,fold0,1,,0.00043140828193267804,,5.231534548138947,,3.0107758607200306,,2.29965183195958,,8.251340955466972,,5.095899145384286,,3.821167624882545
PCL_PCL0367,0,fold0,1,,0.0004295630265454837,,4.855506027250472,,2.767986780592665,,2.112162677102865,,7.566795245153552,,4.960993106928042,,3.644850940140614
PCL_PCL0368,0,fold0,1,,0.00043124412775319074,,5.803978071352446,,2.820542065951261,,2.177205889603943,,8.337829610768054,,4.880410210845207,,3.392862588666206
PCL_PCL0369,0,fold0,1,,0.000426934198342643,,5.4059759230331865,,3.0725762278870854,,2.367218580680136,,8.346725484781196,,5.1596023068190195,,3.8867727573327926
PCL_PCL0370,0,fold0,1,,0.0004299225158970101,,5.059250929863091,,2.969104897273279,,2.212327384644149,,7.8763403424778415,,4.987372076427488,,3.5297434455679215
PCL_PCL0371,0,fold0,1,,0.0004286104991834995,,5.181374042563768,,3.0345116516388697,,2.2634067572171697,,7.981218576680272,,5.234367462734419,,3.788562434413729
PCL_PCL0378,0,fold0,1,,0.00043030341932651615,,6.151381555339834,,3.681450990290552,,2.7224377118273266,,8.162530063611326,,5.7761541873481015,,4.344767790219808
PCL_PCL0379,0,fold0,1,,0.00043096734451892986,,5.290227341811955,,3.261679710377935,,2.3468916713471457,,8.102834242041578,,5.682193563172396,,4.461854272536315
PCL_PCL0380,0,fold0,1,,0.0004298773099390748,,6.056539499236812,,3.1894216233011052,,2.2970584906537943,,8.563133285568007,,5.2780705987144225,,3.965812297294025
PCL_PCL0381,0,fold0,1,,0.00043279034550385356,,5.877781781560444,,2.935585731390126,,2.1061019020268,,8.678612645918621,,5.47245089777724,,3.847137448810425
PCL_PCL0382,0,fold0,1,,0.0004292603387724709,,5.704456908459117,,3.271925812635557,,2.5333163865168653,,8.279954342491688,,5.811437149657939,,4.449890567478176
PCL_PCL0383,0,fold0,1,,0.0004336878153792835,,5.120810935602633,,2.5388666303974023,,1.832880800400803,,8.778970511043696,,4.64698771451673,,3.358075026168517
PCL_PCL0384,0,fold0,1,,0.0004319678689686732,,6.1218426056084985,,3.274509090614906,,2.372361045256551,,9.395965677894498,,5.68387392703705,,4.379133558894802
PCL_PCL0417,0,fold0,1,,0.00041451950169384133,,5.7998359892347215,,2.8375329838902146,,2.116366351559688,,7.662662434126465,,4.599778734159375,,3.405958075911324
PCL_PCL0418,0,fold0,1,,0.0004132607232252526,,5.6032236749963875,,2.811970704120831,,2.1517041349218626,,7.458593290286045,,4.305002288497658,,3.1885692275480912
PCL_PCL0419,0,fold0,1,,0.0004140114693208137,,6.448649421026709,,3.0827866496903744,,2.375663179537972,,8.556311779090402,,5.508074841532268,,4.0639738015755364
PCL_PCL0420,0,fold0,1,,0.00041618140315041394,,5.639418099992933,,2.565119923622014,,1.9288788601076345,,7.76228150405587,,4.429904703428977,,3.1681494037337554
PCL_PCL0421,0,fold0,1,,0.0004129950911943552,,5.240281109751882,,2.669337469008507,,1.9896182475561797,,7.446830882267343,,4.302928279760803,,3.15840982201265
PCL_PCL0422,0,fold0,1,,0.00041255206742716634,,6.333469286200687,,3.3276575998418334,,2.4155539290543224,,8.15704391421587,,5.81169056101509,,4.394478790718594
PCL_PCL0430,0,fold0,1,,0.00042624390767585785,,5.904125276752899,,3.1639959595278846,,2.3480139203143087,,8.278611555917053,,5.349998599661438,,4.03317529476877
PCL_PCL0431,0,fold0,1,,0.00042970012075944745,,5.7064805734815005,,3.1204162308908785,,2.3065807048622204,,8.172671332451309,,5.293589295691885,,4.074843538427607
PCL_PCL0432,0,fold0,1,,0.000430485068928798,,5.577897313373208,,3.3474453947832674,,2.4751074606385286,,8.387536305951313,,5.683360351053921,,4.422649290700387
PCL_PCL0433,0,fold0,1,,0.00042552527980820216,,5.2235233390719245,,3.220799817761545,,2.443624239752996,,7.990661002571912,,5.724469241709543,,4.300823893412313
PCL_PCL0434,0,fold0,1,,0.00042800289721527454,,5.766852990273749,,2.9397311729953715,,2.0925386474141345,,8.223771971687546,,4.978616295984743,,3.575791155683834
PCL_PCL0435,0,fold0,1,,0.0004316115374118426,,5.5278123312353,,3.234453995148061,,2.469781803362304,,8.458823125062636,,5.701794476972217,,4.44636843057039
PCL_PCL0572,0,fold0,1,,0.0004312523865089204,,5.23217897027993,,3.6663489634207487,,2.791163192643134,,9.226925283537687,,5.2501975002053864,,4.198325039961312
PCL_PCL0573,0,fold0,1,,0.0004312243117873069,,6.094662989993647,,4.555375582107839,,3.288731110688582,,8.618640038549925,,5.901301426376099,,4.631921756594835
PCL_PCL0576,0,fold0,1,,0.00043040648040514745,,5.697358362247012,,4.494408956464989,,3.247348331426019,,8.526548604655208,,5.732800241095087,,4.555763687954928
PCL_PCL0577,0,fold0,1,,0.00043330193904545997,,5.331287416998536,,4.198581779162674,,2.982731232053356,,8.625733129863228,,5.8220067475683,,4.317114039844458
PCL_PCL0613,0,fold0,1,,0.0004262721432033052,,6.520852997398316,,3.5339876408199915,,2.713815001005269,,9.535218100325304,,6.021364017721953,,4.756534939187345
PCL_PCL0616,0,fold0,1,,0.0004034413359783051,,6.137436682265498,,3.161422785546732,,2.4889458528480946,,7.888700098030645,,4.82952504825439,,3.6913394207147787
PCL_PCL0630,0,fold0,1,,0.0004268372930566911,,5.8768912206526105,,3.006526829779794,,2.367668248813141,,7.861191415797803,,4.624481756021992,,3.4316169136220913
PCL_PCL0639,0,fold0,1,,0.00040663658856714135,,7.5318844909758935,,3.160114610254301,,2.3737061333368574,,10.510923803709407,,5.898487968498124,,4.278231057349041
PCL_PCL0642,0,fold0,1,,0.00040669029151765325,,7.755737677138325,,3.4140842098554316,,2.4045551307718047,,10.126723234561341,,5.068719528720639,,3.792810603203447
PCL_PCL0656,0,fold0,1,,0.0004121493717758138,,5.978469786502771,,3.2459615484645123,,2.5293268849290906,,7.9442833450108985,,5.528761915838873,,4.285773267744685
PCL_PCL0678,0,fold0,1,,0.0004163208493127117,,5.267952043517067,,2.259785770459457,,1.7928236925114067,,7.296049533728249,,3.5999948451140984,,2.526615992159216
PCL_PCL0679,0,fold0,1,,0.00043292381254560024,,5.428566668932029,,2.998379357288654,,2.228527747966324,,8.994665677331103,,4.996797601434853,,4.0340231800261375
PCL_PCL0693,0,fold0,1,,0.0004194592831654239,,5.6798713677052,,3.2099787947402505,,2.595908921857606,,7.956251532929997,,5.450107747347742,,4.15022970504787
PCL_PCL0711,0,fold0,1,,0.00042666881477962555,,5.393827665101016,,3.1676787428126305,,2.463054416512264,,8.004826850987323,,5.681499159258333,,4.298893478041785
PCL_PCL0712,0,fold0,1,,0.00042415712873453484,,5.365054428390713,,3.2078257731200734,,2.504799256023772,,7.868749409826193,,5.7988695047657535,,4.4216817176269565
PCL_PCL0721,0,fold0,1,,0.0004189759255725737,,6.291572596584944,,3.1280428348220815,,2.4210629268457295,,8.135044013878494,,5.11334425744583,,3.5713704444840837
PCL_PCL0722,0,fold0,1,,0.0004165491078287429,,6.121796267934536,,3.4097314633586837,,2.6721289827277195,,8.074049616144885,,5.314392429202583,,4.1000258102988365
PCL_PCL0723,0,fold0,1,,0.00041753738128910006,,6.046796741058146,,3.0893019535167046,,2.2718441359441983,,7.9770637315468225,,4.548560671340092,,3.3058835176093146
PCL_PCL0724,0,fold0,1,,0.0004162474150255918,,5.89632898813692,,3.0648333862941097,,2.2303799188320976,,7.918746285808245,,4.383922054930589,,3.103923618691259
PCL_PCL0737,0,fold0,1,,0.00042738107541177676,,5.6541572193049205,,3.1862395042954286,,2.4094341350461783,,8.397157507794041,,5.356348332145257,,3.9555366731344397
PCL_PCL0738,0,fold0,1,,0.00043006949897052456,,4.894997285280762,,2.853595571888424,,2.134113493181993,,7.886627797035053,,4.913401341045327,,3.5478406306509735
PCL_PCL0739,0,fold0,1,,0.0004256313113558084,,5.4640001738458395,,3.0448281802879453,,2.371046791092176,,8.028214758304303,,5.129753471738112,,3.8185806162422
PCL_PCL0769,0,fold0,1,,0.0004187150625412847,,4.956782878942877,,2.6126629293959955,,2.224546122362927,,7.45459453771474,,5.533448526289844,,4.357349164870809
PCL_PCL0806,0,fold0,1,0.00039590054723811965,0.0004076191023695275,5.210245813743959,5.435652073181986,1.7310727145516813,2.2856516199798764,1.3407268996716184,1.7735818876812408,14.516098162106399,8.13825590630629,4.346147754861435,3.1370888030155375,2.666953246396319,2.3952467758173244
PCL_PCL0807,0,fold0,1,0.00039708910930885157,0.00041484630440933104,4.280484574311287,5.281062266606465,1.9525068028170698,2.348188843460316,1.4754325325530993,1.7918696157555667,9.16511181482374,7.5805171206094135,5.096389088229821,3.067755010048423,4.211418880723568,2.305972114517906
PCL_PCL0808,0,fold0,1,0.00041465964709477355,0.0004086722795899646,4.238700316109252,5.559461018164361,2.057492535996446,2.177487556245848,1.598175799752322,1.7194396004326358,5.0,8.24814557445832,2.169397028771049,2.99932741517082,1.633417649024006,2.3005186296434093
PCL_PCL0809,0,fold0,1,0.0003933401642124006,0.0004094504317795882,5.231357686189369,4.983701439875077,1.950809713785133,1.99485219400722,1.4530883388852953,1.5099478603475045,14.921562895978564,7.398687056813972,4.829526700415837,2.820427064793965,3.3047574754288167,2.0836083569140746
PCL_PCL0818,0,fold0,1,0.0003954961711667856,0.0004019289168325814,7.692691064295885,5.561698764499855,4.246870789723048,2.2076106269445277,3.1875500517198163,1.713608490868804,13.887617276485008,9.089800435551611,5.967698411764439,4.261202630626007,3.960419252065317,3.2035608690607638
PCL_PCL0819,0,fold0,1,0.0004009649238135329,0.0004036850652860361,,5.203739274400135,,2.2819766595458906,,1.7987450471021802,5.0,6.935855446184754,2.6113072868191605,3.175545907454241,2.0828571428571423,2.4256538250937556
PCL_PCL0820,0,fold0,1,0.00039470773684082046,0.0004038303865473835,7.294259631548696,5.870420124856635,3.4692977777706306,2.5877205614245695,2.352462266938046,1.972173164128515,9.856739537372961,8.09102293600887,3.9688311024153133,3.2286831293394838,2.512882176457225,2.4257069418155908
PCL_PCL0821,0,fold0,1,0.0003982849406690372,0.0004039098145025774,6.327282226682165,6.120820379866044,2.821883524312541,2.5683597565726504,2.1364102702826955,2.027193982072868,9.884746796800997,8.12693621370661,3.363353443977699,3.535857941740241,2.2617010112643654,2.7286910065507053
PCL_PCL0825,0,fold0,1,0.00039267295166888947,0.00040845463032662503,8.689920726084642,5.392695871636429,3.3404282844921083,2.358841423689781,2.6658642456353645,1.7412262583699456,11.179731803867785,7.507848831194306,4.227665261573373,2.9001283049092295,3.1419754753152374,2.2403514261281985
PCL_PCL0826,0,fold0,1,0.0004171801083696679,0.00040408876056679047,4.377410401026068,5.41404488688401,1.7832944175462457,2.2964676197484484,1.41985207356975,1.7452731178172625,5.0,8.567607825326713,1.8473454940819711,3.248165236495943,1.436948988990745,2.4585236459458892
PCL_PCL0842,0,fold0,1,0.00039635788200231544,0.000407699385952337,4.425899753934502,5.513903117096066,3.098922138446158,2.2730199240369284,2.6537003184030543,1.7365827437972166,5.0,8.178691651960829,3.3733761221590672,3.086851735182207,2.8136012814911897,2.3606304794708106
PCL_PCL0843,0,fold0,1,0.0003930065184099365,0.0004134139894984637,3.909066373007666,5.222902562155432,1.781425240271162,2.258000831147641,1.4057006912921646,1.7990387929261766,8.24291154739733,7.790423894048423,4.157336811157897,3.3663587733251155,3.1764500552679054,2.5149080929058427
PCL_PCL0844,0,fold0,1,0.000400378039782533,0.000404866533482531,8.715311180774611,5.449257771856243,4.46690388429681,2.2750001845620607,3.6209843901286365,1.7712013699840632,9.857343474595297,8.304257834980643,4.865072883152987,3.2299760352718048,3.876355087705939,2.424726022174426
PCL_PCL0845,0,fold0,1,0.0003900197396255746,0.00040476040442590476,4.791082936514001,5.530824561753181,3.6482712811454214,2.3037865910913866,3.119059789565907,1.7049249184702187,8.0,8.326764737090269,5.2804291372594765,3.217085149619284,3.9537254901960788,2.376629311244163
PCL_PCL0848,0,fold0,1,0.00040341005600290987,0.0004047351010835424,6.3940273848647236,5.400124718274729,3.1432137962634275,2.313981997921509,2.83115738669629,1.8304316955125635,6.860277868788705,7.2946296245414635,3.2410674108614144,3.149241291665345,2.9065568834360707,2.400434434800542
PCL_PCL0849,0,fold0,1,0.00041043257756815635,0.000405801804143284,9.22246800603659,5.025860706885583,2.8220964779173583,2.052143489156505,2.38088560338996,1.6029476391241249,10.912237515729073,8.316469549060605,2.9674513791479264,3.135628319594413,2.438196296019495,2.373294959977304
PCL_PCL0859,0,fold0,1,0.000411991622537981,0.00040655287148939206,7.183146593027747,5.216503924792078,2.830482021780736,2.09777152250471,1.9035449891901133,1.6589764230751638,8.0,7.7595531493981165,3.074995036416806,2.8661842414789414,1.9788184340529202,2.1951915464767957
PCL_PCL0860,0,fold0,1,0.0004015735505424215,0.00040128730157294387,3.86036733397851,5.36827046231793,1.5374211354443996,2.4548858891644754,1.2449671255014825,1.8346065455811298,8.243870547641537,8.261709634803003,2.911187953179372,3.788381607648343,1.8988616394258426,2.8506540505770306
PCL_PCL0867,0,fold0,1,0.00039578037885336083,0.000409678662751602,8.26595851427971,5.525268324155461,4.738071899939791,2.010390896592744,3.399950121161025,1.532600300510453,9.428702472276616,8.11049657531071,5.631668586249267,2.91446742863664,4.0882085257966025,2.10480646260469
PCL_PCL0868,0,fold0,1,0.00041583525672871444,0.0004086764718045609,3.4858560479804046,5.629012361355367,1.4417460906240491,2.1470299429128157,1.2465112222093744,1.6330285604310306,6.0,8.707802267388624,2.3218077392954024,3.9061738090135427,1.8530876494023905,2.959166761659417
PCL_PCL0884,0,fold0,1,0.0004109921377866324,0.0004084215233307927,4.075911391985829,5.053565931253762,1.4590131792863172,2.0853090133417185,1.2001603539023284,1.58200715157527,8.256879430520105,8.448722326107445,2.0188162218813894,3.3606791493810695,1.394327813718416,2.45310307175484
PCL_PCL0885,0,fold0,1,0.00040903731928130426,0.00041040826257974193,3.9677361808496077,4.996760574569947,2.089590310900318,1.811936835770944,1.7596679428281319,1.4501713638431641,7.861672633817087,7.609115187442184,3.3477873174104165,2.580804785032584,2.416506396855924,1.9618245013366726
PCL_PCL0886,0,fold0,1,0.00040064669116587144,0.00040393607131672914,7.454116929190462,5.6605759624936995,3.1294362763550865,2.4680247449133756,2.1452043255440683,1.8554175871819898,9.0,8.511081562071297,3.469065819699268,3.6288904281829604,2.2304907761921333,2.8064468883631988
PCL_PCL0897,0,fold0,1,0.00039466629163543456,0.0004049618214445067,6.107986467762451,5.997404822054625,4.794265318559878,2.6548858623083693,4.253898635181889,1.9965633911586729,7.0,9.031146388682897,5.440472803622408,3.783543685545393,4.979835500132662,2.86592014899671
PCL_PCL0898,0,fold0,1,0.000382359175111283,0.0004082706986044283,8.777967457129595,5.137982362246428,5.487566392394672,2.1201652708924645,4.314312989315718,1.643898760846514,12.856278335764689,8.021889145911494,8.598125001536323,2.9667218184088457,6.601379916180158,2.2076901357100995
PCL_PCL0899,0,fold0,1,0.0003888779191222076,0.000405198494263799,5.922507812236287,5.751887707524459,2.8439631379511137,2.236632099455211,2.175184138640878,1.6384690352145845,9.62651482717906,9.704589763860236,3.6375878017737517,3.543997497570045,2.3787270224929973,2.672613092483588
PCL_PCL0941,0,fold0,1,0.0004350953093623005,0.0004319376870620083,5.704875204185189,5.244389728316452,4.979694044411862,3.8604753870508524,4.312485733640983,2.7470438574760347,8.548997097193205,8.468468850808897,7.951086265515373,5.169732215194077,7.294964028776977,3.9367111677109285
PCL_PCL0942,0,fold0,1,0.0004383519012456345,0.0004310491708616193,7.836030332031395,5.693146064185588,3.0466759321312336,4.356698135460416,1.9366911294280993,3.0614748097143463,10.099349646154845,8.91449627627936,3.6560979073793436,5.3808789607351,2.1161651504548633,4.083472336959163
PCL_PCL0943,0,fold0,1,0.00043554669655091393,0.0004326559606637158,4.390488747707012,5.569133583239243,3.64557171333775,3.8252286107973834,3.114233635370904,2.705910697327795,7.207361005402888,9.081198429406914,5.929052525232004,5.207533677410853,5.189189189189189,3.9722922415071036
PCL_PCL0944,0,fold0,1,0.0004358875620113647,0.00043305730905954416,,5.601101326039717,,3.908424586241257,,2.7250827083713407,6.207361005402882,9.255400446224144,3.9450393287508394,5.437105556612267,2.823529411764706,4.159855975842116
PCL_PCL0957,0,fold0,1,0.00043846239929002447,0.00043192187567937454,,5.425453909112856,,3.8499958015372617,,2.8071862559494156,,8.310870256001278,,5.288812493929838,,4.101152513677737
PCL_PCL0958,0,fold0,1,0.0004393536449250855,0.0004319149150265617,,5.403476895734369,,3.898263890592671,,2.7345429237807015,,9.404452686742928,,6.039847983506841,,4.540544272950953
PCL_PCL0959,0,fold0,1,0.00043855259407957675,0.00043186420307597846,,5.299599658694746,,3.9413278685841586,,2.9278530357450285,,9.205934535435933,,5.706635106338545,,4.584023891475913
PCL_PCL0960,0,fold0,1,0.00043985894434892675,0.000432014325351851,,5.253216699543372,,3.7821597382055927,,2.7375181259567016,,8.7916266571858,,5.676945485439044,,4.514153732954848
PCL_PCL0965,0,fold0,1,0.0004346302817444191,0.00043026596993674636,6.243853838004429,5.37971418679106,3.274003897510142,4.458605614560892,2.0953905261604553,3.2595455639303035,11.038068377928653,7.834107798497283,4.8139990352941515,5.9445609791178375,2.6067203028868904,4.617274436171952
PCL_PCL0966,0,fold0,1,0.0004382970500044237,0.00043081645939863945,,5.588666158155049,,4.509676825565331,,3.285350311242168,,7.883117687679381,,5.94536243668174,,4.642723730864014
PCL_PCL0967,0,fold0,1,0.00041363096243970547,0.0004266686206723033,,5.761808447624269,,4.6010070219889565,,3.2902529000388325,,8.106540246591347,,6.049927365563512,,4.592183275706465
PCL_PCL0968,0,fold0,1,0.0004275955627381102,0.00042528759542559066,,5.576449290113755,,4.599457911128949,,3.2950770958760827,,7.8892545168758135,,5.90734901781345,,4.421026942571099
PCL_PCL0969,0,fold0,1,0.0004124323484182025,0.00042644963543036346,,5.566484904977784,,4.617257827130573,,3.279034546023496,,7.958697648198393,,5.9488130005647255,,4.472427163918888
PCL_PCL0970,0,fold0,1,0.00041823811104315793,0.00042544716559976894,,5.878509451277534,,4.771745873328775,,3.3593711385113076,,8.117796641003912,,6.34858698446403,,4.669650628263463
PCL_PCL1002,0,fold0,1,0.00044084306856981243,0.0004305911465100915,,5.558003010119147,,4.499550900486046,,3.2124083035452546,,8.468243134496683,,5.865722610796191,,4.3345395586047
PCL_PCL1003,0,fold0,1,0.0004356732910617229,0.0004257610631127687,,6.207671764434949,,4.706373478822334,,3.3462079206237534,,8.256846057631108,,5.587862074365658,,4.2900829676178365
PCL_PCL1004,0,fold0,1,0.00043275398928037194,0.0004256582288946261,,5.637461224185359,,4.555004457139812,,3.375542176064113,,7.534319262156487,,5.492237316586923,,4.314406727780018
PCL_PCL1005,0,fold0,1,0.00043507350712080484,0.00043110284631552725,,4.977407454846829,,4.115012155562982,,2.932384547364922,,7.6128935908904625,,4.806765761576058,,3.5396685099414413
PCL_PCL1006,0,fold0,1,0.00043218040523209305,0.0004323117549417752,,5.254206803467584,,4.38903362143442,,3.223728504579065,,8.310476546740729,,5.2953911874848885,,3.9383307121820947
PCL_PCL1007,0,fold0,1,0.00043138407036843557,0.00043157623875467004,,5.457308356592057,,4.493872177957448,,3.272092213666069,,8.335683076455958,,5.541834023724862,,4.119951579392137
PCL_PCL1008,0,fold0,1,0.00042114750838148955,0.00042234213096346666,,5.9352668392095715,,4.5293788730250295,,3.2875439021279624,,7.838676924261098,,5.539615282018788,,4.212017297609128
PCL_PCL1009,0,fold0,1,0.00043008489891565167,0.00042861691159282525,,5.493475275575812,,4.6042860726976995,,3.444123204962095,,8.071230821292335,,5.946317396070519,,4.709006461251154
PCL_PCL1011,0,fold0,1,0.00043512612699434677,0.00043017088002706046,,5.673195928986186,,4.404012558245678,,3.193600664849288,,8.04585155484496,,5.1326310063775455,,3.7951093256624464
PCL_PCL1012,0,fold0,1,0.00043279919712317514,0.00043024049027872574,,5.9134414570391645,,4.778269355143091,,3.3734831493560757,,8.136662424042227,,5.980436681386298,,4.57958725983061
PCL_PCL1013,0,fold0,1,0.0004322449109702506,0.0004305741666498549,,5.29013672865705,,4.243963824472928,,3.196053097417201,,7.817705965823614,,5.240733403422834,,3.9749335910258505
PCL_PCL1014,0,fold0,1,0.0004345305219358603,0.00043094734780492645,,5.807327679903559,,4.297778221252808,,3.1383547045812348,,8.16474093856515,,5.018169765587827,,3.6529705842608373
PCL_PCL1015,0,fold0,1,0.00043769458294085203,0.00042770009906882393,3.888233579918228,6.816557390477597,4.152623843503217,4.6513801543865005,4.1241642744009726,3.416707717570932,6.572243286579764,9.641338327406066,6.847843570219058,6.1168944648096195,6.685082872928179,4.76737241504567
PCL_PCL1016,0,fold0,1,0.0004306854687501097,0.00042860286297295193,,5.255480570115079,,4.126073916855041,,3.053960644042676,,8.072953262418388,,5.301209625686238,,4.20820301263841
PCL_PCL1017,0,fold0,1,0.00043826619742662305,0.00043084007642602874,,6.440777850029059,,4.323366621563949,,3.0901493325016087,,9.439228219671723,,6.053785125130385,,4.790537790573959
PCL_PCL1018,0,fold0,1,0.00043084366985207006,0.0004297785102534337,,5.409336622332008,,4.065901594889871,,2.823479117907281,,7.871602506896774,,5.270355227007364,,3.986571096722389
PCL_PCL1019,0,fold0,1,0.0004362533749615287,0.00042431781558590134,,7.0614453531509955,,4.832841496746707,,3.3829976174352927,,9.445988003599615,,6.038663179155895,,4.7643778374191
PCL_PCL1020,0,fold0,1,0.0004268248036250767,0.00042007312878949814,,5.947108449704483,,4.446795561387877,,3.194661244371397,,7.575651249742222,,5.3458214188521405,,4.067506224856404
PCL_PCL1021,0,fold0,1,0.0004251728721190042,0.0004246654885188845,,6.328395849351412,,4.79638488819419,,3.4022514557941737,,8.367182886960832,,6.079356865201727,,4.775506652987408
PCL_PCL1022,0,fold0,1,0.00042553083190861375,0.0004310469556786378,,5.414826707458015,,4.549484390916812,,3.3820530893598173,,8.112680225847543,,5.783107579804818,,4.411308977171404
PCL_PCL1023,0,fold0,1,0.00043068557765015063,0.0004304606545456665,,5.750187700600017,,4.484155282460205,,3.1145948412411175,,8.045616655706672,,5.44625270905613,,4.253748734153966
PCL_PCL1024,0,fold0,1,0.0004261934531327421,0.0004292929482687252,,5.797990184106129,,4.4520319634133285,,3.123425441067734,,7.851999873325266,,5.156878442158458,,3.8781841995451107
PCL_PCL1026,0,fold0,1,0.0004363729294691058,0.0004296879185641377,,6.428530184301498,,4.3888741093360855,,3.2838089989994317,,8.918888977547375,,5.293711532577774,,4.2478207091830225
PCL_PCL1027,0,fold0,1,0.00043091250862440825,0.0004311285647877663,,5.666039333105806,,4.546042695751325,,3.139338009617725,,8.083535398337508,,5.521100519130075,,4.12898275961021
PCL_PCL1028,0,fold0,1,0.00043367250747071326,0.0004302245783379,,5.902496397721788,,4.234854390311933,,2.960455085681461,,7.9476863941566025,,5.3047264662088365,,3.9903053231615035
PCL_PCL1029,0,fold0,1,0.0004315766426657837,0.00043087128133207156,,5.566258636014108,,4.3288786737910705,,3.2885758580957494,,8.088464070660637,,5.123162380477154,,3.9965590725814155
PCL_PCL1030,0,fold0,1,0.0004286998535307378,0.00042888941488792784,5.752619473453646,6.950257391483015,3.647561960399055,4.8267333022610455,2.638652953731696,3.4567708586411743,6.7820120229611245,9.294128932834692,4.521984465895552,6.242095273682678,3.3000000000000007,4.802953403747112
PCL_PCL1031,0,fold0,1,0.0004376084903316369,0.0004301517215436826,,6.110714136432421,,4.492101157884291,,3.1428204413512133,,8.151575537486288,,5.241159512552435,,4.172924606576174
PCL_PCL1032,0,fold0,1,0.00042981941895334203,0.00043176767104319107,,6.123614995797656,,4.706331146105893,,3.272556436208832,,8.897809654111636,,6.218228604993976,,4.812557439248258
PCL_PCL1033,0,fold0,1,0.00043182502391566957,0.00042996450498146606,,5.5610616010468465,,3.9743602091405896,,2.953469941720861,,8.040320639021122,,4.923718599654056,,3.761419761203305
PCL_PCL1034,0,fold0,1,0.00043695461791056183,0.00042976730807581763,,5.415123180648302,,4.0246569583648215,,2.9134026273579834,,7.986062541089618,,4.739418531580376,,3.5906005752990424
PCL_PCL1035,0,fold0,1,0.0004362206373065846,0.0004302077314354766,,5.6405357902278,,4.124261587446147,,2.990075768371222,,8.11802723233607,,5.1182161607709125,,3.9844638284322245
PCL_PCL1036,0,fold0,1,0.0004321238312365821,0.0004311585555101579,,5.722990155371641,,4.591243172720674,,3.2322746144506467,,8.156277271037316,,5.638142997043702,,4.376903835846551
PCL_PCL1037,0,fold0,1,0.00042708732828813917,0.0004287395311692345,,5.1695080165544285,,3.58968257791609,,2.697085603929476,,7.4368847577468005,,4.0786794503550095,,3.077891876330743
PCL_PCL1038,0,fold0,1,0.0004279446443277588,0.0004293874389652338,,5.704223123240732,,4.209280109463646,,2.9985824621122994,,7.790899785328956,,4.663424895968695,,3.407218598899376
PCL_PCL1039,0,fold0,1,0.00043554778378567514,0.0004320002103832647,,5.376424467455434,,4.354869439774407,,3.1039505763179305,,8.205813391716623,,5.16899041435707,,4.133285649318866
PCL_PCL1040,0,fold0,1,0.0004312756160308198,0.0004310681945324524,,5.286336369817923,,4.302756527026966,,3.0299203254054636,,8.193553111612708,,5.120896187354444,,3.941730864464757
PCL_PCL1041,0,fold0,1,0.00043742937552243105,0.0004298490567422857,,5.19217592919985,,3.6493455273964766,,2.816074555892838,,7.03781878459446,,4.652095584581237,,3.7022178951242837
PCL_PCL1042,0,fold0,1,0.000436069043063928,0.0004317059994320468,,5.850125745719197,,4.270404345399668,,3.1222993189717916,,7.978892702459997,,4.77795490820012,,3.691796543840302
PCL_PCL1043,0,fold0,1,0.0004305806276881487,0.00042853670493454843,,5.554039216707494,,3.9700213119438725,,2.870372235789026,,7.661514131933015,,4.729770089680126,,3.7687552260663257
PCL_PCL1044,0,fold0,1,0.00043207829389965957,0.00042889159164516584,,5.71766536750167,,3.6574735526962723,,2.682307404374339,,7.919553218008529,,4.019737800699388,,3.021259359936252
PCL_PCL1045,0,fold0,1,0.0004346053291163188,0.00042956843481071864,,5.636723189361116,,4.3085883913274206,,3.0578696690577134,,7.70236870396498,,4.904022369274141,,3.78508055675733
PCL_PCL1046,0,fold0,1,0.00042778046105799116,0.00043038744773439726,,5.252448074588771,,4.193090420006605,,3.155835583973888,,7.94947048915846,,5.374006280618826,,4.238807117304148
PCL_PCL1047,0,fold0,1,0.00043497327017549955,0.00043015020102367407,,5.414313050391186,,4.168336098024625,,3.0477277612422315,,8.006422023552576,,4.7198868729966055,,3.633643131196609
PCL_PCL1048,0,fold0,1,0.00043146634113555425,0.00043087368825798535,,5.488584015348717,,4.352802412753868,,3.104321269727438,,8.475341201629341,,5.086020737710638,,3.917425421285559
PCL_PCL1049,0,fold0,1,0.00043235675736619337,0.00043095810886192333,,5.976734024925455,,4.7296874013907715,,3.2896494186521132,,8.66242595781118,,6.132828790470906,,4.660099739861335
PCL_PCL1050,0,fold0,1,0.00043647243352407805,0.00043037505789062305,,5.791231793597138,,4.342536167669679,,3.1661610517948464,,7.904852243392591,,4.873306185033205,,3.7102363006561165
PCL_PCL1051,0,fold0,1,0.00042523777673113294,0.0004292971602909146,,6.067551686157572,,4.624365488712952,,3.2406879759360994,5.803330977781661,8.027542856061459,4.887615066560482,5.41955755851008,4.415944540727903,4.222412454557611
PCL_PCL1052,0,fold0,1,0.00043927767154425837,0.00043072077011448856,,6.5090727750149595,,4.399689719487635,,3.086998021013411,,9.218905033275513,,5.171107561495156,,4.180988729820935
PCL_PCL1053,0,fold0,1,0.0004376272132600371,0.00043172990715967946,,5.680947897351201,,3.931563864709122,,2.8467074020159275,,8.325497730252655,,4.260716351170916,,3.368157465035166
PCL_PCL1054,0,fold0,1,0.00044001600605496913,0.00043093592896988574,,5.521546010224575,,4.01746866073419,,2.7273210354691764,,8.53712066858026,,4.972480594262152,,3.801210680922594
PCL_PCL1055,0,fold0,1,0.0004378133807621293,0.00043054780094764315,,5.605865596891434,,3.8369139133192567,,2.823123657080258,,8.16455110727026,,4.881136466390413,,3.811438509626617
PCL_PCL1056,0,fold0,1,0.0004373388759414586,0.0004314095927804712,,5.4081340485832206,,3.438367027281945,,2.559629497266508,,7.4175744227857905,,4.191044128957406,,3.1641590256664305
PCL_PCL1057,0,fold0,1,0.0004396914375708614,0.00043172783461816085,,4.936376038728216,,3.5673818753940547,,2.7001012988008055,,7.0411047719426,,4.804395546743376,,3.778838771795489
PCL_PCL1058,0,fold0,1,0.0004400829478240671,0.0004293324584618962,,5.019183575660102,,3.447361024920653,,2.7275295756162774,,7.360322426596595,,4.520446817531104,,3.4898717209029724
PCL_PCL1059,0,fold0,1,0.00044007739523241514,0.0004301741798026972,,5.045585709135413,,3.4857433954151613,,2.7116621730468307,,7.635150517122159,,4.434063134816087,,3.5181074096159746
PCL_PCL1060,0,fold0,1,0.0004375814371583227,0.00043141547805242153,,5.269012181230457,,3.374666087681231,,2.545427632343621,,7.203511190414237,,4.174343236490731,,3.1510732185553545
PCL_PCL1061,0,fold0,1,0.0004377611456182593,0.0004312978008071608,,5.578833704370495,,3.4251555615197287,,2.6263459182785724,,8.281652108121296,,4.365454116528209,,3.2305031915353646
PCL_PCL1062,0,fold0,1,0.00043845253090767344,0.0004315704540094247,,5.44331707016309,,3.6925379124424653,,2.7077406283399594,,8.308881835914177,,4.5616206848804115,,3.578812665722219
PCL_PCL1063,0,fold0,1,0.00043825155988487047,0.0004311328307707585,,5.155846590228217,,3.542051087742282,,2.607080325573942,,7.944778217200601,,4.431406671065742,,3.491298054425576
PCL_PCL1064,0,fold0,1,0.00044040489452456166,0.0004303519129820691,,5.501971405881201,,3.6959446618483196,,2.714092170726605,,7.594680378321699,,4.747092076202224,,3.576368306575501
PCL_PCL1065,0,fold0,1,0.00043898089364321276,0.00043162423384084277,,5.475726006426548,,3.794072904116771,,2.6957439602722792,,8.627284845564738,,4.514089357676906,,3.5483616610775828
PCL_PCL1066,0,fold0,1,0.00044042368471576353,0.00042986017441811256,,5.571869616161074,,3.9092528921679497,,2.8886658922327846,,8.11062181833247,,4.522927264417298,,3.5492650254140026
PCL_PCL1067,0,fold0,1,0.00043899081045247824,0.0004323727221859329,,5.382278056807293,,3.535882158898881,,2.62020406948541,,8.541886769137058,,4.327192436719459,,3.351613349582754
PCL_PCL1068,0,fold0,1,0.00043768527893212544,0.0004292463713343967,,5.299665309895109,,3.7090303621690235,,2.83823748067809,,7.36673654552965,,4.516235788415886,,3.6080389765445773
PCL_PCL1069,0,fold0,1,0.00044008240941866066,0.0004319299175794076,,5.192210975727305,,3.4414693682493307,,2.5752080128725767,,7.549415921832331,,4.216128255610727,,3.1996200087383277
PCL_PCL1070,0,fold0,1,0.0004383707120008557,0.00043217035467037895,,5.246128552676871,,3.4606108474601593,,2.5986925722402963,,8.58396640872905,,4.4659030474249715,,3.5684969068770367
PCL_PCL1071,0,fold0,1,0.00043990214635642887,0.00042968522617939375,,5.221580446370107,,3.5873369697281823,,2.7423980880708547,,7.462562873890568,,4.353845870363367,,3.4002129627713713
PCL_PCL1072,0,fold0,1,0.0004399021189564794,0.0004294562806673903,,5.941272943271015,,4.257592592905293,,3.007847341666729,,8.270321879356162,,4.600498816196098,,3.602425132546289
PCL_PCL1073,0,fold0,1,0.0004390545994872627,0.0004296418988602932,,5.911566881077325,,4.3433115842638506,,3.083571800007219,,8.068830816649783,,4.780718376364269,,3.8201883722178773
PCL_PCL1074,0,fold0,1,0.0004377743246169916,0.00042944051975803317,,5.453011408554027,,4.003351520015449,,2.920941500208365,,7.468173006685158,,4.508214258437588,,3.5101692399052085
PCL_PCL1075,0,fold0,1,0.0004400160060549694,0.00043112866544715855,,5.206099033503918,,3.6394078169918602,,2.6903719556362313,,7.361022828721697,,4.514842194216226,,3.652174527244044
PCL_PCL1076,0,fold0,1,0.0004400426355836041,0.00043111181518494003,,5.553079543755599,,3.9259726264931096,,2.779500452183676,,8.03576225917566,,4.794744949729421,,3.752109764185398
PCL_PCL1078,0,fold0,1,0.0004297500410538106,0.0004294207863884715,,6.323998579361184,,4.6534753018936135,,3.1848627707404775,,8.053285010381432,,5.1336417039598565,,3.8757588770084346
PCL_PCL1079,0,fold0,1,0.0004290925309248225,0.000429345024441476,5.857286374930657,6.194770807363364,4.3208343148484,4.581451922486519,3.56781507703959,3.124258127850736,6.1990915667345465,8.136990632878813,4.582636224547301,5.82414008492586,3.71970802919708,4.637576023473266
PCL_PCL1080,0,fold0,1,0.0004319596341222901,0.0004276454284663587,,6.2942015302577285,,4.80997666687792,,3.3358964949832677,,7.966899061073457,,5.537259002140689,,4.351590828402286
PCL_PCL1082,0,fold0,1,0.0004397337819295962,0.00042885877549172363,,5.77331022891547,,4.158420238366696,,2.984890895074702,,8.411028458114782,,5.4830689752621025,,4.435062597437833
PCL_PCL1083,0,fold0,1,0.0004303417658900067,0.0004274585559655517,6.861922230570991,6.426718951420076,4.549976225286297,4.8135758260079795,3.2512119071052465,3.272819578389664,7.213767441610077,8.055094791340395,5.239094770961648,5.582462364150283,3.9970972423802618,4.535834223103005
PCL_PCL1084,0,fold0,1,0.000438083829454367,0.00043029800691729743,,5.436154070757427,,3.950538244808401,,2.9284223966748884,,8.209491689836998,,4.49027410190192,,3.393464064157726
PCL_PCL1085,0,fold0,1,0.000437787924629539,0.00042851443296754166,,5.982465734161392,,4.248550645827968,,3.059924526093646,,7.81610979969699,,5.037838443911464,,4.037244360449476
PCL_PCL1086,0,fold0,1,0.0004374824905809976,0.0004293437006772337,4.80430745284476,5.374770268914937,2.6881825354108178,3.8704659020418033,2.2594384595911143,2.798680513972388,5.240634088342083,7.868206504719243,2.867942227424914,4.5400129308426,2.3992421126843304,3.582802616462442
PCL_PCL1087,0,fold0,1,0.00043893040248139037,0.00043205299841225266,,5.703592127038133,,4.366490056996387,,3.0112056879663114,,8.85328830393586,,6.043716671383897,,4.712021335160475
PCL_PCL1088,0,fold0,1,0.0004378000669255301,0.0004297668083371505,,5.797341824071289,,3.9677974013581907,,2.9083357729686568,,7.8804727467507485,,4.53108896651412,,3.488155900004857
PCL_PCL1089,0,fold0,1,0.0004359086683914333,0.0004300153062208028,,5.478515460481772,,4.201342572014199,,3.000046366807716,,7.696485742996643,,4.884086713507799,,3.742684492517065
PCL_PCL1090,0,fold0,1,0.0004378067643571055,0.000429640930518619,,5.556319176088993,,4.123270219195225,,3.003688541803473,,7.987883933556044,,4.7478566529803565,,3.6612470818279785
PCL_PCL1091,0,fold0,1,0.000436497800110925,0.00042891328336080656,,5.40496331709236,,3.8988491940268633,,2.8468720822207527,,8.02809346459756,,4.536041418598011,,3.459285290533885
PCL_PCL1092,0,fold0,1,0.0004336118467493542,0.00042897687832434486,6.583444736457402,6.522384200619316,4.204893958740841,4.959448315599408,3.3720884424523683,3.445465124045711,7.23074420800565,8.59670991112478,4.487982726628686,5.915761114967336,3.519123653917564,4.592405348693377
PCL_PCL1093,0,fold0,1,0.00043643942142653413,0.00042892367010005823,,5.981974462063134,,4.3844049063479495,,3.07144324942566,,8.214528383012444,,5.087352191344772,,3.844542998857536
PCL_PCL1094,0,fold0,1,0.00043275046932342347,0.0004292502313686039,,6.122902495956734,,4.362109433726803,,3.1118308329066595,,8.520747078322183,,5.079696203363055,,4.145167006977408
PCL_PCL1095,0,fold0,1,0.00043772495147815165,0.00042776939766336376,,6.083988237869289,,4.470507672323404,,3.062686397879561,,7.901668104311227,,5.00816788088008,,4.027865555807136
PCL_PCL1096,0,fold0,1,0.00043984996802571056,0.000427963647404446,,6.163599171972868,,4.677157494391189,,3.1921510082483096,,8.129166978412169,,5.29271162880499,,4.206347325705201
PCL_PCL1097,0,fold0,1,0.00043291066305166983,0.0004280829279082587,,6.250197339497804,,4.91525881414735,,3.4298556423417863,,8.237898717016023,,5.654339012752386,,4.328259676734346
PCL_PCL1098,0,fold0,1,0.0004334094084958139,0.0004290992290977326,,5.772485619235437,,4.319340746993487,,3.0161286154431006,,7.714136234407633,,4.92533131342449,,3.834408288920343
PCL_PCL1099,0,fold0,1,0.0004373423504081121,0.0004260834135852449,,6.048043194140437,,3.93703044069693,,2.979746957030149,,8.403228649590712,,4.7096955133877785,,3.6650652234311387
PCL_PCL1100,0,fold0,1,0.0004388274133340816,0.00042868050796472483,,6.045396551428579,,4.7716526300345565,,3.311402072290987,,8.509534143720021,,5.889168959416694,,4.391427943459424
PCL_PCL1101,0,fold0,1,0.00043309891098620355,0.0004290047535555931,5.425680351470483,6.220696626471136,3.438169016773288,4.967630443698657,2.399986778355938,3.4096754321045806,5.810953925065898,8.60507094966906,3.603392102438677,6.102018519450289,2.4350031705770454,4.773027653738559
PCL_PCL1102,0,fold0,1,0.0004380718819087036,0.00042934779796984304,,6.224566224746667,,4.890881093879628,,3.29010702273947,,8.44882407907222,,5.720317843579978,,4.452176260055258
PCL_PCL1103,0,fold0,1,0.00043091880684588364,0.0004283769755518592,,5.5903068789577794,,4.546610348491558,,3.066948348884137,,7.572461182426408,,5.254915117399679,,3.9487333968759435
PCL_PCL1159,0,fold0,1,0.000437661457330006,0.00043362402577324863,3.3785846556418746,5.004219533170796,1.3025700269379765,2.983245785895547,1.1676111686187831,2.1922416807715828,9.262278685228404,9.75657239659802,2.2279030446828676,5.725320066336391,1.68696188481583,4.432339332223422
PCL_PCL1160,0,fold0,1,0.00043958060937951925,0.00043459999928016635,3.1578263825368866,5.382219780529083,1.7613199875025598,2.277896068389877,1.5668800628731152,1.7015120740285459,7.262751552273919,10.71071384238497,2.7715372883039864,4.559311307631873,2.4066259824726135,3.29546653505379
PCL_PCL1161,0,fold0,1,0.0004370381632435217,0.0004352394702900192,,4.904090963969343,,2.379696434089999,,1.9139496932661946,,10.530162100397066,,6.033383075434177,,4.473947807901474
PCL_PCL1166,0,fold0,1,0.00043514127918514007,0.0004349216091495186,6.090805009991051,4.965407716683655,3.007063905980271,2.783455594972893,2.490851016969796,2.120116888747493,7.858119365453004,11.131102218835137,4.089085297702692,6.477129329802644,3.221707041323154,4.85179763944876
PCL_PCL1167,0,fold0,1,0.0004371109188109359,0.0004343780999473048,4.084269061379652,5.086722095369007,1.3374047914808613,2.6793241753303794,1.1939383364767049,2.001389908521003,8.889630902147285,11.350025573411058,2.9008572964480837,5.867925328778332,2.294704651908295,4.393964032298718
PCL_PCL1168,0,fold0,1,0.0004385635337061773,0.0004348579942638157,4.843740458479037,4.872118867450093,1.4893140626703676,2.437015922346936,1.2202694272554755,1.8351434547629721,5.862874906607736,10.682410176305757,1.5031306689486426,5.434911091197334,1.220978497360095,4.213686544794379
PCL_PCL1178,0,fold0,1,0.0004387748065201295,0.00043488718914978103,4.700235074531506,4.780304891768509,1.3933340466842477,2.199380736123309,1.155804789235169,1.671509702638924,6.862797610348317,10.371910500008662,1.4173971544627426,4.814653693274147,1.157240615497882,3.480996862200467
PCL_PCL1179,0,fold0,1,0.00043868491119979124,0.0004346272974879422,,4.82629509354608,,2.872799935796006,,2.1560780316865356,,10.340061935490853,,6.133392849442878,,4.539874700023567
PCL_PCL1180,0,fold0,1,0.00043573132897988307,0.00043454413602659475,,4.76666691278148,,2.696531562163289,,2.037307564040909,,10.337706394919651,,5.60158274380753,,4.439864577280377
PCL_PCL1181,0,fold0,1,0.00043902598787186076,0.0004348973559421751,,4.981242554855626,,2.356111925575871,,1.7035718598862797,,10.673831702745536,,4.959750790991274,,3.8540635117935738
PCL_PCL1182,0,fold0,1,0.0004373062478894218,0.00043453393078739244,,4.7249729730373184,,2.611423713862495,,1.9460895289047357,,11.261932729947745,,5.632876409627986,,4.135525065231327
PCL_PCL1184,0,fold0,1,0.0004365681142098976,0.0004340885384085738,5.108110869702243,4.945599413598049,2.527654633069379,2.4193469521394957,1.931850820365724,1.9071580907033319,7.0,8.774548666491,3.3853556269767995,4.238926672984126,2.440779278282046,3.0485525895141516
PCL_PCL1185,0,fold0,1,0.000436678523122219,0.00043371823026673757,2.955044646235194,5.1480026926764815,1.285374069151999,2.9600544287938013,1.1382441590364762,2.2419321706720368,6.429918493894372,9.161189022629982,2.3965386736340157,5.59725804264514,1.6843707832018266,4.443804971436646
PCL_PCL1186,0,fold0,1,0.0004380273876832199,0.00043318138403183534,,5.105431770328587,,3.053444297554818,,2.2068684687514244,,8.533902413161266,,5.312545590978758,,4.18293565446481
PCL_PCL1187,0,fold0,1,0.00043557560005166656,0.0004338312806538621,4.932430175045178,4.909111155957818,2.3617988099116665,2.7262743232098874,2.0279010663089583,2.0766466943742214,6.857465390881759,10.576562494255072,2.7985976035982194,5.485567187081622,2.2791355883510844,4.416245080057095
PCL_PCL1188,0,fold0,1,0.0004354666102444251,0.0004338739859240052,4.468003421271886,5.48155204091035,1.7434898148120204,2.9783011805619832,1.3339655158991546,2.261489854324468,14.889630902146894,9.980718287062771,4.447055847640393,5.021716892775341,2.419083039887823,4.009961149821297
PCL_PCL1189,0,fold0,1,0.000436500078883526,0.0004329822127397756,6.417569377764046,5.037783195640093,2.008426263724929,3.001760798017886,1.4039595990663671,2.2349544847148066,9.42928998582542,9.321715416596609,2.3723818212603756,5.817608753144851,1.490477194019898,4.444537982017629
PCL_PCL1190,0,fold0,1,0.0004380328567169997,0.00043342968173184886,4.617208121629263,4.622786395565976,1.6318349826387297,2.6974643617871537,1.3369591151215892,2.014233093956851,7.0,9.40921126352065,1.839656583354726,5.437221767889798,1.3532057697968798,4.233602524804111
PCL_PCL1196,0,fold0,1,0.0004385601180784832,0.00043445715216756074,,4.96815167835604,,2.815432674235768,,2.068270730437238,,10.424745976557153,,5.712079496376784,,4.376910283354908
PCL_PCL1197,0,fold0,1,0.000437195705198811,0.0004342574629112531,4.00829400192608,5.063404600959781,1.3582255529871494,2.6405036378044344,1.136733793240465,2.075234601562716,5.428983634659764,11.591768800533925,1.469339930509586,6.083280020980677,1.1734359910600516,4.477751871475853
PCL_PCL1203,0,fold0,1,0.0004344561390569639,0.00043357268162264213,4.609608211947189,4.86069509570152,1.6814492440562028,2.829524178034685,1.308475974046117,2.161220854882504,9.865208478372175,9.965129903428325,5.043334369709848,5.075996481292054,3.785852090032154,3.950816598709829
PCL_PCL1204,0,fold0,1,0.0004383713003327775,0.00043352831102863067,4.407907992882841,4.827704878094544,1.3656947327106896,2.8947324136822528,1.1373484327311136,2.167740173179615,5.429597873287084,8.728413765016358,1.3874821890927458,5.60067615423578,1.1386426342115026,4.308849734669561
PCL_PCL1205,0,fold0,1,0.00043924119836342404,0.00043441183506883786,,4.629780564346467,,2.431798601836284,,1.9007034631093496,,9.096697972106977,,4.254013596756609,,3.016715524216024
PCL_PCL1206,0,fold0,1,0.00043663414505151115,0.00043423730656939885,4.318055777768786,5.177506374222291,1.9937422209676117,2.6526994721788553,1.5263872103954046,2.0188074512177185,7.249488652156401,9.12731586503353,2.8792578754624683,5.151330667469795,1.9923077609516247,3.8646736022074846
PCL_PCL1207,0,fold0,1,0.00043712752647480694,0.00043393623255664517,3.212237174612387,5.167223472129172,2.082537030810146,2.6817169481219483,2.032038587138539,2.020153743769382,5.430938205783059,9.083218373320697,2.2258468379379805,4.877779332711597,2.0827332172834265,3.688091950772749
PCL_PCL1210,0,fold0,1,0.00043573191896415306,0.0004333116682814168,5.215532303035944,5.246763094285616,2.251569300058813,2.5286108933738394,1.8328576538772872,1.938151090437107,8.888797886889032,9.106255960156318,3.1307635863224705,4.298788655432566,2.4770968494254335,3.058094619799492
PCL_PCL1211,0,fold0,1,0.00043655790189699726,0.00043367936719406787,5.067123882516843,5.201170931509779,2.089131043314014,2.5716074541528107,1.7804290288824738,2.0635398446385844,6.244254593813073,9.48806124949649,2.263298852523144,4.8131674979624846,1.854489068663103,3.4600184487972667
PCL_PCL1212,0,fold0,1,0.0004358361407479415,0.000433534308777149,,5.033470387867862,,2.6568622794906633,,2.037813584415234,,9.841127249512763,,4.648738896603282,,3.545998139935474
PCL_PCL1213,0,fold0,1,0.0004366886751890235,0.00043391288839091796,4.087169382230076,5.0911071167945465,2.1515091865100886,2.7685658375839712,1.8600291953613586,2.178562829309052,5.0,8.84827475460002,2.2590835860163416,5.399163177392313,1.9179662465285197,4.093742816036815
PCL_PCL1227,0,fold0,1,0.00040381125160314323,0.00041241198929141756,7.368783959599026,6.0193502819446,3.981932736678437,4.472971071212718,2.587226582731669,3.1584314944736938,8.596099438611748,8.247006062312476,4.720995358415764,6.418876690787945,2.918254764292879,5.30882406550275
PCL_PCL1228,0,fold0,1,0.00040525317825325835,0.0004090653573527725,4.641884125130245,6.455928033819564,4.040798310634875,4.651569737468007,3.7389725476261706,3.3416851747464107,6.827233820374534,9.096361000122679,5.364206151506764,5.908872203161242,4.734743694060211,4.68560911360921
PCL_PCL1229,0,fold0,1,0.0004000497635159642,0.0004101607859521468,,6.023894003586324,,3.858363027596359,,2.958876375619484,,7.586902461357555,,4.856687304260101,,4.107202087106881
PCL_PCL1230,0,fold0,1,0.0003992456890612804,0.0004039499338214878,5.247897984443214,6.526598402321268,3.8728598640736873,4.8526671395429215,3.058488099504631,3.402930769164542,7.236939603417814,8.579316385645498,5.428290568977056,6.013226703524047,4.12328375286041,4.7938612853128415
PCL_PCL1231,0,fold0,1,0.0004024672717422941,0.00041116352982317056,7.8113096008887375,6.752222129132373,3.8838785926224197,4.9879487254838715,2.806242035564034,3.497635730590417,10.878217734414923,8.436473292887339,5.1146079276853245,6.176325549555507,3.573062261753494,4.926452419118342
PCL_PCL1232,0,fold0,1,0.00040267047988655166,0.0004115557451950143,5.589654078853214,6.374517985457641,3.942925446135995,5.012902636733954,2.916225704151839,3.599976610809666,6.235314720565588,8.012083837473375,4.564606724625948,6.2281055607445195,3.368546940402632,4.9380074029167185
PCL_PCL1258,0,fold0,1,0.0004034056812988203,0.00040468229050506267,,7.619565143092442,,5.115012159649116,,3.6810079355512855,,10.105537509475127,,6.453381819993438,,5.260795363350918
PCL_PCL1260,0,fold0,1,0.00040197920407245995,0.00041065224687687404,5.268189553486975,5.956734366732707,3.623763653434958,4.333065740626736,2.871925689956578,3.134882125791854,6.805259773816397,7.718283069794874,4.1325225283148495,5.201235223699706,3.1374501992031876,4.100323586069257
PCL_PCL1261,0,fold0,1,0.0004027224324891968,0.0004131366406733873,,5.7180646785128895,,4.617697538906451,,3.361089473525288,,7.9243130214112245,,5.76347099694158,,4.733723534707332
LT_1002,1,fold1,1,,0.0004206671233466155,,6.416352186631198,,2.4450015464397246,,1.9302480472629189,,7.561840022059792,,2.7868394117112762,,2.125991357095627
LT_1003,1,fold1,1,,0.0004159762856492579,,6.558291804180103,,2.6236152823015253,,2.011467152284029,,7.462673013412327,,2.976939920010749,,2.254202550233869
LT_1004,1,fold1,1,,0.0004148920445490867,,6.844425912305726,,4.5448583713872575,,3.3455408751234734,,7.817076106711773,,5.311303081099393,,4.107479990102796
LT_1006,1,fold1,1,,0.00042218368271042944,,6.036715007505522,,2.389434197790074,,1.8840456306494313,,7.674367430288069,,3.1751924457432947,,2.3487886201127552
LT_1009,1,fold1,1,,0.0004184308870175228,,6.4526201070078075,,2.551086931436257,,2.002126432884955,,8.212572744675557,,3.60796033109258,,2.8036433472920725
LT_1011,1,fold1,1,,0.000418596893029451,,6.686161127188941,,2.9837517291537794,,2.2952381234611914,,7.734189134731899,,4.306682296169806,,3.4262188891576897
LT_1024,1,fold1,1,,0.0004138101433596407,,6.628275009924724,,2.8281742180447096,,2.1738397061116452,,7.6305064223928,,3.748085506592543,,2.8996717057405252
LT_1026,1,fold1,1,,0.0004177693403421053,,6.294725114013991,,2.3687227000869018,,1.9103887247217481,,8.118672263010495,,3.051535826142321,,2.3878665072759997
LT_1027,1,fold1,1,,0.0004169304396411215,,7.099667681177544,,4.4223742992100314,,3.3968106988910862,,9.120393118510838,,5.298968993704479,,4.379955888166417
LT_1029,1,fold1,1,,0.00041255583484444205,,7.049154110683979,,3.1116545017872275,,2.3738757542099833,,8.52289298812691,,3.857480992154869,,2.9865379727179504
LT_1038,1,fold1,1,,0.00041340392568075743,,7.002292834452731,,4.1937404257605815,,3.14647915000042,,8.032315297222855,,4.975720648190597,,3.994220282898857
LT_1039,1,fold1,1,,0.00041572084333693464,,7.203773099315892,,4.712994837266942,,3.5424412062753454,,8.02925048531734,,5.5324326201583975,,4.467091054718538
LT_104,1,fold1,1,,0.00041670472365818063,,7.062901263110662,,3.2478592712731214,,2.4698340541459327,,8.843807462077763,,4.492057655462198,,3.5376464481568473
LT_1042,1,fold1,1,,0.00042150684828831143,,6.5181486419742365,,4.11261935292417,,3.149407527237039,,7.636241259683633,,4.668901293524089,,3.637111943846185
LT_1043,1,fold1,1,,0.0004188589695962811,,6.324312545168652,,2.551712437634621,,1.9789227459530874,,7.686070367681114,,3.364469968858175,,2.595628589088017
LT_1044,1,fold1,1,,0.00041686032045044376,,6.432054950026599,,2.6603547422456115,,2.114473391806473,,7.616641184421491,,3.1887480339565384,,2.535746558397704
LT_1045,1,fold1,1,,0.0004185167786096757,,6.274478221428264,,2.398381859344411,,1.864202823159628,,7.663103523174747,,3.2227078081191607,,2.4920764436781364
LT_1052,1,fold1,1,,0.00041678159690077855,,6.279211012724365,,2.3717277771411087,,1.9024276133209976,,7.687034374755074,,2.962514282005744,,2.307289324697257
LT_106,1,fold1,1,,0.0004148973107393119,,6.68807477187396,,3.1540028090964016,,2.3483449687554225,,7.675247657556609,,4.630433563229405,,3.452477525442061
LT_1065,1,fold1,1,,0.000414911395558935,,6.712073771139233,,4.434055692923487,,3.2388264964030604,,7.870605202967227,,5.17977849858014,,4.047415569478684
LT_1067,1,fold1,1,,0.0004133216578320418,,6.722792928489115,,3.0197068827115228,,2.2964053797585655,,7.583083195560436,,4.0793965484294645,,3.0008604096910467
LT_1069,1,fold1,1,,0.0004145898989932565,,7.309006268560565,,3.373149833535622,,2.5950539992326638,,8.710728781590277,,4.351243764804822,,3.3026789998704014
LT_1073,1,fold1,1,,0.00041341010318602517,,7.054630750020556,,4.942760905550022,,3.6425894284959424,,7.632873270247701,,5.930775003296551,,4.6593161795470435
LT_1076,1,fold1,1,,0.00041647403388286354,,6.475609505340552,,3.1784213200529527,,2.375165933772228,,7.740980867182906,,4.247756443832133,,3.2255867032291143
LT_1077,1,fold1,1,,0.00041699239289005006,,6.4215550812133815,,3.024476691039837,,2.2747114108880475,,7.593952797503148,,4.129104967399749,,3.1661692229453298
LT_1081,1,fold1,1,,0.000409866270718531,,6.727880668034838,,2.6811931508814277,,2.0680482558669513,,8.537714691266535,,3.5320462593565476,,2.792261298704089
LT_1083,1,fold1,1,,0.00041359712285836056,,6.842121980406413,,4.616654180709144,,3.395821983803038,,7.737104533306405,,5.5922075943876415,,4.55331764359331
LT_1084,1,fold1,1,,0.0004099778595498503,,6.540133544963194,,2.6408867604326876,,2.0597241932872725,,7.971651725548228,,3.1989165133414184,,2.5874509067935247
LT_1087,1,fold1,1,,0.0004097093220274458,,6.375525761898449,,2.666080684839875,,2.0912770096297097,,8.549503858471985,,3.5721176883614563,,2.8347580787598625
LT_1088,1,fold1,1,,0.00041062900863716306,,7.580204606664834,,3.2439401110384742,,2.3879005571543903,,9.644543856774005,,4.730739478587912,,3.649724023133046
LT_1093,1,fold1,1,,0.0004213677133850964,,6.530110779599134,,3.0279426789330244,,2.34738341840625,,7.9824979885896195,,4.201668234498976,,3.1443749336840456
LT_1101,1,fold1,1,,0.00041631855298439845,,6.870622481480618,,3.3310654257917993,,2.5035851062135843,,8.105565286834857,,4.322400743232676,,3.2020064717834154
LT_1132,1,fold1,1,,0.00041908501054593525,,6.534182336487925,,2.8403337660267893,,2.2120802488824474,,7.644741335709648,,3.814079987500563,,3.0005197662899468
LT_1143,1,fold1,1,,0.00042445447580739294,,6.312969996110331,,2.575565954127696,,2.084836825737099,,7.9874459304886525,,3.525220231817082,,2.7003902927680716
LT_1146,1,fold1,1,,0.0004183912407329706,,6.3632934972630775,,2.6706403786535384,,2.0897571123930825,,7.620554770983876,,3.881022715010237,,2.9636321053662997
LT_1148,1,fold1,1,,0.000415578317725776,,6.484190222061942,,4.094828202503441,,3.046502990152962,,7.726198369160164,,4.422080625588502,,3.406184694421189
LT_1154,1,fold1,1,,0.0004207127237676831,,6.386272013311914,,2.243227779553861,,1.8070381642785167,,7.9502506360464675,,2.9408372502306084,,2.3029602157947635
LT_1157,1,fold1,1,,0.0004177603327851897,,6.665951714963567,,3.008694557058277,,2.2860589722697533,,7.653203602030384,,4.190199765442401,,3.1984155307352555
LT_1161,1,fold1,1,,0.0004149331392042672,,6.587498491863673,,2.8410299642406,,2.156882987952716,,7.686722364233403,,3.89327520503076,,3.0186167087022358
LT_1162,1,fold1,1,,0.00041368422458310135,,6.482115489035466,,2.8620051330573473,,2.209353019766807,,7.524148548985929,,3.4782572743011517,,2.6809401880250108
LT_1163,1,fold1,1,,0.0004145193894567103,,6.4481885796078755,,2.6768947013470714,,2.0091933314843833,,7.641681506089619,,3.4226995863676657,,2.6590382485625277
LT_1165,1,fold1,1,,0.0004198465335640226,,6.007606941692255,,2.288518915200925,,1.8226320119404371,,7.658843504801666,,3.0076066185484858,,2.2625069367022457
LT_1166,1,fold1,1,,0.00041854319055608866,,6.546095315064678,,2.788751046570712,,2.1521605698844244,,7.885963351691104,,3.830511968078718,,2.99014394403171
LT_1168,1,fold1,1,,0.00041277209281621006,,6.684933006923896,,2.663178526342027,,2.0677993763179243,,7.926827532624746,,3.2504600548468567,,2.5914204661044806
LT_1169,1,fold1,1,,0.0004148986952411896,,6.272432220049995,,2.588148031352064,,2.0037807074095353,,7.487245571395056,,3.1990616007881814,,2.4636756249190626
LT_1170,1,fold1,1,,0.0004122115599357167,,7.283420267585002,,4.629191725073665,,3.4632126690400145,,8.857600244219975,,5.588911812320615,,4.558366887928546
LT_1171,1,fold1,1,,0.0004170545476830309,,6.544543920266726,,4.090442992339686,,3.015116210153189,,7.992167006293356,,4.801925155776751,,3.7746055445837685
LT_1173,1,fold1,1,,0.00042061797883893165,,6.105278612171529,,2.2715490779668674,,1.8209127693508194,,7.517236360950664,,2.6343446956616936,,2.052285423066005
LT_1174,1,fold1,1,,0.000412767405247939,,6.942554522209349,,2.953195922506061,,2.2662808366008824,,8.499999329253669,,3.703382311191176,,2.8403748118270897
LT_1175,1,fold1,1,,0.0004143939147132746,,6.700994621089198,,2.514866646683783,,1.917319018237007,,8.103093291247514,,2.812493555014416,,2.217646224020935
LT_1176,1,fold1,1,,0.00041805178650811126,,6.5172803455835835,,2.891544418462679,,2.22563820141668,,8.072620727906216,,3.5839310073192805,,2.7074029756303646
LT_1179,1,fold1,1,,0.0004122862091878853,,6.70361251609883,,2.7738051491792763,,2.181555645630414,,8.37414969189687,,3.540404594109077,,2.791146987833938
LT_1180,1,fold1,1,,0.00041657946620127576,,6.621636844334955,,2.761840848225596,,2.1390633136129087,,7.930176049012852,,3.8787530255794422,,2.977478584030708
LT_1181,1,fold1,1,,0.0004179223404919656,,6.635850875560697,,2.480614811122006,,1.9581201470688234,,8.039904121803058,,3.06224781974403,,2.2235550926090406
LT_1182,1,fold1,1,,0.00041208262437645964,,6.925992136887514,,4.46017426153381,,3.3993504640070857,,8.043122441500325,,5.480828060666204,,4.528492219785839
LT_1183,1,fold1,1,,0.00041428577274128103,,6.018818479762351,,2.3914450730504084,,1.920178418321275,,7.946223129711296,,3.3961147907584395,,2.74156979935983
LT_1184,1,fold1,1,,0.0004135692399307913,,6.586212884559802,,2.6828854807391997,,2.0696286519560334,,8.181090677740675,,3.568750753157249,,2.7492436045785262
LT_1186,1,fold1,1,,0.0004173507937992923,,6.444264606057686,,2.64380375482842,,2.056576011885388,,7.379552891420537,,3.1084883638647325,,2.412438750536939
LT_1187,1,fold1,1,,0.0004178401147538705,,6.551027519962293,,2.491869356013482,,1.943589817258581,,8.0472035662558,,3.2736363453335318,,2.4556328838811403
LT_1190,1,fold1,1,,0.00041695353724415483,,6.65342058153585,,2.7252635057402315,,2.0852040750965575,,7.837772121747459,,3.8296864328198303,,2.955641490867105
LT_1191,1,fold1,1,,0.0004161992856295711,,6.357799665538493,,2.9241194365226506,,2.2512574543545125,,7.782072200149787,,4.14282609398911,,3.37407413343698
LT_1196,1,fold1,1,,0.0004129289021313851,,7.371623014019253,,3.530593840658139,,2.6019579206266847,,9.082655636291118,,4.970943890945516,,3.736224928615179
LT_1197,1,fold1,1,,0.0004167049438302782,,6.583235121502944,,3.126632123085339,,2.307752481646237,,7.709650368602433,,4.14297389320617,,3.2038776816079233
LT_12,1,fold1,1,,0.0004090523176612272,,6.9891808132362065,,2.8622449020861147,,2.2004925635626775,,8.546524252112224,,3.7567171528364742,,3.0206409431587584
LT_1201,1,fold1,1,,0.0004172373800685608,,6.449761392639476,,2.558960936198737,,2.0241583747317993,,7.856526375807554,,2.9096742466817487,,2.4073959613948603
LT_1219,1,fold1,1,,0.00041759107967744534,,6.582878441107398,,2.8284872118008315,,2.2602999062027496,,8.130942429471753,,3.9362228312846614,,2.8137987788152836
LT_1221,1,fold1,1,,0.00041067099168921005,,6.551715393874883,,2.68599396790845,,2.176989163415649,,8.332091253395571,,3.47232055584973,,2.8093169984011555
LT_1222,1,fold1,1,,0.0004118334538460288,,6.809540222002044,,4.548430184347855,,3.3412755491913826,,7.557984713719441,,5.119901798532906,,3.996039889078092
LT_1223,1,fold1,1,,0.00041319802428283793,,6.364426197819273,,2.7417426599693875,,2.0788979506167364,,7.491162569534971,,3.2760562946989142,,2.584083341244242
LT_1225,1,fold1,1,,0.0004212087578622202,,6.605275835952986,,3.07507866664468,,2.423309588931351,,8.082003503836136,,4.173262256498283,,3.1358980428844205
LT_1240,1,fold1,1,,0.00042276929886584,,6.4491923293491,,2.7969837903055415,,2.2034355844482545,,7.893959462038975,,3.7944834831618715,,2.8323277475664796
LT_1242,1,fold1,1,,0.0004154935843636784,,6.776717297686781,,4.113667331276711,,2.9971309686048344,,7.874410745338849,,4.495825183864078,,3.443601072930001
LT_1257,1,fold1,1,,0.0004163486088962498,,6.471936550406618,,2.5268425624937607,,2.009431760981748,,8.036107463111831,,3.5796454922281353,,2.7135209383061247
LT_1261,1,fold1,1,,0.0004180469372789316,,6.094401526214591,,2.2974086196354033,,1.8842515720306532,,7.583807495883333,,2.9414389496018627,,2.2316007503670603
LT_1262,1,fold1,1,,0.00041334478211363726,,6.768441109086339,,4.691717643002068,,3.3715860839928076,,7.805049024773499,,5.59197707405019,,4.488209886562055
LT_1264,1,fold1,1,,0.00042079333062359364,,6.912803495378916,,4.355307004187834,,3.4079227852248732,,8.961057948080809,,5.244752229469369,,4.3351751266324765
LT_1265,1,fold1,1,,0.00041547202108352214,,6.701634032364632,,4.520978703015719,,3.3794754373557745,,7.978493327303711,,5.4159159966747135,,4.433331575876812
LT_1268,1,fold1,1,,0.0004180130332809163,,6.21355931254001,,2.474215169333753,,1.9811546384485625,,7.619522875915786,,3.0000787223127277,,2.2352262343859235
LT_1270,1,fold1,1,,0.0004127392996404397,,6.9870362212482355,,4.642119830283816,,3.428267521199392,,8.139798089770371,,5.578854930424703,,4.512597422945119
LT_1271,1,fold1,1,,0.0004186786729009108,,6.187401254344804,,3.8038009659070835,,2.9105903437482357,,7.657719432598514,,4.187671316073824,,3.274456500051565
LT_1276,1,fold1,1,,0.00041030769505747376,,6.287919624519587,,2.5550674925529133,,2.079397268072406,,8.442096380586406,,3.6621028524119175,,2.9351605410414034
LT_1320,1,fold1,1,,0.0004183928810936599,,6.625422675875738,,4.274949878915298,,3.2951017720623743,,7.79186612205074,,4.654894586229717,,3.716060865494419
LT_1321,1,fold1,1,,0.0004150591771200987,,6.37808961270615,,2.4181991152390836,,1.949626862214747,,7.82452715955896,,3.0242452982932804,,2.3582735439247013
LT_1322,1,fold1,1,,0.00041880112673141866,,6.534130171117639,,2.710839268249654,,2.141487946772323,,7.884170444155427,,3.7582128144315265,,2.89511704226378
LT_1324,1,fold1,1,,0.00041698474745434887,,6.308986330615601,,2.414687096133943,,1.8970662182440605,,7.971223796075129,,3.349828153221794,,2.6006702601767446
LT_1325,1,fold1,1,,0.0004159161724413291,,7.0211606675696245,,3.1414253219099146,,2.397798315091448,,9.142172309696754,,4.291475267020591,,3.356035764827334
LT_1336,1,fold1,1,,0.0004183563541218724,,6.587035264539053,,2.6395883403286513,,2.0677723004980892,,8.05882069619607,,3.502440603437348,,2.5621111314232223
LT_1339,1,fold1,1,,0.0004161590583645954,,6.495998982627329,,2.7647906884637714,,2.1700504589434146,,7.906935942580488,,3.780516477532684,,2.863090150011981
LT_1347,1,fold1,1,,0.0004117077047294405,,6.813367542979457,,3.0020650716949784,,2.275780416670599,,8.392411007537799,,4.102288688600058,,3.285053264268724
LT_1348,1,fold1,1,,0.00041401585816220124,,6.734434628556125,,4.074831339692648,,3.130006565495045,,8.325108316496204,,4.974805034320526,,4.022438749488806
LT_1349,1,fold1,1,,0.00041444943285720917,,6.4357763624308095,,2.746088946321558,,2.134244173658465,,7.751538514333625,,3.4290234031766613,,2.629129318811617
LT_1350,1,fold1,1,,0.00041660169771788255,,6.156347462657003,,2.356092021285832,,1.9114505845571097,,7.838374745425761,,3.2371993617237447,,2.462886463991571
LT_1351,1,fold1,1,,0.00041456486590326323,,6.5217715178573155,,2.512164760225224,,1.9891858023289537,,7.915191150271404,,3.4147481465969696,,2.5129842680010093
LT_1354,1,fold1,1,,0.00041239694458791373,,6.373352693261327,,2.5497285388716104,,2.0316103924415465,,7.886935512270738,,3.4446653832239975,,2.7579361809610847
LT_1360,1,fold1,1,,0.00041543324519796067,,6.313311122146429,,2.442961374138669,,1.9909220689230946,,8.159870992776607,,3.2636794164035363,,2.5095626928777106
LT_1361,1,fold1,1,,0.0004098960677003903,,6.51635989817638,,2.631110963541094,,2.033937301979503,,7.990596310311408,,3.1032007350024418,,2.4965680846300073
LT_1362,1,fold1,1,,0.0004140344865000579,,8.259743545633674,,3.4344173753659932,,2.520566074517167,,9.969653178698922,,4.578439429680324,,3.425550291123975
LT_1369,1,fold1,1,,0.00041065629936229767,,6.700874237933491,,4.56373710177974,,3.4180350455140305,,8.323427369491712,,5.546108444829341,,4.478935120409281
LT_1383,1,fold1,1,,0.0004152463677034521,,6.790419367290509,,3.3198036939027684,,2.5299868340194887,,8.251622011196286,,4.274524547236885,,3.215412738982486
LT_1387,1,fold1,1,,0.00041208634016819644,,6.828954252868151,,3.1995749790643564,,2.4100701903584043,,7.982299262932951,,4.272068464961215,,3.278363825619977
LT_1389,1,fold1,1,,0.00041109094970414456,,6.358890505242141,,2.7329656173050423,,2.150634279175739,,7.345472245500899,,3.3075485122714676,,2.620424803300085
LT_1390,1,fold1,1,,0.00041051707214282557,,6.670289261012892,,2.611639716511746,,1.9912937926333347,,8.001883605684252,,3.2690339688514163,,2.6122126687771483
LT_1411,1,fold1,1,,0.00041032613479636756,,6.208282084037297,,2.7055304738008075,,2.119665897443263,,7.805046874574905,,3.881158714533086,,3.083650326979129
LT_1413,1,fold1,1,,0.00040948787972738127,,6.714153829779036,,4.293588534633253,,3.2211402325540854,,8.755507978017844,,5.452149946219914,,4.37420666063731
LT_1424,1,fold1,1,,0.00041202467083581787,,6.490735168201617,,2.59282458907916,,2.0373804877068813,,7.784404030768128,,3.490948139990754,,2.733928707028241
LT_1427,1,fold1,1,,0.00041113095363035784,,6.57661957942229,,3.034812927030504,,2.285525918520577,,7.44653745594843,,3.8545989076634966,,2.865162501339988
LT_1469,1,fold1,1,,0.0004143101171227622,,7.021770754654023,,3.0804089881809666,,2.346084251736698,,8.099588796081896,,4.097999488314885,,3.133232693037611
LT_1473,1,fold1,1,,0.00041187691331840554,,7.209487434486467,,3.497616460717472,,2.564926730617028,,8.848560507351978,,4.661111068579709,,3.5619626953114647
LT_1476,1,fold1,1,,0.00041137624400994915,,6.781663362622552,,2.754572099553464,,2.0563302481132917,,8.823035556672188,,3.4948875569163085,,2.835431551704202
LT_1479,1,fold1,1,,0.0004107678322033091,,7.101250720172974,,3.4294473028758263,,2.549373835978119,,8.252022885330657,,4.889507423144371,,3.7378114230858053
LT_1480,1,fold1,1,,0.00041427674172994124,,6.487311393789754,,2.5180570543447702,,1.945931764986133,,8.005339406320642,,2.9186540264817755,,2.3517639695283865
LT_1484,1,fold1,1,,0.0004125089830453489,,6.441884475793451,,2.6753106152256,,2.070078329258187,,7.508789778376055,,3.1785209354929944,,2.561073627132784
LT_1490,1,fold1,1,,0.00041216339118875164,,7.009327612346072,,2.8343312034134094,,2.2553100348743076,,9.101472646500792,,3.921420093385047,,3.0582654173124277
LT_1492,1,fold1,1,,0.00041077564828005675,,6.6572771968774145,,2.667516685500552,,2.084144626442457,,8.427518176282714,,3.4042278093985527,,2.673794623455713
LT_1493,1,fold1,1,,0.00040990660725636653,,6.773389069273406,,4.366486918963316,,3.149382985724528,,7.595564527290233,,5.277523106669716,,4.07759824927038
LT_1495,1,fold1,1,,0.00041390634410552914,,6.64601079040352,,3.1732466034421694,,2.3597124382358,,8.347230318738108,,4.056241735502175,,3.163662162856488
LT_1496,1,fold1,1,,0.0004104834202372735,,6.757043621294608,,3.116694910088822,,2.382480045633243,,8.280412606202303,,4.216284346008502,,3.338173651593897
LT_1497,1,fold1,1,,0.00040939598627070563,,6.665085144459916,,2.9971687052509424,,2.273272497418234,,8.01304312055729,,4.048122042608699,,3.1356505114120794
LT_1498,1,fold1,1,,0.00041134624168562284,,6.585884090866433,,2.806254722740494,,2.1404884608271133,,7.781128681222023,,3.4681502672799907,,2.7460293122484587
LT_1503,1,fold1,1,,0.0004160537099244556,,7.435396901304873,,3.417221118318021,,2.5983540804052656,,8.773092434419059,,4.356150478805707,,3.2736473110782818
LT_1505,1,fold1,1,,0.00041167545194551944,,6.893980852371227,,4.255974217436972,,3.131576590094592,,8.535184652737989,,4.880737840611838,,3.8027136983451557
LT_1509,1,fold1,1,,0.00041155668949102026,,6.757599521898459,,2.684565989274874,,2.044840348407794,,8.517327979928634,,3.4447755642066618,,2.7408822421558807
LT_1511,1,fold1,1,,0.00041303464668996856,,6.616555295175299,,2.6417445453703907,,1.9962977099867203,,8.319829654253,,3.251750339045433,,2.582856909379375
LT_1512,1,fold1,1,,0.0004099288721314681,,6.709353131609786,,4.092759503494475,,3.0033885300343175,,8.22917438255166,,4.709956037685435,,3.730118489115923
LT_1516,1,fold1,1,,0.0004103770796680395,,6.732641645126307,,4.118217908514868,,2.9862101697398225,,8.441636978387423,,4.909467253216172,,3.8312965747679577
LT_1517,1,fold1,1,,0.0004142296409422267,,6.456262106521488,,4.162909546934759,,3.1074587314072337,,8.16619817451827,,4.893655964666668,,3.745929339374909
LT_1518,1,fold1,1,,0.00040852472721482694,,7.032157844085893,,3.1346938147264978,,2.4389377920065103,,8.98027029977032,,4.104152946138378,,3.3123506117046686
LT_1520,1,fold1,1,,0.0004106506616199188,,6.867720279985791,,2.8425425671196636,,2.185181682794491,,8.503269946391281,,3.7407401336379826,,2.889920205315284
LT_1521,1,fold1,1,,0.0004100799089002006,,6.818705357751144,,2.85547065983062,,2.1913375554127983,,8.595752787885518,,3.88678858051135,,2.9662315593839677
LT_1524,1,fold1,1,,0.0004107847919409078,,6.988041537850852,,3.397913777857469,,2.514688765968144,,8.721068114961755,,4.726121028381644,,3.594326670748168
LT_1563,1,fold1,1,,0.00041035279707395816,,6.842924683330928,,2.8013624537763064,,2.216569356968867,,8.238114785349099,,3.5351817494451727,,2.798467112884757
LT_1565,1,fold1,1,,0.00041352458029895317,,6.73375478614003,,2.5479100404381767,,1.9842784401121798,,7.71346702226894,,3.4827928758622715,,2.5382757532841014
LT_1568,1,fold1,1,,0.0004119585696367757,,6.336356949885053,,2.6591625195165696,,2.068135700331305,,8.232829420870974,,3.4012425414416785,,2.605288149943974
LT_1570,1,fold1,1,,0.0004191586466643065,,6.713913663757696,,4.474092207145912,,3.2868564741562776,,7.609824254930916,,5.284170910407773,,4.204403429044449
LT_1572,1,fold1,1,,0.00041073866038940886,,6.624710925484255,,4.375071592855375,,3.3508887952160644,,8.094110419840266,,5.452477911095643,,4.6252330511043
LT_1574,1,fold1,1,,0.0004107272912260932,,6.903917665179775,,2.8685506437368287,,2.229781121167852,,8.149490534284554,,3.6993923737048426,,2.90433443103553
LT_1575,1,fold1,1,,0.00040974391472357874,,6.912561623106863,,3.2422884827064147,,2.5010250507747416,,8.551490253091266,,4.601056025702529,,3.6940842273788803
LT_1576,1,fold1,1,,0.0004090099288224236,,6.7672187267563215,,3.048154681442844,,2.374627120407841,,8.545053314329442,,4.218058737282353,,3.390565614008757
LT_1577,1,fold1,1,,0.0004112246148327073,,6.295669021989762,,2.6156930351929666,,2.068708164213331,,7.5763979421517105,,3.353101260339219,,2.6001337416298123
LT_1579,1,fold1,1,,0.0004086644166114411,,7.02522489477014,,4.721179320479429,,3.4441196016180404,,8.436880265952151,,5.883827172267777,,4.741253010385527
LT_1581,1,fold1,1,,0.00041028652489398,,6.803568107301906,,4.332771129637893,,3.248875770303401,,8.151577570392698,,5.316890758688369,,4.152861136050918
LT_1593,1,fold1,1,,0.00041270211527091004,,6.344273651190911,,2.3523539904724666,,1.867620677338483,,8.013329576057764,,2.9494657861631826,,2.2958106225562305
LT_1601,1,fold1,1,,0.0004095126417699435,,6.971837400229682,,2.8304849973614705,,2.2412862860728477,,8.629697842138349,,3.756974597641806,,3.0109691339229463
LT_1604,1,fold1,1,,0.0004089987272386346,,7.0188208493646345,,3.1814901230121144,,2.4509404310774996,,8.93878626536783,,4.565083135515341,,3.550524355274719
LT_1607,1,fold1,1,,0.0004102634227155892,,6.840134558286546,,3.1199162657209603,,2.415225071144587,,8.329311778085499,,4.434189003958422,,3.489788135844364
LT_1612,1,fold1,1,,0.000409991157774639,,6.742255962776451,,4.320191021197111,,3.2273588094855303,,7.858213997003031,,5.42754357985217,,4.39195762145085
LT_1615,1,fold1,1,,0.00041045738913728785,,6.967252515132989,,4.388376698853465,,3.273375379481725,,8.245399501740332,,5.134785823478954,,4.104371136314303
LT_1616,1,fold1,1,,0.0004085180933244663,,6.832591733861862,,2.8404356093027197,,2.242208137747802,,8.908432497043277,,3.80395128215168,,3.1342812705389322
LT_1618,1,fold1,1,,0.0004102553676403435,,7.010853956153931,,4.590460014386189,,3.4247684067204713,,8.50628828127045,,5.648081551851364,,4.599396129712758
LT_1620,1,fold1,1,,0.00041006621548064434,,7.365854588602924,,3.233278066107506,,2.509982195815782,,10.084634944757873,,4.614408624841077,,3.636771518469984
LT_1621,1,fold1,1,,0.00041034268743210534,,6.721176118309824,,4.2247842734223315,,3.1590265551054655,,8.251632366086508,,4.969762601649798,,3.9739690361271247
LT_1625,1,fold1,1,,0.0004112944897990845,,6.556637833025808,,2.5133229409921696,,2.03689006467648,,7.845274124662783,,3.0749552805907014,,2.4140738440076563
LT_1626,1,fold1,1,,0.00040941240490181136,,6.6653167760182965,,2.7516075510714795,,2.1140456569429853,,8.307757211680542,,3.553956493073797,,2.905390401029639
LT_1628,1,fold1,1,,0.00041046122267816496,,6.71132722763345,,2.7500752531707606,,2.1769496276238733,,8.457533731593085,,3.475458836784824,,2.7187801174286386
LT_1629,1,fold1,1,,0.0004104635705439244,,6.690839767486067,,2.9798761992910134,,2.339896184844522,,7.950074630740757,,4.219160198152217,,3.3388384300763425
LT_1631,1,fold1,1,,0.0004111678413785541,,6.3500587708607386,,4.330861479223233,,3.3528587852178497,,7.857128943579083,,5.36096530574732,,4.355520372005354
LT_1632,1,fold1,1,,0.0004137763282799842,,6.635018497182917,,4.282500153862052,,3.272859918721705,,7.654282009148449,,4.883587734856649,,3.8337637629939683
LT_1633,1,fold1,1,,0.0004110659884912337,,6.704844511819554,,3.1796845935699407,,2.423572192793389,,8.214361517156856,,4.6629311207342505,,3.5192468420717162
LT_1634,1,fold1,1,,0.0004098790456094868,,6.885991403685687,,4.168760324277403,,3.1129868348572094,,8.457057756174272,,4.984901288270168,,3.9261900813474444
LT_1639,1,fold1,1,,0.00041073135888126423,,6.479788861126953,,4.168702175185498,,3.209669951623463,,8.095561994569058,,5.285053106271648,,4.164010853052522
LT_1645,1,fold1,1,,0.0004127656045912649,,7.642828953419156,,3.4824031533929105,,2.579878816776831,,9.874964505601842,,4.929947846119848,,3.699588261449598
LT_1659,1,fold1,1,,0.0004191155796445852,,6.582698094353669,,3.8648682429543744,,3.014395725194534,,7.6933359187404475,,4.3904677370076195,,3.4019007242739043
LT_1661,1,fold1,1,,0.0004113297133166178,,6.734375347467035,,2.929938200740022,,2.249493119709877,,8.575562689138605,,3.66362143144161,,2.8873178648466666
LT_1663,1,fold1,1,,0.00041994796620831165,,6.358404411358832,,3.000713374667189,,2.3550363815267743,,7.72458803098207,,4.1176435822488,,3.0901861485412696
LT_1664,1,fold1,1,,0.0004188309500179378,,6.395567183313452,,2.5652847311464786,,2.0548560547448793,,8.68854206293061,,3.7149402556157334,,2.8001243589958627
LT_1666,1,fold1,1,,0.00041891224402534205,,6.618335126054364,,4.170014291380162,,3.238818357262395,,8.251890994236101,,5.021787150840713,,4.141377219274932
LT_1667,1,fold1,1,,0.00041729562121692147,,6.464168674894686,,2.2878051017930114,,1.8749001319745684,,8.29156979857615,,2.8707855795669297,,2.089044053192522
LT_1670,1,fold1,1,,0.00041508662242772595,,6.549688236045315,,3.0130056071920883,,2.3372474953731714,,7.707482282440657,,4.237897890979922,,3.2635181215561593
LT_1679,1,fold1,1,,0.00040924263329070003,,6.938980772132501,,4.237492310187461,,3.1320388165640383,,8.696059933981983,,5.193722032661737,,4.110511963771233
LT_1683,1,fold1,1,,0.0004108642976175265,,6.37477805007103,,2.872384149688803,,2.1862180471271,,7.558697956628252,,3.4720404363349946,,2.675299818136353
LT_1685,1,fold1,1,,0.00041071172894861785,,6.947561733493279,,2.679900723631587,,2.0595034833573274,,8.58718016398313,,3.5441478223198297,,2.778724699736006
LT_1686,1,fold1,1,,0.0004112572276417613,,6.39720061056169,,2.6327596574939367,,2.067965486767945,,7.6475735113235705,,3.2730807203087546,,2.6037366799476382
LT_1687,1,fold1,1,,0.0004104565247538758,,6.566908127107783,,2.789008258185014,,2.156904493055691,,8.047320502218463,,4.144449090653197,,3.2051379684592716
LT_1690,1,fold1,1,,0.0004101946562606023,,6.5684763454636155,,4.240022350195582,,3.22668026607393,,7.841618804677089,,5.310732636503046,,4.26227077122523
LT_1692,1,fold1,1,,0.00041013809198286837,,6.701444714819702,,4.539742176349078,,3.3287752536190145,,8.13192290821784,,5.628239092978546,,4.453735484047913
LT_1693,1,fold1,1,,0.0004109531194614914,,6.601130250164939,,4.2705182224616625,,3.1520717285093784,,8.023067993020817,,4.942147908487853,,3.9137729234634975
LT_1694,1,fold1,1,,0.00041212705540475195,,6.845316913743879,,2.6603163747946064,,2.060366992642834,,8.309332214726853,,3.5067196916768286,,2.6660120056019085
LT_1695,1,fold1,1,,0.0004094792956878951,,7.027788427029708,,4.2671793985801525,,3.180235094123164,,8.848853831639985,,5.169777340823223,,4.237034452904375
LT_1696,1,fold1,1,,0.00040991567806257165,,7.073873434846423,,4.777098152219198,,3.5216911241123356,,7.8340394228697985,,5.897661641290243,,4.692675405997087
LT_1697,1,fold1,1,,0.00041109214024729127,,6.2397249868438465,,2.679699736254234,,2.058606310550048,,7.547835736051182,,3.3263909948602994,,2.5579845561556893
LT_1702,1,fold1,1,,0.0004095824340558489,,6.402658822811738,,2.7018212328175366,,2.1759737633158376,,8.560272178624412,,3.6192758930625373,,2.9452584125441055
LT_1704,1,fold1,1,,0.0004105041671778713,,6.461388280481828,,2.8229384060265605,,2.1479441202608207,,7.864353481131038,,3.731075673805657,,2.8737219006493775
LT_1722,1,fold1,1,,0.0004144554989853194,,6.721230557141822,,2.76960425172158,,2.1332994013804245,,8.485204170380543,,3.369235403639567,,2.541965487923601
LT_1743,1,fold1,1,,0.0004122270859412934,,6.4993205511844945,,2.545886060730153,,2.10072176248598,,8.038931018112116,,3.4352354787369013,,2.6447614453723953
LT_1781,1,fold1,1,,0.0004150165176403462,,6.5291914633021575,,2.7178999217410733,,2.1144589146401467,,7.997943011176721,,3.4145922430569824,,2.564672730336256
LT_1783,1,fold1,1,,0.0004128184841094198,,6.355990590296193,,2.546019712212125,,1.9940767436081628,,7.983915456421273,,3.175904166039358,,2.590260610637967
LT_1784,1,fold1,1,,0.00041361855515841504,,6.785340947881293,,2.736926432905207,,2.162310280722885,,8.06481347244215,,3.2185670232173167,,2.546742795042365
LT_1833,1,fold1,1,,0.0004109505773804978,,6.894977867426505,,3.0016216840636365,,2.295155768082638,,8.634910457976186,,3.9836495048308675,,3.114781879512902
LT_1834,1,fold1,1,,0.00041017674366860234,,6.9106972014031385,,3.165413476152025,,2.4015812449437632,,8.50481411196005,,4.095078517659491,,3.2328134484705684
LT_1836,1,fold1,1,,0.00041043591188182245,,6.784309174236388,,3.226436382297897,,2.4654758879616674,,8.596131484543108,,4.3961239428604335,,3.5252226476426562
LT_1837,1,fold1,1,,0.00041127737114992485,,6.462193185619523,,2.663241783927795,,2.046373714940513,,7.970461026502716,,3.62003970161472,,2.8722054816323452
LT_1839,1,fold1,1,,0.00041076725433505587,,6.700153804364898,,2.700650295033482,,2.112398805616892,,7.989252617690003,,3.3707284704496168,,2.6116294020399984
LT_1840,1,fold1,1,,0.0004123243020640096,,6.570668425602395,,2.9911720455830224,,2.2826895160878977,,8.465431996285913,,3.734111949685296,,2.8934266790683494
LT_1841,1,fold1,1,,0.0004089756340732494,,6.943670030224972,,4.309143733401926,,3.223538677381028,,8.734418102391196,,5.350020777126129,,4.322947683428764
LT_1854,1,fold1,1,,0.00041559921762305586,,7.613646742900518,,3.257540309635678,,2.5087732553372595,,9.36018584252731,,4.31120026412497,,3.292715179260534
LT_1855,1,fold1,1,,0.0004135627132527825,,6.666948368685704,,2.601300861748466,,2.058307183060501,,7.6746697143324925,,3.319637271278616,,2.6614302041088767
LT_1878,1,fold1,1,,0.00041721923926231474,,6.541014461807537,,3.9764018979720435,,3.1188667211921652,,8.047049677303995,,4.642190766526395,,3.6291081676890973
LT_1879,1,fold1,1,,0.00041825971276289453,,6.409061934360343,,2.62553411391338,,2.045014152964901,,7.848260741103593,,3.439535452050103,,2.582293391065925
LT_1897,1,fold1,1,,0.0004152576580342699,,6.414080552858389,,2.5323637555241585,,2.032539878437303,,8.120789621004985,,3.5192804583380486,,2.8099915786602225
LT_1904,1,fold1,1,,0.00042066078936383276,,6.3287147034171305,,2.539308629569554,,2.0425920302295313,,7.673072502409202,,3.1512159290258075,,2.3924482903668607
LT_1937,1,fold1,1,,0.00040849660650527433,,7.2247341229277025,,4.639554374907875,,3.4524068912416386,,9.790488385039195,,5.775067596465529,,4.597139793153038
LT_1938,1,fold1,1,,0.00041264854589730116,,6.744980935429528,,4.036399833873783,,2.9055898785289314,,8.298873225623328,,4.454791928280907,,3.407000599838902
LT_2002,1,fold1,1,,0.0004175951711597823,,6.66980049624928,,4.5458177797404336,,3.52811452467754,,8.037944605065091,,5.45653831588592,,4.49571080253954
LT_2004,1,fold1,1,,0.00041824048196087427,,6.503551858244676,,2.6437383628177744,,2.0871843581313625,,8.057442529447627,,3.733324541211637,,2.881659035561926
LT_2005,1,fold1,1,,0.0004200386993374293,,6.602659560343799,,3.798617089641444,,2.976995254139213,,8.12205056075838,,4.169994034766218,,3.309552958026292
LT_2007,1,fold1,1,,0.0004187308091203601,,6.775162374522836,,4.275566996595523,,3.3069016593453937,,8.186858771786223,,5.242072761565857,,4.3020685669009895
LT_208,1,fold1,1,,0.0004204157916286016,,6.406479188428605,,2.195215531540696,,1.7494912838321532,,7.8656144729007575,,2.6735912235659924,,2.039636050302377
LT_221,1,fold1,1,,0.0004140632847173635,,6.189167059990082,,2.4652646897127433,,1.9588819014543635,,7.598963907446822,,3.1181172196906677,,2.5214700163079975
LT_231,1,fold1,1,,0.00041282464670029315,,6.598819936644902,,2.6229606119243383,,2.057644111321798,,8.02116834318339,,3.1794630622888422,,2.5900492623515667
LT_238,1,fold1,1,,0.0004333107775196937,,6.563122341065254,,2.593600907767681,,2.0482310815552913,,7.397606830556223,,3.1380150524160806,,2.345492343570112
LT_239,1,fold1,1,,0.0004132553675101989,,6.664509508973982,,4.175498986826815,,3.2015914930738867,,8.246272860597504,,4.9621321309071496,,4.058486522081786
LT_24,1,fold1,1,,0.000414390884353329,,6.452792125075267,,2.3884755628748473,,1.8841579969876796,,7.683447858615873,,3.0967863171247885,,2.3281368890784058
LT_244,1,fold1,1,,0.0004296529474884462,,6.6406414594660115,,3.016365237223508,,2.2600827262872762,,7.5540962927754105,,4.303681467323471,,3.237424647934811
LT_251,1,fold1,1,,0.00042329766934317767,,6.274084443669071,,2.2953255420545995,,1.8386030186515339,,7.670155217872478,,2.967921049295628,,2.2582000651401097
LT_257,1,fold1,1,,0.00041430813705399874,,6.784258702070595,,4.164467138422867,,3.166079169064261,,8.309797041172668,,5.0907912041534855,,4.169996335350263
LT_260,1,fold1,1,,0.0004160936667725098,,6.500236861359861,,4.113181825108919,,3.136681061725884,,8.406330240637255,,5.028979188406909,,4.162362419345282
LT_281,1,fold1,1,,0.0004180481248076493,,6.438107486977095,,2.5756778608369206,,1.986339165618692,,7.610533854436289,,3.11115613185215,,2.4020724497762673
LT_286,1,fold1,1,,0.00041613417284403625,,6.684366390148599,,2.9020237279433316,,2.2154908397301787,,8.708542640918992,,4.330621297538997,,3.277209127647502
LT_292,1,fold1,1,,0.00042041285777110263,,6.359219790153389,,2.7398561504809336,,2.11999742018051,,7.687429970514412,,3.911247508119973,,2.870551889446883
LT_294,1,fold1,1,,0.0004166991289563642,,6.280507868296495,,2.3724051221007,,1.8343123291486718,,7.810319088330108,,2.72736361793157,,2.107240465106447
LT_295,1,fold1,1,,0.0004158146224180759,,6.4140761608486905,,2.818512588076445,,2.161710678649067,,7.734861630084505,,3.344420929882146,,2.610113289532961
LT_299,1,fold1,1,,0.000417319287727598,,6.7562256837123424,,3.0116759936291126,,2.3065553747601752,,7.828671282360469,,4.129329014362477,,3.223230599455847
LT_309,1,fold1,1,,0.0004129568933980369,,6.991789112504234,,4.720147350297552,,3.4498381452355456,,7.402521198986743,,5.709318497042904,,4.439355665725487
LT_312,1,fold1,1,,0.00042225851406811274,,6.5347968628823,,2.9198078229348323,,2.2667921070657293,,7.664888525323506,,4.169582837574825,,3.2059779938115875
LT_32,1,fold1,1,,0.0004185024138297234,,6.401053433341839,,2.5512150592491656,,2.005624750431553,,7.742055048146972,,3.0677862347489238,,2.347411102850281
LT_327,1,fold1,1,,0.0004214200289448817,,6.337834031111044,,2.429186929774086,,1.9384781617576163,,7.952220688777006,,3.1925386874748956,,2.4473764756783742
LT_336,1,fold1,1,,0.00042176823505398267,,6.36106033819446,,2.3492357512207973,,1.9293648342506962,,7.5840247016559506,,2.9553709895997073,,2.2699491850999265
LT_346,1,fold1,1,,0.00041307158640861187,,6.490849974860377,,4.12499830767289,,3.091885307335046,,7.663423802858366,,4.951385320740533,,3.9789905798572693
LT_347,1,fold1,1,,0.00041410045282295853,,6.345356993183621,,3.933091094360859,,3.0021679979561524,,7.8926909729948385,,4.344321254504478,,3.406129995806356
LT_350,1,fold1,1,,0.00041553440415901047,,6.780784330116598,,3.060565944749551,,2.2996331256462805,,8.027979112242932,,3.8008862160829278,,2.8879596668945804
LT_357,1,fold1,1,,0.0004130042903855522,,6.981382366895196,,4.591122973441584,,3.460607173483581,,7.641610627479857,,5.4858138815904445,,4.301515209079346
LT_37,1,fold1,1,,0.00041475728935081585,,6.482898458126925,,2.801517661637726,,2.1721701413669128,,7.794384538125287,,3.9453598206705873,,2.992044663755353
LT_374,1,fold1,1,,0.00041844881068546676,,6.312884728501184,,4.088789809093235,,3.096864918411442,,7.538297699554506,,4.5684747460336,,3.5639566292223384
LT_385,1,fold1,1,,0.00041092642691640917,,7.688331874481478,,4.622945866226826,,3.497830243595438,,9.39881207923479,,5.686790836934193,,4.5251625951182195
LT_388,1,fold1,1,,0.000412289780992163,,6.651964202083036,,4.277490953334397,,3.1648510270968937,,8.008825501155856,,5.072942138751056,,4.064726758174332
LT_390,1,fold1,1,,0.00041314957773422485,,6.733071859036182,,2.6496189699167916,,2.0813347611747877,,8.350327729608791,,3.3058781336361496,,2.65201668568333
LT_391,1,fold1,1,,0.00041741694528865843,,6.549330930204886,,4.079995235051338,,3.004947711814247,,7.740682180326408,,4.512319909877812,,3.5286736759438453
LT_393,1,fold1,1,,0.0004148508468014688,,6.764833456200914,,4.098032750354645,,3.015157117166014,,7.44060392170171,,4.653135661369685,,3.599964149207748
LT_394,1,fold1,1,,0.00041753208216000794,,6.54593167330875,,2.875137144292152,,2.195737090606711,,7.640343893626957,,3.9568758750582895,,3.003312889817311
LT_397,1,fold1,1,,0.0004136593293198789,,6.27705394516548,,2.2186355531905275,,1.8057644284106444,,7.842138203493316,,2.7973736237011178,,2.078296390046432
LT_4,1,fold1,1,,0.0004091093319770235,,6.789927736182127,,2.7078229345351827,,2.1419972061574417,,8.878643468348482,,3.6710206246521793,,3.046276806651601
LT_40,1,fold1,1,,0.0004134733715190006,,6.656644208243668,,2.987652592037705,,2.2878698430470155,,7.5783954840361485,,4.170588129529156,,3.191738742753174
LT_408,1,fold1,1,,0.00041838235587973033,,6.418354142683727,,2.9658239909525035,,2.3513885817488775,,7.687004234333446,,4.105000752753338,,3.1780364869249262
LT_409,1,fold1,1,,0.00041326837771356664,,7.049206296098799,,4.203916332053475,,3.1178061093873004,,8.49396714179391,,4.788045126764385,,3.8101052899936687
LT_41,1,fold1,1,,0.0004135809777299649,,6.593969304075323,,2.807428681487914,,2.160698073519664,,7.820933856838746,,4.02297027226566,,3.011147829728152
LT_412,1,fold1,1,,0.00041302541700807653,,7.095512264990868,,2.846339907027724,,2.226493526079882,,8.960260405955717,,3.7457378646565025,,2.9461825618917366
LT_416,1,fold1,1,,0.00041524978364669736,,6.607804171128007,,2.5760834128671477,,1.9451985053217729,,8.224303285355226,,3.2492948952451735,,2.4396160595881753
LT_419,1,fold1,1,,0.00041866956805948485,,6.623562613739425,,3.150905329081729,,2.4464881358543167,,7.892455793895901,,4.278336185337806,,3.3397716891807803
LT_421,1,fold1,1,,0.0004136520650911135,,6.305315837917603,,2.6192343386939,,2.109007817447218,,7.930349625880892,,3.6471541206996982,,2.8220258676636387
LT_422,1,fold1,1,,0.0004149873539996563,,6.620579825623995,,3.9420212927060287,,3.0850763925355307,,8.039958626407323,,4.399733850795233,,3.4947901637106615
LT_423,1,fold1,1,,0.0004143874542889732,,6.737654251306378,,2.5796269701063204,,1.9951742460510609,,7.998108976528228,,2.856228040286527,,2.284718769412667
LT_424,1,fold1,1,,0.0004125544972942846,,7.317808239859341,,4.576154349743322,,3.3715679408715427,,8.957975702302905,,5.457299206205784,,4.365632708775142
LT_425,1,fold1,1,,0.00041261530256248534,,6.807774177152375,,2.7096377164374106,,2.051518211832336,,8.57845177207959,,3.3630041688647205,,2.6580493852214997
LT_427,1,fold1,1,,0.00041205990057384574,,6.666475238999439,,2.8402263707334714,,2.205683549382725,,8.006381631431916,,4.097602643968274,,3.1468277696492453
LT_432,1,fold1,1,,0.00041533348595138714,,6.225725381802978,,4.089106027020894,,3.204630617442816,,8.022080853292758,,4.828192275056956,,3.860327592467551
LT_433,1,fold1,1,,0.0004116516366274893,,6.660662690152572,,2.986854554136775,,2.2614594768298226,,8.160981014981365,,4.141555513664808,,3.249142042907685
LT_435,1,fold1,1,,0.0004136896226042946,,6.969535005751543,,4.290082286053109,,3.1231935005213813,,8.239723352181771,,4.839315645084818,,3.7909184901023223
LT_436,1,fold1,1,,0.0004222712402805976,,6.33219222368886,,2.3701894681435074,,1.8843440610251343,,7.84884735571094,,3.50990440376576,,2.5731786875012284
LT_44,1,fold1,1,,0.0004107170767365786,,6.538137273624194,,2.7677475443430004,,2.172399391572947,,8.286457150745663,,4.103308699295251,,3.2661982974395696
LT_442,1,fold1,1,,0.0004141825666576539,,6.344266984692844,,4.260080415530793,,3.3027031616041076,,7.9908476355857,,5.226405014089819,,4.349633610364088
LT_443,1,fold1,1,,0.0004137184979562114,,6.685448363084638,,4.121558017553322,,3.2526274951026033,,7.978676917531641,,4.906808039716051,,3.9609159730091346
LT_445,1,fold1,1,,0.0004135370742007604,,7.145190310179137,,4.511556995080772,,3.4805184292445173,,9.26456117873741,,5.356757216989374,,4.427427139393396
LT_446,1,fold1,1,,0.00041264259249984385,,7.537762716166566,,3.377809525979907,,2.5424179100643856,,9.373628635437344,,4.714672021035872,,3.6181977894191406
LT_450,1,fold1,1,,0.0004165373970792183,,6.432821722006951,,2.2356456341786863,,1.7932483990244332,,7.858527768561359,,2.6202399537472876,,1.9874591625423395
LT_452,1,fold1,1,,0.0004109841890878891,,6.748051281254629,,2.8609459571419107,,2.139486764202366,,8.701889550300168,,3.8091510612896884,,2.9930425164263394
LT_453,1,fold1,1,,0.00041465458868234113,,6.456787254916897,,3.8356499378897797,,2.9779584617615873,,7.877755724430239,,4.2420225770024995,,3.387005322683919
LT_456,1,fold1,1,,0.0004101737194037291,,6.651271832560785,,2.7123159211346395,,2.1616326517355184,,8.439044551982724,,3.6580850466777144,,2.8744450490273175
LT_46,1,fold1,1,,0.00041580023705099604,,6.960486590856348,,3.2419915696891475,,2.3873329252976383,,8.11046972379411,,4.719816678574601,,3.4941196350379666
LT_463,1,fold1,1,,0.00041294591980585264,,6.423307553369691,,2.829594976899964,,2.171733144222395,,7.709455787511336,,3.6193622842109288,,2.7422418930722965
LT_467,1,fold1,1,,0.00041129043489466013,,6.926113582090182,,3.1836900386454583,,2.3500732311204353,,8.352909590929686,,4.460430463363764,,3.408881875138207
LT_469,1,fold1,1,,0.0004116510479118523,,7.0023360869144975,,4.159064269588473,,3.0007646732323003,,8.52825124009667,,4.862933675456067,,3.7185544830230555
LT_471,1,fold1,1,,0.00041214747950079657,,7.821220092257185,,4.885867202112079,,3.5841074677922227,,10.044622453479766,,5.944361530589637,,4.644075435519916
LT_475,1,fold1,1,,0.00041282592692826886,,6.320465358965992,,2.455843156562749,,1.9113861654053022,,7.5552339889500155,,3.169028785796653,,2.5059640869339233
LT_483,1,fold1,1,,0.00041013667184274134,,6.998594311499621,,4.640952753141037,,3.3051568348843348,,8.335986175856835,,5.546972453468797,,4.452735967933481
LT_485,1,fold1,1,,0.00041239931526517414,,7.0225121141401665,,4.286383561298619,,3.1765249777942284,,8.507915632587936,,4.919523823296101,,3.9268243454023586
LT_486,1,fold1,1,,0.0004119650872795085,,7.441269532413077,,4.820253247908431,,3.5688572131440806,,9.199053239448288,,5.905830716221217,,4.800323316624014
LT_49,1,fold1,1,,0.0004173505179334118,,6.233771875573088,,2.908312143270488,,2.2705390936716796,,7.78793568879754,,4.056499412142577,,3.0725069777983416
LT_492,1,fold1,1,,0.0004199677220301252,,6.238883785309624,,2.518189749720021,,2.0453657621208436,,8.67634884795416,,3.5266453841689893,,2.627599327124453
LT_498,1,fold1,1,,0.00041952893909101216,,6.217697094975585,,2.453976490168404,,1.960990431642567,,7.5690992084969695,,3.1030112657379636,,2.4025024759800933
LT_500,1,fold1,1,,0.0004123546874864898,,6.909226296775208,,2.740215399553875,,2.1352081653062545,,8.678109222057103,,3.606351379995144,,2.798475075284445
LT_502,1,fold1,1,,0.0004126135189914601,,6.751243882534357,,4.493491274028362,,3.4878296983103105,,7.951482181096252,,5.453024217106594,,4.453334977360116
LT_508,1,fold1,1,,0.000412755799452302,,6.800809730029086,,3.033257683444973,,2.2501674957866036,,8.760857485462404,,4.102362099913497,,3.172837690903609
LT_509,1,fold1,1,,0.0004134955039177216,,6.370084940995045,,2.519525198906945,,1.9730153922624492,,7.894501242954564,,3.5245464053341555,,2.7613977435389994
LT_51,1,fold1,1,,0.00041960614441474177,,6.41272986136341,,2.503399889005167,,1.9730796941896387,,7.776051200976757,,3.1125926761345406,,2.298908424479856
LT_510,1,fold1,1,,0.0004102494418893234,,7.19570002038949,,4.610065444853217,,3.4095901878139987,,8.325813416041251,,5.701653819159585,,4.46571269616774
LT_517,1,fold1,1,,0.00041483044627170854,,7.785909634051172,,4.734842627059346,,3.489421434766171,,9.61972722150906,,5.698566352913847,,4.449474694481474
LT_518,1,fold1,1,,0.00041275227184373736,,7.300468956600086,,3.2195171479921005,,2.400949811436948,,8.850245091010146,,4.311065499105394,,3.1766071995025316
LT_519,1,fold1,1,,0.0004124121501985316,,7.026676237315325,,3.011828171691596,,2.27218506976434,,8.587928433019131,,3.735390900693867,,2.9048689050633825
LT_523,1,fold1,1,,0.00041428678899829013,,6.974736890747899,,4.21427394309021,,3.0211700024813988,,8.402675373042714,,4.786996329773782,,3.5806087284684525
LT_524,1,fold1,1,,0.00041219727401706555,,7.050456766792567,,4.373800372585371,,3.2027265879681397,,7.806596197350944,,5.183903180933658,,4.072069343306885
LT_527,1,fold1,1,,0.0004154952657412971,,6.416544534644672,,3.8112167820757863,,2.8817383261819494,,8.11817969002889,,4.4203432296826675,,3.5379324596382387
LT_528,1,fold1,1,,0.00041303357321468594,,6.365621421309499,,3.8757873592451273,,3.034962937793988,,7.957473180886198,,4.559027047640543,,3.6580288844822046
LT_530,1,fold1,1,,0.00041025033648057173,,6.789380504765859,,4.075842564877314,,3.05877772382206,,8.209752674296046,,4.789652362256967,,3.7969939444208243
LT_531,1,fold1,1,,0.0004123572355203206,,7.240505405646499,,4.329221185327734,,3.187136777651972,,8.712660857963568,,5.206874932436592,,4.090681407227635
LT_536,1,fold1,1,,0.0004154151151309418,,6.8209368495552205,,4.705760088910635,,3.4537011730607126,,7.873204154821421,,5.589913509808607,,4.521733038435713
LT_537,1,fold1,1,,0.00041349277139470474,,6.885837571322776,,2.6968990120049767,,2.024252922007644,,8.371332797975416,,3.287660563652759,,2.5391856119187564
LT_539,1,fold1,1,,0.00041653096161365505,,6.350817002450075,,4.169313196643975,,3.16187381483208,,7.893280043435333,,4.764355061855927,,3.727283028981878
LT_540,1,fold1,1,,0.0004107237626608789,,6.843598031461939,,2.888425581966216,,2.2944417346559445,,8.701083443066926,,3.85125127342176,,3.0617997147562117
LT_543,1,fold1,1,,0.00041729346773472856,,6.202641418333472,,3.7904681198246095,,2.8183774133466604,,7.677572694763579,,4.102664877412264,,3.1492496053616432
LT_544,1,fold1,1,,0.0004107541787219081,,6.387021364297584,,2.682032372906616,,2.098297195128736,,8.160284349967506,,3.366533578212246,,2.6227982526285674
LT_547,1,fold1,1,,0.00041099968138190446,,6.312972403628452,,2.387984787623041,,1.9498638544033953,,8.350996409530861,,3.6300553609747026,,2.7784935013699923
LT_548,1,fold1,1,,0.0004103841651620886,,6.463414461728443,,2.5646947519845953,,2.0150945003888237,,8.026225929522823,,3.3856410853568772,,2.672473178724618
LT_551,1,fold1,1,,0.00041515887845324125,,6.476079032187071,,4.128663851850902,,3.1661422917699227,,7.7547090194134185,,4.471579527102229,,3.6611498879675204
LT_553,1,fold1,1,,0.00041850400875107635,,6.260167217492234,,2.3312411814741103,,1.8171066336060546,,7.687559577337644,,2.962022819783288,,2.3427595520973714
LT_555,1,fold1,1,,0.0004200750403768744,,6.334563033945801,,2.5179490629923484,,2.009680876098397,,8.102554250207715,,3.612138899454481,,2.7846198906015687
LT_558,1,fold1,1,,0.00041570688673135334,,6.657040994094126,,4.19157414304158,,3.2433071432501905,,7.980210118913509,,4.839646132010827,,3.9140316598851683
LT_559,1,fold1,1,,0.0004112115399342014,,7.18393723371126,,3.2701072028427483,,2.4092486205381265,,9.145778918259516,,4.601613708237179,,3.576318236658422
LT_560,1,fold1,1,,0.000409671457489073,,6.719514265772019,,2.788828784597629,,2.0669399467798044,,8.330808194570192,,3.5060830618633996,,2.8355641849676316
LT_564,1,fold1,1,,0.0004133592506359845,,6.4709030620930585,,2.749532625707625,,2.119492865104769,,7.377413199853592,,3.2168244826863095,,2.50056394163482
LT_565,1,fold1,1,,0.00041438690727173266,,6.398637079367914,,2.4949486225908557,,1.9659043708911013,,7.657972974078305,,3.1603028669555573,,2.507572529816133
LT_567,1,fold1,1,,0.0004189333604070408,,6.225608108681026,,2.3614030722829917,,1.9151553189400732,,7.885270582320597,,3.05735418406549,,2.3537421243539733
LT_569,1,fold1,1,,0.0004135627449794368,,7.038249639910359,,4.255142188802557,,3.195450382471627,,7.961481205058265,,4.7786383783944455,,3.7425802013803584
LT_573,1,fold1,1,,0.0004125121562984415,,6.215762448635846,,2.3395704652523244,,1.8258514624091418,,7.947405411971315,,3.144096745271733,,2.4652755369784827
LT_58,1,fold1,1,,0.00041206382831102464,,6.653501088742569,,4.242942111840583,,2.9913728803787025,,7.531346752214994,,4.686523594907992,,3.615591541564164
LT_585,1,fold1,1,,0.0004165184011915759,,6.806057461171747,,2.6898737580817738,,2.068388719541619,,8.480074840395055,,3.365653110093571,,2.7033588120310066
LT_586,1,fold1,1,,0.00041103246204301017,,7.108141544055741,,4.653734927414865,,3.392817331641246,,8.867830914739555,,5.865109141590647,,4.720491951387346
LT_587,1,fold1,1,,0.0004096268798047635,,7.0416324560020085,,2.921280203426035,,2.205382745101148,,9.200231121922549,,4.085975539206447,,3.298931676452749
LT_59,1,fold1,1,,0.0004119843331694059,,7.2570519434707474,,3.4117293758959497,,2.5621427377340957,,9.629354492507016,,4.5602705768161105,,3.4993528823865754
LT_590,1,fold1,1,,0.0004084193814369655,,8.177634298497805,,4.757607288534136,,3.542262938834026,,10.458216237857453,,6.2237819406533825,,4.813970386371431
LT_592,1,fold1,1,,0.0004151394563904152,,6.142901494169012,,2.322192939055541,,1.8967503132871852,,8.03000585707558,,3.26168787339217,,2.4216491514224523
LT_593,1,fold1,1,,0.0004117071370192595,,6.719735775559219,,2.6836847994234567,,2.064665408169041,,8.527523934657694,,3.4377589838778726,,2.770764838583556
LT_595,1,fold1,1,,0.000414811471332965,,6.702780408789653,,4.638510958869501,,3.4613585522259975,,8.25447741609102,,5.465784048826501,,4.424054632577978
LT_597,1,fold1,1,,0.00041378793524285765,,6.720605349336227,,3.042994464917134,,2.2933223736071464,,8.670238126029622,,3.777629425835661,,2.8989391113339247
LT_598,1,fold1,1,,0.00041554518800255083,,6.82638750784522,,2.8080583154434433,,2.1795467313341543,,8.151668909089123,,3.283776647757479,,2.423178872841326
LT_601,1,fold1,1,,0.00041646046601563624,,6.672764913098383,,4.017672539280684,,2.9863400468111383,,7.727696770190293,,4.3776833231718735,,3.344003911843048
LT_604,1,fold1,1,,0.00041406157619522377,,6.217746228322649,,2.3893272139135977,,1.8476035458503146,,7.331184565136561,,2.7809738478286348,,2.266372119622312
LT_605,1,fold1,1,,0.0004120930337863371,,7.112548798450766,,4.366204711877325,,3.2045689201420973,,8.791398320543202,,5.088578477527076,,4.101286788178034
LT_611,1,fold1,1,,0.0004116186044193209,,6.400781911206768,,3.1583040550420853,,2.3547363706803224,,7.470731942024645,,4.418301881530571,,3.4088837424995564
LT_612,1,fold1,1,,0.000412398223635568,,7.025383194042649,,3.274798019586045,,2.413187198382996,,8.434056603379172,,4.443322263622036,,3.338386397244027
LT_613,1,fold1,1,,0.0004111789796219078,,6.899171435487328,,2.952522454113246,,2.299706337414021,,8.562974465800584,,3.725080419854165,,2.932904708583547
LT_614,1,fold1,1,,0.00041163835871255335,,7.173217356146803,,4.5583596633717045,,3.3414499275569622,,9.240966164366563,,5.753368026193421,,4.75217144775883
LT_615,1,fold1,1,,0.0004134275045584602,,6.9303782415492465,,2.862610544837958,,2.244512764514748,,8.440624579265416,,3.7394200277299467,,2.9622221069185595
LT_616,1,fold1,1,,0.0004130644058591027,,6.7673070214659745,,2.7879742569506663,,2.139957563972837,,8.775438654448585,,3.633954816772889,,2.826602385372904
LT_617,1,fold1,1,,0.0004118766264785533,,7.283328257404371,,4.542298625397454,,3.399850351475037,,9.255440346850934,,5.6067455064691725,,4.549357534367645
LT_626,1,fold1,1,,0.0004132090724218978,,6.918958388344205,,2.8604180782751576,,2.2035181119094807,,8.842418835149884,,3.727545624209862,,2.8409029504002166
LT_628,1,fold1,1,,0.00041165104076440126,,6.793785144130634,,2.681327815937447,,2.10433777471296,,8.340351001789296,,3.387235491885543,,2.7229539618706484
LT_629,1,fold1,1,,0.00041241092970024235,,6.8093369637200505,,4.477891665433542,,3.2671095976736373,,8.013713150208652,,5.174130968706819,,4.142558535071844
LT_63,1,fold1,1,,0.00041815901028841376,,6.406996301912028,,2.485895378927597,,1.9746369607905812,,7.748681542384821,,3.0102597696663196,,2.252005332246844
LT_638,1,fold1,1,,0.0004106090603011852,,6.452687654230255,,2.803763406849835,,2.1793025006181854,,7.755212289990648,,4.142931037298286,,3.242595637941361
LT_64,1,fold1,1,,0.0004138815940326439,,6.657818748067138,,2.868184444817004,,2.2099956449468157,,7.925205531936676,,3.9401653787801543,,3.014797827740244
LT_642,1,fold1,1,,0.0004101896980221332,,6.971400375458504,,4.110485839279201,,3.064515797658099,,8.670106206202297,,4.862768406222612,,3.7764963744411286
LT_643,1,fold1,1,,0.00041251083888735503,,7.519801837036935,,4.807402606258395,,3.5223044828231265,,9.081707554802286,,5.875609686888359,,4.739259416206408
LT_644,1,fold1,1,,0.0004128475902628725,,6.670639429087758,,3.0247084511239923,,2.30591080833578,,7.890182067863371,,3.80633867988574,,2.874651548353727
LT_645,1,fold1,1,,0.00041278010288606747,,6.60587407558128,,2.6715080111843563,,2.1013220198746723,,8.23459936791002,,3.3052826312697388,,2.605951592537004
LT_647,1,fold1,1,,0.00041230324360570086,,7.121087987592423,,4.2770074565960075,,3.2210727550033926,,8.828685267157097,,5.2809901919431015,,4.214814291225274
LT_66,1,fold1,1,,0.00041581832774888194,,6.4407686323476225,,2.964114547720141,,2.2562862146689158,,7.742104829975912,,4.254356250173785,,3.205655194911704
LT_660,1,fold1,1,,0.0004146214092054252,,6.75340579765506,,4.019199019788213,,2.9226843559782205,,8.02606523402532,,4.412244006511369,,3.3790345781849784
LT_661,1,fold1,1,,0.0004119521883094151,,6.632800199845966,,2.689406826141656,,2.1071720958521873,,8.47532924797136,,3.5905245636454195,,2.8859644265488393
LT_662,1,fold1,1,,0.00041271036829043997,,6.757518508103424,,2.6351100647774315,,2.044561791057055,,8.500956001591,,3.060604794868379,,2.4719942969735937
LT_663,1,fold1,1,,0.00041299771797348624,,6.473304544215663,,2.545867394396539,,2.029943016505533,,7.911335253566537,,3.04160924514169,,2.3533478106850994
LT_665,1,fold1,1,,0.0004108636456371679,,6.991147085881039,,3.3347260802446783,,2.457736688378137,,8.345569281728633,,4.412561706297084,,3.458472513519358
LT_67,1,fold1,1,,0.0004274321346450314,,6.333837229318041,,2.40726639152865,,1.9223274713638583,,9.049632393776298,,3.644666819215169,,2.741242820866522
LT_678,1,fold1,1,,0.000411795458176354,,7.526315606427172,,4.599791533532313,,3.415302361463706,,9.09743216495892,,5.734486810770891,,4.629644643502591
LT_682,1,fold1,1,,0.0004203284481845513,,7.005473569192494,,3.0406544173945576,,2.254528917599262,,9.342400646349754,,4.266778908868864,,3.1909625582656314
LT_684,1,fold1,1,,0.0004154670562950113,,6.950966373283171,,3.022855945392436,,2.274375289685909,,9.289373452643149,,4.291758924895212,,3.3066184383988424
LT_686,1,fold1,1,,0.0004177524565552697,,6.501924531302949,,2.247835363601042,,1.7552671850952333,,7.805609141365145,,2.6322310128150552,,2.023026024143897
LT_687,1,fold1,1,,0.0004175676033015274,,6.63628222051635,,2.370794496617208,,1.8433555791299094,,7.92830374091841,,2.6284477503404293,,1.9998403929769497
LT_688,1,fold1,1,,0.0004127827036434443,,6.561284577249816,,2.933551241100149,,2.1823901148832334,,7.649845218722791,,4.061264397838206,,3.0868071560807246
LT_695,1,fold1,1,,0.0004131077121732364,,7.112638343246807,,3.060294570172664,,2.31165311831041,,9.020439305566269,,4.001112471612036,,2.9633748203161563
LT_70,1,fold1,1,,0.000416810780997744,,6.4431549913163115,,2.4800416048110363,,2.0118837284983067,,7.9366367034948615,,3.1018177042258714,,2.3560272619333884
LT_700,1,fold1,1,,0.0004096463723364755,,6.84776923819597,,4.408674509550348,,3.2681674483582044,,8.034944664370165,,5.2987730133238315,,4.305102675866959
LT_701,1,fold1,1,,0.00040949308071033114,,6.898183512567585,,4.551645321998579,,3.4000928706970477,,8.384931524796603,,5.719522564589677,,4.746583471530153
LT_702,1,fold1,1,,0.00041002204512530054,,7.14815469045147,,4.63371644159178,,3.331674715270105,,8.742828647174793,,5.622762294885203,,4.544877837147082
LT_704,1,fold1,1,,0.00041251133650014975,,6.751872109970101,,4.6517832950071645,,3.2412647060673914,,7.972803564869628,,5.464293734075582,,4.464469122198466
LT_705,1,fold1,1,,0.00041381288219684287,,6.655139335994519,,4.51252881625489,,3.2742682270975463,,8.373747019037182,,5.409992757796747,,4.2221767884401
LT_709,1,fold1,1,,0.00040996401441481187,,6.2141204319921215,,2.5721468231159164,,2.0743586803986673,,7.914144715850226,,3.501514954554753,,2.856720041394008
LT_71,1,fold1,1,,0.0004197869565442866,,6.255009371391619,,2.576661180735671,,2.0580526973699476,,8.714935163027487,,3.8562939032330763,,2.8785174405156058
LT_710,1,fold1,1,,0.00041441502398014557,,6.506863446787795,,2.98791921855356,,2.247494903468516,,7.951657976073979,,4.266701861486741,,3.2269426830148453
LT_712,1,fold1,1,,0.000410706452884527,,6.611140171136503,,4.055580837567472,,3.040453562596946,,8.152619644599797,,4.8298068127523655,,3.8656868423850113
LT_713,1,fold1,1,,0.0004098718309548544,,6.513906044488567,,2.7162111562555373,,2.1821253379659233,,8.132590654763952,,3.4413226123565073,,2.79259497233654
LT_714,1,fold1,1,,0.00041142079211487284,,6.380765850273371,,4.037790027605885,,3.1046151156098447,,8.252751365190477,,4.875160550346933,,4.028653283654976
LT_717,1,fold1,1,,0.00041055175060711324,,6.575235131492062,,4.092242241289924,,3.027266837736414,,7.915925037487181,,4.835652958752039,,3.743125169197566
LT_718,1,fold1,1,,0.00041123779121043057,,7.135621599126617,,3.127161151354457,,2.3759648340198902,,9.075348909687559,,4.478114635133352,,3.6157773133273934
LT_722,1,fold1,1,,0.00042224645780342997,,6.2696352918804825,,2.2610874479264327,,1.812871062175673,,7.518071436855384,,2.666646542722015,,2.137501185112561
LT_727,1,fold1,1,,0.0004109548091495215,,7.217182862813665,,3.0376172014550153,,2.3131337084913905,,9.081825960428104,,3.9388424130891124,,3.1618014340766334
LT_730,1,fold1,1,,0.00041034630228920475,,6.876884712175125,,2.8583287463808,,2.2101711812480254,,9.21038170169879,,3.9677452096845567,,3.1840383733982582
LT_732,1,fold1,1,,0.00041988648561476667,,6.2098354730657475,,2.856699598385298,,2.1590937978774174,,7.599895074082614,,4.095214784346437,,3.1507696834190404
LT_733,1,fold1,1,,0.000415806360576719,,6.607839805858282,,3.0121268381567625,,2.296998459799773,,7.703235020282811,,4.175107740400392,,3.1909305523743243
LT_734,1,fold1,1,,0.00041116498969961425,,6.790513466287259,,4.214867934892859,,3.141874916258654,,8.130432109716173,,4.919814086019954,,3.9079581561543684
LT_736,1,fold1,1,,0.00041859952489395856,,6.478808540102554,,2.5140009524946754,,2.0041422791826458,,7.822719791251995,,3.319194381377124,,2.460021952762127
LT_739,1,fold1,1,,0.000413903341770952,,6.404937221115579,,2.3966852101999514,,1.8947107231618063,,8.091337098667852,,3.129406901483858,,2.380566916884526
LT_740,1,fold1,1,,0.0004119340957700352,,6.3174067313057805,,2.510159963569399,,1.9773181007940255,,8.212323932894101,,3.708025810678101,,2.7755229357673055
LT_741,1,fold1,1,,0.0004140296572328183,,6.480365613277578,,2.457272432956628,,1.9102651646718283,,7.265540219448916,,3.0375428064648218,,2.395541124248531
LT_743,1,fold1,1,,0.00041523446540280874,,6.277080793265518,,2.275768117026488,,1.810926288795481,,7.528651592322844,,2.769191375320646,,2.1700216983528913
LT_744,1,fold1,1,,0.00041125786267781975,,6.5705595330983995,,2.798911203397995,,2.175062976183922,,8.016337308337112,,3.6433908859980915,,2.858295369530072
LT_747,1,fold1,1,,0.0004170917158018185,,6.307819482326247,,2.2423551101344597,,1.7832382997578256,,7.644147432242342,,2.675777093836153,,2.0241063114753435
LT_748,1,fold1,1,,0.00041485702831749703,,6.577095309053347,,4.005092083798189,,3.1259393571768794,,7.422629347193236,,4.5550481726976395,,3.6441314360458263
LT_75,1,fold1,1,,0.0004109094340779759,,6.884486218037168,,3.0506392587612177,,2.3583338841251638,,8.582008820319004,,3.881406314598384,,3.0413094053305394
LT_751,1,fold1,1,,0.0004191276641419203,,6.529389187331793,,2.329565880819598,,1.8518014721370117,,7.993828781675027,,3.042466872147065,,2.2413568712908467
LT_77,1,fold1,1,,0.0004147672429428567,,6.184799343516059,,2.4070413780804847,,1.8960975157872797,,7.6535102314515875,,2.9486263756463083,,2.2913470348533638
LT_779,1,fold1,1,,0.0004189959261980871,,6.651325546066274,,2.5368214978465775,,1.9655023575951303,,8.031529212975729,,2.8424066147457223,,2.2336450756777686
LT_78,1,fold1,1,,0.0004163553325474672,,6.218362536473731,,2.510287978679186,,1.9937296657945427,,8.823559321041989,,3.7831330087956614,,2.847134540671143
LT_781,1,fold1,1,,0.00041198856397150346,,7.278770251751876,,3.2568694206522113,,2.416037058240011,,8.811232712880356,,4.413333233261087,,3.373901247587662
LT_786,1,fold1,1,,0.00041265125562563176,,6.695876680052002,,3.0856991245574354,,2.31458361631018,,8.380262062816133,,4.179659781847033,,3.4114213988501834
LT_789,1,fold1,1,,0.0004139836045851733,,6.701570463956985,,4.074520446485723,,2.97649996045401,,8.180765194944515,,4.525014830634745,,3.4756827261475824
LT_79,1,fold1,1,,0.00042084567626742356,,6.403589898986654,,2.5088962682845053,,2.0053321112991624,,7.794422941551664,,3.069498949823901,,2.3019129891298724
LT_790,1,fold1,1,,0.0004165073469905214,,6.625180293475888,,2.7161818490897174,,2.100351842668652,,8.513007874966963,,3.470065743963187,,2.639604273067437
LT_791,1,fold1,1,,0.00041263828401720375,,7.041043820351145,,2.8159429667121527,,2.144474533020212,,9.017780940181972,,3.663458291036554,,2.8107849608643694
LT_792,1,fold1,1,,0.000411917605231224,,6.934801160873947,,4.148410277008663,,3.080090230903333,,8.447239970448416,,4.7942011291698465,,3.7197419910475746
LT_800,1,fold1,1,,0.00041013357843187187,,6.445942570248287,,2.630930716536841,,2.1113629024632172,,8.127504986405823,,3.4192371069506686,,2.782623227613098
LT_81,1,fold1,1,,0.0004141114588695743,,6.706349831234357,,4.118084359139858,,3.0062294179437563,,8.00931554351809,,4.539897798622822,,3.523554778213558
LT_810,1,fold1,1,,0.0004115503578710697,,6.678759346288306,,2.6763321816365817,,2.0934683410986006,,8.314571570535957,,3.417741391860493,,2.7783720972532286
LT_811,1,fold1,1,,0.00041271247363863436,,6.676818761401863,,4.098604418468644,,3.2232579502100527,,7.995877531139724,,5.039967111790611,,4.000796885439495
LT_812,1,fold1,1,,0.0004105937036742134,,6.738782295578687,,2.7732317115176888,,2.1263273500852535,,8.913071620035916,,3.823858671893115,,3.139347706680423
LT_816,1,fold1,1,,0.00041099871856035107,,7.228789581526541,,3.2312997675590593,,2.41729835510725,,9.278968939913229,,4.457397937967791,,3.590255649447406
LT_817,1,fold1,1,,0.0004114663146881064,,6.732139073926798,,2.9673837362813846,,2.3339647452908747,,7.932213568986406,,3.7878831829253468,,2.994707426263739
LT_818,1,fold1,1,,0.00041308570481183617,,7.091016027783398,,4.595370046080808,,3.3593862367756437,,8.210726317376015,,5.540514865803659,,4.468443085548165
LT_821,1,fold1,1,,0.0004115430530633596,,6.82177622546658,,2.7513859275612575,,2.091708380982197,,8.71041049837959,,3.7453459382458245,,3.020510573952373
LT_823,1,fold1,1,,0.00041275880582835114,,6.6999002439010455,,2.697646525765105,,2.047858327963446,,7.9472528723506315,,3.1229030497950268,,2.5007426068354057
LT_829,1,fold1,1,,0.0004130922086774923,,6.720012834266793,,2.7003961357518764,,2.075640159860579,,8.48245396435824,,3.3591573977173774,,2.6351861281405475
LT_830,1,fold1,1,,0.0004124078537468684,,7.058129848183086,,3.0700392007193003,,2.3330335207787134,,8.759263528739234,,3.93142798034548,,3.0091664086925065
LT_836,1,fold1,1,,0.0004158166309359019,,6.900358000544604,,2.7541778056663024,,2.164540674367477,,8.586189700032868,,3.70765863542858,,2.972111328944372
LT_837,1,fold1,1,,0.00041246740827968753,,6.4253914472127915,,2.918869231264518,,2.1828614275064364,,7.900322724212805,,3.738078738454539,,2.9156967577588744
LT_839,1,fold1,1,,0.0004110143244862169,,6.59595325449363,,2.7066651258497263,,2.1683753037442517,,8.115773008619977,,3.3947019381293306,,2.7623539900968894
LT_841,1,fold1,1,,0.0004164702632521427,,6.445278354307791,,2.5669617554253983,,2.081920886665143,,8.24715723176569,,3.684890118524324,,2.8106090060366586
LT_843,1,fold1,1,,0.000412723040479155,,7.363971786445684,,3.477104007446375,,2.5569167335342393,,8.944830093753787,,4.7928039735036725,,3.668701690820039
LT_844,1,fold1,1,,0.00041576881606677184,,6.258882081978079,,3.729672113860779,,2.7782914707027726,,7.577148365094321,,4.019591767753918,,3.184125040278605
LT_85,1,fold1,1,,0.0004149192772124558,,6.269933373805135,,2.467649501487057,,1.9519547271848956,,7.999803160733128,,3.1940278324788287,,2.4040517106995276
LT_851,1,fold1,1,,0.00041233785296081876,,7.144966847064925,,3.2210804066835346,,2.369598261083686,,8.698524968426153,,4.295290770830124,,3.164965268491184
LT_853,1,fold1,1,,0.0004166568629285529,,7.284890811774485,,3.2138013805866468,,2.357853338690311,,8.716712001499278,,4.429460167642771,,3.3780650401141945
LT_856,1,fold1,1,,0.00041079627560848195,,6.959969867892191,,4.569973549140471,,3.3666012565528627,,8.944535346795035,,5.553919646649947,,4.6197350733370435
LT_860,1,fold1,1,,0.0004168836986463212,,6.222704564441442,,2.4637375533118226,,2.0437477321377635,,7.985739732008196,,3.362767621389578,,2.7101882848565526
LT_863,1,fold1,1,,0.000410939299036496,,7.139820513681997,,4.587114465313925,,3.41018751933704,,8.808985654525957,,5.675124244808972,,4.4887754533360775
LT_865,1,fold1,1,,0.00041022470344130244,,6.5258649939577555,,4.229221095508379,,3.1499800547125805,,8.28472050901564,,5.087301221795674,,4.082548750271184
LT_867,1,fold1,1,,0.00042104739759591184,,6.581531652688556,,2.8668622765241905,,2.210830557323569,,8.016880730643576,,3.899065164655545,,3.0548162252740183
LT_870,1,fold1,1,,0.0004089449372929252,,6.923872710625767,,2.860377646838611,,2.273104083641567,,8.820028200465405,,3.8745992714267605,,3.175232693044723
LT_877,1,fold1,1,,0.0004110095305524617,,6.378055022534242,,2.4017708767103776,,1.961912623843752,,7.983373560617194,,3.205112798516162,,2.4649197052290184
LT_88,1,fold1,1,,0.0004336583346634289,,6.1647568903676575,,2.3032062592364726,,1.7941800362482405,,7.745357322567757,,2.9101614434664524,,2.2318673135519127
LT_888,1,fold1,1,,0.00040988010287051554,,6.918639853737323,,4.316489166288693,,3.201675258018897,,8.484858236088801,,5.361278122583806,,4.242464213754711
LT_890,1,fold1,1,,0.00042124752492102464,,6.199553693318913,,4.000684022154031,,3.0315016808620587,,7.508014288737963,,4.722203009809604,,3.6918428245754664
LT_892,1,fold1,1,,0.00041149643198815956,,7.032141626488851,,3.3796367600437103,,2.5312236466136095,,8.160444110868836,,4.579156678629172,,3.584492404020092
LT_896,1,fold1,1,,0.0004116715841268395,,6.660936651464043,,2.845681627726648,,2.182742146692556,,7.92115753834186,,3.4600226625556014,,2.73537449767502
LT_898,1,fold1,1,,0.0004118940417492372,,6.581357242752684,,2.9051641040299008,,2.162015105239866,,8.488325458958984,,3.8405506441545993,,3.0310985814764093
LT_899,1,fold1,1,,0.00041255958553316867,,6.632155066702704,,2.5955073964808864,,1.973780066119235,,8.157434944859123,,2.8848310226649083,,2.2452979303012923
LT_9,1,fold1,1,,0.00041088075779677734,,6.989685033541349,,2.8490484581568953,,2.1773968087716007,,8.723970697824495,,3.77234315513817,,2.88655062585529
LT_903,1,fold1,1,,0.00041348293301241186,,6.984671377979146,,4.469944515392971,,3.273428127936911,,8.134965574483967,,5.436246035491077,,4.3655282853897805
LT_908,1,fold1,1,,0.0004095287451186414,,6.573071415151093,,2.7080234389675413,,2.0855454577778865,,8.236472979844695,,3.6129228519551617,,2.882785814509263
LT_909,1,fold1,1,,0.00041102465015878213,,7.059675638102026,,3.0964943155729414,,2.3781754836711935,,8.832686770232309,,4.238762273422526,,3.2925274750181437
LT_910,1,fold1,1,,0.0004123370641101066,,6.927074066369882,,4.144814403517938,,3.0003038279567735,,8.066982301242225,,4.738775931837226,,3.6820641176597513
LT_911,1,fold1,1,,0.0004116826091289903,,8.11297666422087,,3.254190990039645,,2.434779420235416,,9.805650993628054,,4.660660004891824,,3.509623903753985
LT_922,1,fold1,1,,0.00041407309068583996,,6.700033059257932,,2.6455394267515593,,2.034366735106887,,8.366558718399032,,3.046240755753125,,2.3626906598106436
LT_923,1,fold1,1,,0.0004135428483023236,,6.915892566233251,,4.11983789199564,,3.0702812277008737,,8.409372986931661,,4.5340511523841736,,3.5261084005575682
LT_924,1,fold1,1,,0.00041133593155637076,,6.261506079663702,,2.588205960899844,,2.085049310862527,,8.112632237974196,,3.760450449742613,,2.959587133052519
LT_926,1,fold1,1,,0.00041572223706272914,,6.688904845217986,,2.6229279829021275,,2.066329865706364,,8.194559875719873,,3.421016751453,,2.5378703988929843
LT_927,1,fold1,1,,0.00041234902244259054,,6.803330497418612,,3.0911723023644666,,2.281582934240072,,8.449035171340393,,4.021523826476484,,3.034907471924118
LT_931,1,fold1,1,,0.00041426935878653356,,6.657144573187228,,4.096645503659493,,2.9891607866100225,,7.992396471299395,,4.677234870629351,,3.654536798001333
LT_932,1,fold1,1,,0.0004108753224678838,,7.442981495095774,,4.596858845062789,,3.4439185470321774,,9.640329157039206,,5.768037419675084,,4.6363040068333
LT_937,1,fold1,1,,0.0004131334873385493,,6.7840235113045,,2.6288618018232914,,2.001205066722712,,8.422380154899336,,2.987531152958489,,2.35309610949716
LT_938,1,fold1,1,,0.00040831812901223445,,7.039408533830895,,3.252376719512725,,2.5380122837934223,,9.111137199032134,,4.69432396668065,,3.7106745683320446
LT_940,1,fold1,1,,0.0004125629045560429,,6.6573883932653075,,2.611512475850015,,2.070361305417958,,8.260791341440214,,3.248918715901716,,2.5844259573354296
LT_941,1,fold1,1,,0.00041579521914555766,,6.407607452566133,,3.847549114846076,,3.0219786391343026,,8.036368344640561,,4.5155174472580555,,3.688661472524686
LT_942,1,fold1,1,,0.0004100820173642498,,6.887791782358246,,2.905840098709196,,2.2620836743948853,,8.542121320971404,,3.7244027303477907,,2.987333065488172
LT_946,1,fold1,1,,0.00041267037909730603,,6.804058517264435,,4.725285075587061,,3.4451518094281317,,7.514227637706965,,5.6795611891449544,,4.408956679659415
LT_948,1,fold1,1,,0.0004142794687173601,,6.172053489470057,,2.3803751112769573,,1.8996163409951543,,7.586095825819514,,3.0135939683592747,,2.3730200459118436
LT_956,1,fold1,1,,0.0004175962968326688,,6.491884145478037,,2.666387982892095,,2.0696885006284544,,8.321827366457272,,3.2250785105685016,,2.5281773091047266
LT_957,1,fold1,1,,0.00041395805984248413,,7.046166873703027,,4.473321386119607,,3.322342385826216,,8.390770682161381,,5.230689733776293,,4.269445257741288
LT_959,1,fold1,1,,0.0004205308294261464,,6.3480724640007615,,2.574082854322432,,2.03589449450093,,7.54900051617744,,3.318079812824924,,2.5038598235600076
LT_969,1,fold1,1,,0.0004156964508770407,,6.29301546654605,,2.4321217443160017,,1.9368586162413721,,7.679368915886543,,3.038065696550659,,2.303788434268041
LT_972,1,fold1,1,,0.00041335746323243466,,6.634764011070562,,2.9334032948936297,,2.2159629962096594,,7.998501961869134,,3.791372657167827,,3.027446839991976
LT_973,1,fold1,1,,0.0004184049077584021,,6.761043711516676,,3.188888252857592,,2.4689661798577696,,8.224532910115848,,4.312647033155853,,3.349607981311139
LT_980,1,fold1,1,,0.00041858543779004984,,6.600409797323601,,2.6738222997048964,,2.0360328428789973,,8.148888203289767,,2.913006915684934,,2.1676469854311504
LT_987,1,fold1,1,,0.0004151322131426983,,6.246783220530216,,2.4085759773900244,,1.8882826947904143,,7.762134608780315,,3.079124560293017,,2.3978658510382647
LT_995,1,fold1,1,,0.0004149783261556319,,6.525696155295815,,2.633234750227576,,2.1005625422677965,,8.205982134903296,,3.5997419761712197,,2.8124934798719905
LT_996,1,fold1,1,,0.00041623512197955584,,6.4598686356255,,2.552826012280897,,2.046238980994844,,8.089128199345941,,3.681483595290419,,2.823614649439151
LT_998,1,fold1,1,,0.0004143221269153948,,6.505010999795711,,2.9179088134267523,,2.260618344411762,,7.71329407288513,,3.5269468228744625,,2.703263519255366
PCL_32532,1,fold1,1,,0.00041205907674974306,,5.795179427561571,,2.473923810664834,,1.9327216300012267,,7.5172862422160405,,3.0936179055963975,,2.405679070282381
PCL_32644,1,fold1,1,,0.0004155386998191766,,6.138029319637523,,3.8158750104703625,,2.838853555328057,,7.1521036339629225,,4.280361465784931,,3.37993473297297
PCL_32645,1,fold1,1,,0.0004161858644727689,,6.460925084061272,,4.009976968465448,,3.0445399798287047,,7.95662275871973,,4.863786218069324,,4.03222252882298
PCL_PCL0161,1,fold1,1,,0.0004362107610621918,,4.714026258248556,,2.601248435648203,,2.009675589302689,,7.647719148304429,,3.342626559568759,,2.4093507123939233
PCL_PCL0162,1,fold1,1,,0.000436388882302333,,4.597098959084446,,2.4043869683732693,,1.8706547846529078,,7.9750259134391035,,3.5484041613076465,,2.490952695113834
PCL_PCL0163,1,fold1,1,,0.0004365069427115405,,4.654188075292724,,2.299366147547796,,1.825297701496118,,7.484705392564803,,3.228229183667919,,2.357474884450423
PCL_PCL0164,1,fold1,1,,0.0004354092523593221,,5.4972413342192645,,2.506173028797995,,1.951951467517211,,7.5710403931053145,,3.120933826682179,,2.2763723612148343
PCL_PCL0165,1,fold1,1,,0.00043631115988427595,,4.949559632092676,,2.658729221750693,,1.9947326348680698,,7.971462775932825,,3.690982707091621,,2.760876219443553
PCL_PCL0166,1,fold1,1,,0.0004364006070673235,,4.861872871089903,,2.840216059687813,,2.1403449675318993,,7.73107395213344,,3.7666765732692444,,2.7419950019871657
PCL_PCL0167,1,fold1,1,,0.00043512486125327383,,5.477239876264101,,2.576608697033631,,2.0074520245355427,,8.156446200340785,,3.765048585972761,,2.735674695399163
PCL_PCL0168,1,fold1,1,,0.00043617326062055616,,4.799756876037556,,2.4380441179813745,,1.8698318552030704,,8.536854563484457,,3.5789687751227564,,2.6657666461856264
PCL_PCL0169,1,fold1,1,,0.00043612519819096265,,4.973965798555087,,2.584689929864474,,2.038141589672888,,7.96981476306867,,3.727090891493641,,2.7131560937606065
PCL_PCL0170,1,fold1,1,,0.00043604542643944574,,4.859758790763668,,2.535871919760502,,1.9740665137947797,,7.658601582581378,,3.873335526393498,,2.9172729055355857
PCL_PCL0171,1,fold1,1,,0.0004364461297753138,,5.019204637319365,,2.4333840669493547,,1.8869478564973763,,7.672193550829328,,3.4661020229618904,,2.58034893537787
PCL_PCL0172,1,fold1,1,,0.00043629530631742255,,4.961895052710909,,2.1905844613162433,,1.7191330494033747,,7.414420317091995,,3.195045706552952,,2.3338282563152055
PCL_PCL0173,1,fold1,1,,0.00043274865196861294,,5.3057424384435805,,2.3531346796313777,,1.8302206802698497,,7.484415083689729,,3.1630605821306865,,2.3930309537413117
PCL_PCL0174,1,fold1,1,,0.00043610230235910374,,5.143987856601277,,2.2711208597769255,,1.7420524381909916,,7.009865477985649,,2.7767961474172806,,2.0793255634716976
PCL_PCL0175,1,fold1,1,,0.00043382907200778184,,5.976118471140391,,2.846378544212122,,2.203340623449762,,7.639581360583041,,3.7973372296840653,,2.776205708537697
PCL_PCL0176,1,fold1,1,,0.00043482008859875576,,5.602938995750418,,2.4450570313315794,,1.8665597595950847,,7.6717740454245815,,3.2892078163974,,2.523762682569428
PCL_PCL0177,1,fold1,1,,0.00043431637056646523,,5.754706651663552,,2.4485892730289374,,1.8609560444298843,,7.479443973925451,,3.098304958225444,,2.3508229947471264
PCL_PCL0178,1,fold1,1,,0.00041715203721875115,,6.215429966913858,,2.7599427290700276,,2.2163913620763407,,7.593726106675482,,4.006635653677617,,3.073760744823956
PCL_PCL0179,1,fold1,1,,0.0004309683488325916,,6.608251485151395,,3.0534601095375136,,2.376200225558433,,7.683676985917894,,4.033036889076087,,3.0451529662624486
PCL_PCL0180,1,fold1,1,,0.00043574109780366785,,5.708513624083348,,2.5721058957045018,,1.9403295797580549,,7.747550944892127,,3.2623370077878118,,2.491095006214892
PCL_PCL0181,1,fold1,1,,0.0004303709858376713,,5.847921799287854,,2.7564930345017884,,2.1392933298907972,,7.49771693095119,,3.269033174151078,,2.502727660584619
PCL_PCL0182,1,fold1,1,,0.00043632212165832865,,4.853452603882832,,2.5939685543800532,,2.0404697525622475,,7.485621246645797,,3.7766580278152575,,2.825933242761788
PCL_PCL0183,1,fold1,1,,0.00043653791717349066,,4.905959382614271,,2.4269760126488906,,1.8476127101099156,,7.979142937743778,,3.5230253268278124,,2.5508497350388044
PCL_PCL0184,1,fold1,1,,0.0004364996214982781,,4.948470905340124,,2.15872300711369,,1.709985963763536,,8.100397974018827,,3.1958889312117678,,2.319746128316419
PCL_PCL0185,1,fold1,1,,0.00043564200499337374,,5.534238130250359,,2.7120744839172737,,2.1065633506306347,,8.285421575310172,,3.7828363956361213,,2.797122312590841
PCL_PCL0186,1,fold1,1,,0.00043598602321381734,,4.8054073492413965,,2.676000609025224,,2.0351095544929887,,8.04361475004836,,3.8165084680994172,,2.7762561114970166
PCL_PCL0187,1,fold1,1,,0.0004365612734033592,,4.973298551484756,,2.5984327782676124,,1.9363243097241858,,7.51365039706979,,3.5538426683548843,,2.6971929710854643
PCL_PCL0188,1,fold1,1,,0.000435919773992606,,5.044338406715252,,2.2131470799746857,,1.7316704018340552,,7.488435914620113,,2.946080478436353,,2.2729072329983953
PCL_PCL0189,1,fold1,1,,0.000434195142223889,,5.718786064701673,,2.766769933325277,,2.1550877764104546,,7.330712178889431,,3.7409316037771396,,2.769087674602511
PCL_PCL0190,1,fold1,1,,0.00043637384109338623,,4.872295482021467,,2.7477956426230783,,2.088237715885355,,7.867363019704702,,3.7959831673336724,,2.9004673482740952
PCL_PCL0250,1,fold1,1,,0.00042767160956661,,6.070116471050529,,4.089537490364724,,3.1618174187849317,,8.170583979378897,,5.309390615624385,,3.965670778720681
PCL_PCL0251,1,fold1,1,,0.0004275114604833652,,6.365032612913917,,3.8503681550717967,,2.9204311482476486,,7.863827510236156,,5.044438084942156,,3.779549431337661
PCL_PCL0252,1,fold1,1,,0.00042059960952363015,,6.233498693217637,,4.05022141112072,,3.059046826520686,,7.5719749657256274,,5.06701832565381,,3.895487587368038
PCL_PCL0253,1,fold1,1,,0.0004197193188863642,,6.459719296993463,,4.070923110507927,,3.1304573796061153,,7.932113473329056,,5.074509186369014,,3.901886379752935
PCL_PCL0254,1,fold1,1,,0.0004192470227210969,,6.841617910370725,,3.9609214255739875,,3.000758451953627,,8.320763366243291,,5.162474091334002,,3.756560962626605
PCL_PCL0256,1,fold1,1,,0.0004272229152827555,,6.828601564193128,,4.461507278983408,,3.4795406825533983,,8.669741071852776,,5.808281556210908,,4.553114438677611
PCL_PCL0257,1,fold1,1,,0.0004322742571988298,,5.99355227291767,,4.26174155056026,,3.330313623400266,,7.9968540137633415,,5.448963689155383,,4.622365133784505
PCL_PCL0258,1,fold1,1,,0.00042429697509209323,,6.566337370611514,,4.526745417164543,,3.4849892964642972,,8.152328537941058,,5.507924158634388,,4.358174294925791
PCL_PCL0259,1,fold1,1,,0.0004182489288917391,,6.11063299231744,,3.936713298686544,,2.977017736204492,,8.167088498282391,,5.258675931827378,,4.086754814968722
PCL_PCL0260,1,fold1,1,,0.00041959720468812654,,6.519015619304605,,3.888972664014921,,2.9253437833368543,,7.988030986674331,,5.069268639927436,,3.799321042624104
PCL_PCL0261,1,fold1,1,,0.0004257696328049728,,6.159550690268431,,3.975080609603976,,3.0900781957742813,,7.8498935790923845,,4.976252564866992,,3.8258340339255774
PCL_PCL0262,1,fold1,1,,0.00041951497237933955,,6.3016884051741195,,4.0707529190255265,,3.0915719148913112,,7.863980897307439,,4.987922751783621,,3.9027801461793077
PCL_PCL0263,1,fold1,1,,0.00042959888720579473,,6.1923646391243015,,3.9899182479098068,,3.0001176651019086,,7.948430008071115,,4.9910013057699025,,3.925364620421889
PCL_PCL0264,1,fold1,1,,0.00042967542571363364,,6.349489072614986,,4.050921432440393,,3.0336759730087195,,8.19661493956869,,5.1605597057855155,,3.941721512391521
PCL_PCL0265,1,fold1,1,,0.0004200848578554961,,5.863849922566726,,3.998763735936191,,2.9964908320846777,,7.69734581432231,,5.222910881734529,,4.067895067579901
PCL_PCL0266,1,fold1,1,,0.0004206027131906324,,5.765830147284535,,3.910023212804988,,2.809709462934749,,7.9730428215173115,,5.1804893242195345,,4.002013479097543
PCL_PCL0267,1,fold1,1,,0.000421530208377343,,6.1507571763145235,,4.085991776588947,,3.259972931142319,,7.473889531255291,,4.974959741239702,,3.8849176699038495
PCL_PCL0269,1,fold1,1,,0.0004194376142331348,,6.406591409893443,,3.911462414653631,,2.9887548900418377,,7.719039395176028,,5.033621000945152,,3.713286344993529
PCL_PCL0326,1,fold1,1,,0.000418507604127075,,5.81846968227943,,2.826737750341654,,2.1465770515682765,,7.398987811376997,,3.81134083707655,,3.0268381438599095
PCL_PCL0327,1,fold1,1,,0.00042147111326978036,,5.955886472970914,,2.658058182550223,,2.045659362474999,,7.9368327280076025,,3.427571708520504,,2.7443667533404503
PCL_PCL0340,1,fold1,1,,0.00040735123604484884,,6.173954143773569,,2.777616938620656,,2.18223072468516,,8.276949076001108,,3.5548495911151634,,2.6166504063193927
PCL_PCL0342,1,fold1,1,,0.00040668125412709165,,6.526767432506998,,2.779629955740166,,2.121064818589628,,9.629746222357399,,3.6803074094789476,,2.8266529550729342
PCL_PCL0343,1,fold1,1,,0.0004109517520666812,,6.1941218287266855,,2.8516875605301277,,2.1241386570641594,,8.25807395698314,,3.7184999799634366,,2.582618701044746
PCL_PCL0347,1,fold1,1,,0.00043037917174446223,,6.555071657992331,,3.13460142347529,,2.4726934844774533,,7.7759264030077935,,3.812938469522051,,2.9601572222684984
PCL_PCL0348,1,fold1,1,,0.0004295013640825962,,5.3579443419932025,,2.812738155141464,,2.1229039640783784,,7.055242746088593,,3.2417947912792546,,2.5457546510214666
PCL_PCL0349,1,fold1,1,,0.0004301828048256795,,6.023865426143951,,2.9832738265843517,,2.28464663418407,,7.3911426760646926,,3.5078963559454044,,2.7000865474444353
PCL_PCL0350,1,fold1,1,,0.0004146021526701734,,7.478790053280219,,3.282668120425357,,2.440063676195419,,9.399534095359403,,4.402421028391861,,3.3798091383955944
PCL_PCL0351,1,fold1,1,,0.00042910771223527225,,6.8763438987140875,,3.271196766661913,,2.4497252370654445,,9.31254671899346,,4.378808481278182,,3.331345720497722
PCL_PCL0352,1,fold1,1,,0.0004319612778277294,,5.447512509903531,,2.683806796666783,,2.1465006781997684,,6.905025801303807,,3.462759185981116,,2.6597203607049194
PCL_PCL0353,1,fold1,1,,0.00040680225179791883,,6.765782482268704,,2.9032757078194424,,2.232747315725595,,7.87285650572303,,4.0232698669061016,,3.0422070414957045
PCL_PCL0354,1,fold1,1,,0.000431089794192787,,5.90275488074389,,2.573862992575892,,2.1473073340773188,,7.628315096637949,,3.4285824974377808,,2.611828810869342
PCL_PCL0355,1,fold1,1,,0.0004222585766918644,,5.6097661113588,,2.862041661358609,,2.2477610145031104,,7.466400152593992,,3.8462266436507466,,2.8673181488816204
PCL_PCL0356,1,fold1,1,,0.0004205889331237479,,5.918788438741255,,2.924791914372007,,2.3210794252245033,,7.882808870984077,,4.00190948754779,,3.0087995969323704
PCL_PCL0357,1,fold1,1,,0.00043063947675352383,,5.589045170265323,,2.7414354601249196,,2.1804706392302453,,7.502342609774492,,3.439910883416543,,2.5911403063706344
PCL_PCL0358,1,fold1,1,,0.0004271893853031606,,5.837107258407511,,2.578503871502413,,1.9621791665440969,,7.889550291436532,,3.6244216754414444,,2.767073265249701
PCL_PCL0359,1,fold1,1,,0.0004338521190611327,,5.51860543078672,,2.5029775186722247,,1.9911776635950813,,7.46255991323906,,4.016455217096952,,3.0264127655246194
PCL_PCL0360,1,fold1,1,,0.0004323635101269544,,5.523910313364697,,2.7161203708817565,,2.201807969330543,,7.311206097974536,,3.8876411549394856,,2.951554052686964
PCL_PCL0361,1,fold1,1,,0.0004180518612990642,,6.306881272904472,,3.091374910300291,,2.386236084468682,,8.453288477356187,,4.076655905044201,,3.1148454354707926
PCL_PCL0362,1,fold1,1,,0.0004325248496538734,,6.055004341510325,,2.714382455058055,,2.115429003731483,,8.098978013386365,,3.8566826273496093,,2.8010859997527993
PCL_PCL0363,1,fold1,1,,0.000431092757770455,,6.648527260570738,,2.7907442651913668,,2.120994820117635,,7.796655382762934,,3.7170003663939912,,2.7632075171366215
PCL_PCL0364,1,fold1,1,,0.00043178786832425917,,6.158631500501958,,2.846863518106115,,2.2512251306158673,,7.78856487118547,,4.026907685121226,,3.0007105004257304
PCL_PCL0372,1,fold1,1,,0.0004195765973489373,,6.633015983335912,,3.1324431542688265,,2.4277333607866516,,8.097788369743952,,4.261769663698558,,3.258703034000525
PCL_PCL0373,1,fold1,1,,0.00043384969579667726,,5.80385538350416,,2.6683788901474363,,2.0870660979567925,,7.233433758014738,,3.466747905403807,,2.6989201585191234
PCL_PCL0374,1,fold1,1,,0.0004330211232310109,,5.802537845663631,,2.6128609384692982,,2.009566994509028,,7.314510110361438,,3.010087603752622,,2.2530247652839237
PCL_PCL0375,1,fold1,1,,0.0004252725832476125,,6.442252170268138,,3.0801293341083102,,2.310709790101163,,8.206520608811102,,4.246771367901197,,3.194963157637973
PCL_PCL0376,1,fold1,1,,0.0004172956990040194,,6.029031066748358,,3.0193091814077757,,2.2726215997875143,,7.76479684194797,,4.461659260760683,,3.3093451281422497
PCL_PCL0377,1,fold1,1,,0.00042957523622957385,,6.147010423682971,,2.775669358716168,,2.055551528595194,,7.527990355651191,,3.7998729260017603,,2.9577309737858974
PCL_PCL0386,1,fold1,1,,0.00043475735273851637,,5.718728019004539,,2.4786682956816843,,1.9546974035175522,,7.6193146267673075,,3.460731580890337,,2.5992892118006274
PCL_PCL0387,1,fold1,1,,0.0004351457422738358,,5.427392889163121,,2.2080612603539476,,1.7737304344677283,,7.807863585008239,,3.2354204504812216,,2.344998274833395
PCL_PCL0388,1,fold1,1,,0.0004219468131785604,,5.601762132313752,,2.46136842896402,,2.011884993952304,,7.955747562239983,,3.4178861726036565,,2.598859894176063
PCL_PCL0399,1,fold1,1,,0.0004156176468382653,,6.259350821375225,,3.006270485326762,,2.275713978595157,,8.659253635926628,,4.340489980803577,,3.257628040331095
PCL_PCL0400,1,fold1,1,,0.0004228286702480377,,5.081345180431363,,2.8729857849929696,,2.134844860593747,,7.762956783795902,,3.694893717751971,,2.879951447232053
PCL_PCL0401,1,fold1,1,,0.00041414529244106386,,5.756708367776686,,2.8692530451296254,,2.2048315992445158,,7.619372089207449,,3.6801786158494627,,2.8287457964600344
PCL_PCL0402,1,fold1,1,,0.0004262094320150508,,5.216181023670498,,2.7471486007528334,,2.0509138150865556,,7.514152834917129,,3.5917618134077394,,2.757287499015611
PCL_PCL0403,1,fold1,1,,0.0004149920172289469,,5.999401712306343,,2.7056286796770626,,2.0703710115835414,,7.719260277562034,,3.639939702853994,,2.7979188595837994
PCL_PCL0404,1,fold1,1,,0.00042974834894656845,,7.350396531423412,,3.2091852567068653,,2.4251916246872556,,8.83485264660301,,4.443653083138721,,3.3468443249557245
PCL_PCL0411,1,fold1,1,,0.0004313237105099052,,6.300599590882193,,2.9307217222068065,,2.284129003576492,,8.20745721631391,,4.346316537158913,,3.189067273074448
PCL_PCL0412,1,fold1,1,,0.0004304101529222365,,6.280458433719962,,2.9215535787820333,,2.264936681559126,,7.987251587376013,,3.971423749315343,,3.0117371205519103
PCL_PCL0413,1,fold1,1,,0.00042887194914664403,,6.243184334635635,,3.0048520806460495,,2.322446431819452,,8.039760931964855,,3.8137595334431325,,2.9475152095129693
PCL_PCL0414,1,fold1,1,,0.00043026102689026555,,6.690093726789851,,3.200531506454442,,2.4441487259926213,,8.26190231365691,,3.63434699691211,,2.797374220519933
PCL_PCL0415,1,fold1,1,,0.0004300061333162089,,6.261764088060522,,2.863180843883807,,2.2471135719718642,,8.019892588507194,,3.6715675779336205,,2.9172697964172594
PCL_PCL0416,1,fold1,1,,0.00043135582380212506,,6.369657441029737,,3.020777827095293,,2.3934155612903267,,7.784820631854225,,4.029967335193934,,3.084922601031999
PCL_PCL0520,1,fold1,1,,0.0004205043248173626,,5.420454516428872,,2.786935335797012,,2.1485442623175484,,7.198070699659647,,3.835634774346765,,2.97886957929979
PCL_PCL0521,1,fold1,1,,0.0004218268034185905,,5.42498019590141,,2.952198318114799,,2.2742043373610636,,7.576698086449789,,4.090869480713201,,3.120297743310184
PCL_PCL0522,1,fold1,1,,0.000421791468543738,,5.482727805297717,,2.807656894664805,,2.2292341816855674,,7.6908718253070685,,3.9359470220139814,,2.960129983192075
PCL_PCL0523,1,fold1,1,,0.00042167763902788667,,5.559739876543038,,2.725636591564759,,2.1396084500664267,,8.167576258142397,,3.9337555018888053,,2.8284896194940656
PCL_PCL0524,1,fold1,1,,0.00042010244266882553,,5.632023218813203,,2.7761079447419137,,2.129304791158656,,7.402798988850212,,3.7702304461280853,,2.8390040077552996
PCL_PCL0525,1,fold1,1,,0.0004208673962806317,,5.700455961304968,,2.801119292463068,,2.23558108142733,,7.5724799176341895,,3.879905961292985,,2.8859296328153143
PCL_PCL0526,1,fold1,1,,0.00043077331674822895,,5.80036533518558,,2.7466281551259657,,2.1308349537353966,,7.608529307856757,,4.391664037044185,,3.2530689522802962
PCL_PCL0527,1,fold1,1,,0.0004296450024793494,,5.632403076098931,,2.8336981756989092,,2.217052422449835,,7.896439623648619,,3.8441136940376865,,2.9722654861679954
PCL_PCL0564,1,fold1,1,,0.00043206487746257766,,5.7615682948432,,4.366601092280787,,3.189146991358573,,7.288856895481195,,4.94317354168095,,3.8606070435740265
PCL_PCL0566,1,fold1,1,,0.00043442914798922164,,5.835477753707711,,3.5992784045719666,,2.675180424459121,,7.224450412701055,,4.03027639271854,,3.135827244300477
PCL_PCL0571,1,fold1,1,,0.0004338289309731916,,6.011679599027686,,3.8442206854582213,,2.854365916854331,,7.61146671142663,,4.661538661334744,,3.53632059530997
PCL_PCL0574,1,fold1,1,,0.0004325198164373614,,5.696056609835436,,4.412624554742539,,3.277873737738886,,7.635094168020606,,5.404333412675395,,4.235584344911396
PCL_PCL0583,1,fold1,1,,0.0004127153218340309,,5.649025773038567,,2.338964287888403,,1.8841026692081355,,7.639283186928834,,2.926900201430693,,2.167615277989348
PCL_PCL0593,1,fold1,1,,0.0004102515563066192,,6.22679740963055,,2.4533649445503714,,1.8356046180595336,,7.894949709738795,,2.7707600144159423,,2.1774606516313026
PCL_PCL0623,1,fold1,1,,0.00041778220396684884,,5.70179768450564,,2.5742809350721796,,2.187638048157531,,7.766615572413626,,3.5457118067808966,,2.7717541615356236
PCL_PCL0626,1,fold1,1,,0.00040450853202868287,,5.790038817961886,,2.9289125345256632,,2.243312599729972,,7.537232736697451,,4.000067018228975,,3.2049920993623364
PCL_PCL0658,1,fold1,1,,0.0004072795746784402,,5.992927178071475,,3.059753128600962,,2.3038993339323595,,7.209755784120961,,3.6971462681395777,,3.0744726875650485
PCL_PCL0675,1,fold1,1,,0.0004286722182692774,,7.060110967956793,,3.181917931096734,,2.36379319234611,,8.55403733125034,,4.1740991319464245,,3.196541175005864
PCL_PCL0677,1,fold1,1,,0.00043288206404439207,,6.17064459338714,,2.6465291635447112,,1.9757138321564056,,7.442060052098716,,3.0875982643538715,,2.386260239138776
PCL_PCL0684,1,fold1,1,,0.0004241350039449199,,5.497361234297302,,2.3982992156195007,,1.9477204048326768,,7.677532850450641,,3.0936277557165552,,2.258082294223769
PCL_PCL0765,1,fold1,1,,0.0004309262129031967,,5.76670557826442,,2.385404575377111,,1.9487410212841534,,7.549651190598415,,2.9684959557480717,,2.231281882712522
PCL_PCL0766,1,fold1,1,,0.0004316996042439229,,5.575325049964602,,2.6616410652941025,,2.102270764341926,,7.3504971759201405,,3.9536896016866354,,2.941361868360284
PCL_PCL0767,1,fold1,1,,0.0004265050677088704,,5.99573624939563,,2.3975937456085887,,1.9766524522530076,,7.583582319464823,,2.9465857097989607,,2.2292692500887346
PCL_PCL0768,1,fold1,1,,0.00042058452274166755,,5.811760324565967,,2.4286587084835554,,2.007986926447333,,8.136765028094237,,3.288329852260232,,2.626078348762183
PCL_PCL0772,1,fold1,1,,0.00041898777145633025,,5.61841280940474,,2.4296821311334016,,1.9452538894678841,,7.662661550940235,,3.4970699013804167,,2.559096594689668
PCL_PCL0773,1,fold1,1,,0.0004218579740551849,,5.84467891229286,,2.700705538155841,,2.232757120641094,,7.767640136737429,,3.335248012531648,,2.478638384338969
PCL_PCL0778,1,fold1,1,,0.00041682670158860527,,6.2550187420523455,,2.682967778475626,,2.0947475006201044,,8.09237384514023,,3.48505789317873,,2.6490396064012205
PCL_PCL0781,1,fold1,1,,0.0004271338548039842,,5.89610910508147,,2.612770049769921,,2.1375623566772615,,7.828734878186527,,3.522443750734984,,2.7407036476675968
PCL_PCL0975,1,fold1,1,0.00042934163931903767,0.0004339620050997292,,6.009870975641389,,4.350612950148786,,3.259229401584436,,7.384578705247421,,5.34926409964771,,4.3374198095759535
PCL_PCL0976,1,fold1,1,0.0004272470495622632,0.00043348213348674315,,6.139867766991504,,4.147118722941931,,3.172289000246605,,7.305828785507864,,4.989629880273446,,3.986564477371306
PCL_PCL0977,1,fold1,1,0.0004294226801710972,0.0004336291069460124,,5.73832028783469,,3.5316805684684907,,2.6829170250844143,,7.589838218700796,,4.213782643652508,,3.339402305707565
PCL_PCL0978,1,fold1,1,0.00043039136725048867,0.000433311834343076,,6.336728627290964,,4.16513369815789,,3.196031329908256,,7.466103964106875,,5.034723938287564,,4.063960719477528
PCL_PCL0979,1,fold1,1,0.00043044455212534684,0.0004339316602353562,,6.0071487251956075,,4.017734119720183,,3.1460950035468676,,7.312749009527625,,4.600682917461881,,3.5090016846066754
PCL_PCL0980,1,fold1,1,0.00043173928987703405,0.0004328599549979252,,5.841092340761705,,3.827379560128095,,3.095107424356467,,7.410458544909041,,4.402878006156374,,3.430971331701558
PCL_PCL0981,1,fold1,1,0.00042635837561297616,0.0004322030542831465,,5.83997955019366,,4.3275641293958165,,3.3130921369420023,,7.06633540730968,,5.031849839100123,,3.9572354503698732
PCL_PCL0982,1,fold1,1,0.0004336882375325489,0.000431900190213174,,6.57522817835899,,4.491418167169193,,3.6038009181076216,,7.995200241521053,,5.765239288337376,,4.7550731979453245
PCL_PCL0983,1,fold1,1,0.00043101018554263877,0.00043175399540669283,,6.543630291305244,,4.439714673853964,,3.3713276727322743,,7.448884375608833,,5.432370403619354,,4.171667063063308
PCL_PCL0984,1,fold1,1,0.00043024758954209876,0.00043290396710090294,,5.748274387750013,,3.723278876602221,,2.859708559234119,,6.8487078239944985,,4.100731216237681,,3.2022194222571274
PCL_PCL0985,1,fold1,1,0.0004280392508875501,0.00043160300504261825,,6.1875422359724865,,4.309279445642249,,3.283615991535907,,7.138976318253972,,5.134038944730145,,3.991930749210017
PCL_PCL0986,1,fold1,1,0.0004309391626705828,0.00043177124059614637,,6.155858155947644,,4.237215839049547,,3.2137145396663787,,7.243976983605794,,5.060005901473147,,4.0714048276792845
PCL_PCL0987,1,fold1,1,0.00043296894155796906,0.0004309866939899761,,6.080882083381998,,4.147871035582612,,3.185984885557816,,7.174727222611385,,4.724663570793739,,3.693750431190847
PCL_PCL0988,1,fold1,1,0.00042942268017109734,0.0004319910027228979,,5.800712601531344,,4.210133222456043,,3.3291101566982304,,6.884946151459584,,4.986871615388168,,3.8563169233481567
PCL_PCL0989,1,fold1,1,0.00043127561603082266,0.000432735247838989,,6.444283801736055,,4.361236539225411,,3.3792208270019044,,7.9908544613267996,,5.386591373185772,,4.178363186909643
PCL_PCL0990,1,fold1,1,0.00043280456114315843,0.00043329266499950864,,6.20608115950457,,4.29896227814223,,3.195705897794507,,7.407581086079978,,5.207613690687407,,4.055732862396617
PCL_PCL0991,1,fold1,1,0.0004340265041335061,0.0004332309184125662,,6.327048797820737,,4.339565372190317,,3.349075848862959,,7.373438991031035,,5.390724083866083,,4.089617756602949
PCL_PCL0992,1,fold1,1,0.00042887553263769383,0.0004324348831241404,,5.647267690097513,,3.7675133823547937,,2.925402560119524,,6.800845713065121,,4.394542704543271,,3.376257143917706
PCL_PCL0993,1,fold1,1,0.00042969923478463804,0.00043327069881043435,,6.065392157135647,,4.136537396974651,,3.1419731404377935,,7.148356320000291,,4.782867022013597,,3.78334347571887
PCL_PCL0994,1,fold1,1,0.0004311501517039492,0.00043294412616642214,,6.758135591171106,,4.565542665772806,,3.476927072291066,,8.559529140186916,,5.66673864250322,,4.375659928920198
PCL_PCL0995,1,fold1,1,0.0004309832686754964,0.00043350120624914036,,5.865830816525087,,3.9380600008238766,,3.046197673529931,,7.094266258923796,,4.275724150853368,,3.339429752383805
PCL_PCL0996,1,fold1,1,0.0004361698235583487,0.00043352948494629513,,5.978680531966378,,3.820041242580553,,2.8932540825919477,6.864917693921377,7.14155031958539,2.0849750171322343,4.196081632646032,1.4840620700198746,3.2380844832607263
PCL_PCL0997,1,fold1,1,0.0004338958288795196,0.00043258266820973834,,5.556580894660101,,3.8041180807710457,,2.921270299817247,,6.863089027105793,,4.3340208436087755,,3.3379217033919
PCL_PCL0998,1,fold1,1,0.00043067550277369105,0.00043014223225947175,,5.443397264822205,,3.799917395395556,,2.7893961555483657,,7.405482921638802,,4.710057446187979,,3.832701721247423
PCL_PCL0999,1,fold1,1,0.00042969452797110043,0.00043008187114590424,,5.946719038467914,,3.8906704053593297,,2.934928119603,,7.661716225612259,,5.16079459107695,,4.155827014628234
PCL_PCL1000,1,fold1,1,0.000431629329657232,0.0004305464710998054,,5.6988595828435065,,3.8674343576453767,,2.95228494406956,,7.346148750373183,,5.085382351159393,,4.122994402005427
PCL_PCL1001,1,fold1,1,0.00042897674562516623,0.0004236882223730039,,6.443121060161079,,4.074994815148444,,3.172265067791903,,7.801982882433886,,5.250358960122938,,3.973806853106662
PCL_PCL1010,1,fold1,1,0.0004324270005214335,0.00043144493528372505,,5.979762250250986,,4.442108507091429,,3.5310091920796784,,7.399033760516132,,5.5710452133083725,,4.381847119905438
PCL_PCL1025,1,fold1,1,0.0004354345518513728,0.000428158980757775,7.257888485905232,7.322211519183232,3.9137112614691474,4.5864036233814405,2.8363585318749203,3.547987267608383,7.83977175580413,8.603144669318693,4.532752593478417,5.6565345536075275,3.4428274428274435,4.578249243941431
PCL_PCL1077,1,fold1,1,0.00042901183065902553,0.00043160239654142264,,6.33971319286959,,4.05472743815811,,3.0010932733540616,,7.549427965104479,,4.5181061792468125,,3.5944299246523443
PCL_PCL1081,1,fold1,1,0.00042930870882475485,0.0004334547258041943,6.451548391025634,6.435099206103041,4.690377248604822,4.089270857580803,3.343041442396014,3.1015278132178294,7.053739202385261,7.48086748544127,5.470422594968935,4.539297723818679,4.180645161290323,3.6071655915588483
PCL_PCL1156,1,fold1,1,0.00043590890334098685,0.0004360069682430197,5.050493872066745,5.255544276337229,2.579499059342369,2.2860818264953933,2.2403917266378306,1.8257262549076119,14.138091044620532,7.492114134476472,5.164274564728065,3.2680268724045964,3.860776763966865,2.4032296683289416
PCL_PCL1158,1,fold1,1,0.0004372164314509911,0.0004351092131379443,3.0515256222259217,5.7956168295640005,1.6376270289346209,2.5479781747343906,1.34637535919863,1.9920444233053118,6.4276887832556735,7.960203020554241,2.84145403955781,3.163182908929818,2.1103346213927487,2.3500935741439357
PCL_PCL1162,1,fold1,1,0.0004341712865576352,0.00043527554127283097,4.208030222407036,5.4188785081316055,1.62545168591419,2.283440091265066,1.254547497280648,1.7457353486296912,8.858835975811404,9.055993780182398,3.0065782121095195,3.2401731137598793,1.8371562126318077,2.3300604617342517
PCL_PCL1163,1,fold1,1,0.00043306609440243055,0.0004361551651288903,5.4660786629614275,5.298191705666419,2.0317443471602865,2.0788916963469415,1.4466461592671136,1.647304766631999,13.171611512175769,7.558041954531181,8.405887034484882,2.5623596390391157,6.715676534869859,2.0073111135596053
PCL_PCL1164,1,fold1,1,0.00043605947627270295,0.0004352621841163945,5.692316360738452,5.3309046509079145,1.8888229972604997,2.5307107996552918,1.4218872549438446,1.9708093202573584,14.920793349542542,8.510075457508574,5.5255027957303815,3.244144147302648,4.095024841143338,2.3617286207378543
PCL_PCL1165,1,fold1,1,0.00043247318184332713,0.0004350956212339722,7.46041292695106,5.469337079958263,4.297922552422791,2.4604498103658052,3.056427143259089,1.8954076312003432,11.2559994944728,8.433035795706672,6.175674243079864,3.2641424518465887,4.479217501492318,2.4392007198593033
PCL_PCL1169,1,fold1,1,0.0004343851509445872,0.00043594824541026526,5.733850494427019,4.8271993124935,4.069022231506887,2.2095424082500696,3.544147791480412,1.7306012582399193,6.0,8.749294681190172,4.217910913834379,3.0008798178602385,3.674133333333333,2.2519834658564126
PCL_PCL1191,1,fold1,1,0.0004352494849428072,0.0004357001032822133,4.347473043879101,5.246042414579447,2.8311110530477936,2.5297059640725625,2.2528344962228233,1.9636864622195536,9.844127398484705,7.753873373013838,7.445979569684006,3.9274196232261005,6.2075358338340045,2.933446483199751
PCL_PCL1198,1,fold1,1,0.0004382795198068726,0.00043482412995169903,3.9990570280076407,5.608746259866714,1.3171234880554614,2.0178839929151957,1.1351748188447601,1.6032577216097545,9.431622574465687,8.861389408047843,2.0992389042972017,3.0933030949054108,1.461307473295273,2.213113759614263
PCL_PCL1199,1,fold1,1,0.0004331905317540079,0.0004358835392886031,4.601440951138198,5.640184455729699,2.8963504576620136,2.1292831591653356,2.2838177309152106,1.6830896193216058,12.267588194151346,7.910211498860838,8.716805656827262,2.878909928303288,6.650794918910282,2.082831791984133
PCL_PCL1200,1,fold1,1,0.00043417737031292453,0.0004362583298744612,3.7193823850892427,4.930597549522403,2.1212334281740817,2.091578518887619,1.6200839153933866,1.650222051845194,10.256879430520065,7.147886175522249,5.742708643730306,2.7531413355568746,4.695574182951153,2.084358594990518
PCL_PCL1201,1,fold1,1,0.00043743834123942193,0.00043432012469084985,4.8182078974864195,5.3225022095539165,1.9350028538497197,1.9913588422460393,1.436589530414505,1.6000796476745578,13.0,7.573073736012803,6.361275502106416,2.7994497684757023,4.9384592064875505,2.017289986053647
PCL_PCL1208,1,fold1,1,0.0004354316315046626,0.00043694357807677955,4.113509177780414,4.936869307769176,2.4033502148459887,2.098593061338926,1.9269641188821949,1.6054452804888435,11.260124843898351,7.646938256304373,4.519159426343222,2.8168564039231794,3.1520002151722077,2.0008094584400555
PCL_PCL1209,1,fold1,1,0.00043484729892207154,0.0004334682173173076,4.43326919890154,5.543402485243108,1.617515295269049,2.2726555805974034,1.2949855530622991,1.7481876030894548,12.288413586800191,7.800482967197307,3.5997912519392066,3.15163062938505,2.3338469391097374,2.1661973820060823
PCL_PCL1214,1,fold1,1,0.00043644979563080174,0.00043150634185087737,4.165711436271589,5.582054815770006,1.4688508906048106,2.5934789540148344,1.2509921205459305,1.8877672448741496,10.244799205848516,7.642785983836855,2.9440485523651767,3.624654897343411,2.1169540870081023,2.593360220589314
PCL_PCL1215,1,fold1,1,0.00043361316028535276,0.00043563832056180835,5.976897733852682,5.900476889569667,2.0137508590647837,2.2832561862667364,1.447167353993839,1.7809615361155773,14.908621847375343,9.211898688110674,7.114781878991073,3.2096311958160495,5.360671838250769,2.2348640755093565
LT_10,2,fold2,1,,0.0004276082470769573,,6.149021767504257,,2.7506616999580755,,2.319575858741082,,7.325100055948601,,4.40821380454774,,3.4187047252241314
LT_1008,2,fold2,1,,0.00042194789209958755,,6.3148881984584015,,4.475266435100028,,3.4904680305505216,,8.093437428083757,,5.418150996990516,,4.281138286626137
LT_101,2,fold2,1,,0.0004224378453066592,,5.763084675776553,,2.7742630201038123,,2.251003016688654,,7.571831203846646,,4.620313197409058,,3.4717239627096745
LT_1010,2,fold2,1,,0.0004260815569709364,,5.688704455374768,,2.5117756420099213,,2.1452109200709466,,7.508577290738916,,3.521346648877361,,2.670141691301402
LT_1012,2,fold2,1,,0.0004256551958199163,,6.049873905689019,,2.7091398249916545,,2.2497535451697717,,7.869312633952062,,3.8582797586254527,,2.9804374376102385
LT_1013,2,fold2,1,,0.00042587373889766203,,5.68811737757686,,2.3643186464658172,,2.0119530664703476,,7.259109094903352,,3.3780858394385955,,2.6066199159013106
LT_1014,2,fold2,1,,0.00042577891740608505,,6.07533223794817,,2.7349700286678607,,2.3097694110480367,,7.626602347231333,,4.43121634195042,,3.54050783417277
LT_1015,2,fold2,1,,0.0004260215114897468,,5.858410770324835,,2.6417655385935204,,2.247596937868515,,7.7613223012396615,,3.75906812396749,,2.8357119849028045
LT_1017,2,fold2,1,,0.00042166690408006365,,6.383578734588068,,4.410964884364799,,3.5570880440302233,,7.719722292654395,,5.542993995294299,,4.4988796207921675
LT_1019,2,fold2,1,,0.00042602789517269014,,5.9985014237184595,,2.632258893555433,,2.200134965024892,,7.6206580809124675,,3.943316241940902,,3.024525059340907
LT_102,2,fold2,1,,0.00042115421252129914,,6.055023296681036,,2.7220364533176244,,2.2771951569793165,,8.230302719408773,,4.455610706336116,,3.281974886038911
LT_1028,2,fold2,1,,0.0004248292729152163,,5.653474024594731,,2.4745463274441417,,2.091769329704107,,7.374989938756778,,3.383800061127595,,2.5713621259433044
LT_1032,2,fold2,1,,0.00042198603415478063,,6.03824035714368,,2.7451142933561132,,2.321619534950206,,7.485923798385715,,4.550082538381391,,3.5169235566695907
LT_1033,2,fold2,1,,0.00042191911909230523,,6.083736772552807,,2.9536926992253907,,2.307978670159835,,7.89535180861528,,5.118764047608599,,3.9240523483868444
LT_1040,2,fold2,1,,0.0004208300575799448,,6.052993464483026,,2.7473935281440176,,2.327134358824144,,7.788812188735988,,4.558368456770766,,3.4887291915914194
LT_107,2,fold2,1,,0.0004222474287340922,,6.197390902255749,,4.510662136333506,,3.5775541401908177,,7.161037346736559,,4.963424819823992,,4.078024074984999
LT_1071,2,fold2,1,,0.00042184395518865374,,5.938383154841981,,2.6911008088429185,,2.2041383791438967,,7.502058844220831,,3.880174651317089,,3.131677253372177
LT_1072,2,fold2,1,,0.0004204564989263096,,5.912048014806148,,2.4362342760440745,,2.10120160377715,,7.3641646869399375,,3.4224839029793017,,2.5728946080873247
LT_1078,2,fold2,1,,0.0004218418152506214,,6.221693689749148,,2.8293622503731943,,2.3034630009423345,,8.256415007963035,,4.06070480559749,,3.1040779165221277
LT_1082,2,fold2,1,,0.00042106231837358947,,6.330691692688461,,4.48024169190094,,3.5035865687879246,,8.652827152627685,,5.251373466117935,,4.211639625149707
LT_1085,2,fold2,1,,0.0004220914921544937,,6.384223061839981,,3.0237401985245786,,2.5019637149778586,,8.604528941427438,,4.901663578493524,,3.683207491039545
LT_1095,2,fold2,1,,0.00042016784411647544,,6.111244267969499,,4.314943708728151,,3.407246198127945,,7.82930209084048,,4.849519656675994,,4.018804741353454
LT_1098,2,fold2,1,,0.000422031658401387,,6.37382489439803,,2.8596783058723068,,2.3678622880133,,8.595945528769068,,4.874747672118569,,3.649820301930673
LT_11,2,fold2,1,,0.00042273678988313107,,6.26095885928857,,3.1202810691825875,,2.5173854499736668,,7.798578547242645,,5.399324301155278,,4.139862933010548
LT_1100,2,fold2,1,,0.00042031403297780774,,6.130401925996675,,2.6839996081723867,,2.1918724378039016,,7.547428779661286,,4.39716147422146,,3.3516752554739315
LT_1105,2,fold2,1,,0.00041890631995879224,,6.14256448673799,,2.792539215438607,,2.3110788125044452,,8.023154711847901,,4.572572967545909,,3.284278998772327
LT_1107,2,fold2,1,,0.00042171429006232844,,5.708977798160989,,2.545884411319822,,2.088638551403007,,7.603444962430014,,3.9942715189250904,,3.075748603485232
LT_1110,2,fold2,1,,0.0004220822134272332,,6.236786144296124,,4.293810387438076,,3.3991553906169556,,7.739912143289077,,5.2156887064669455,,4.2953268195179035
LT_1111,2,fold2,1,,0.000426847176303681,,5.94073875307384,,2.7492403250186435,,2.2948636816182164,,7.180853237772336,,4.168094685723683,,3.3241801160620645
LT_1115,2,fold2,1,,0.0004215033026140694,,6.3641410778871865,,4.70213359294262,,3.6253077367675903,,8.12891114688402,,5.749653262996561,,4.672209145403963
LT_1125,2,fold2,1,,0.0004228831544938645,,6.007658371541897,,2.7982499005221,,2.310623189798015,,7.952811572552901,,3.789859758222136,,2.941981337195433
LT_1128,2,fold2,1,,0.0004226418062435282,,5.929334193751331,,2.7012912256554573,,2.2418948748741943,,7.792372703529657,,3.6060328616047195,,2.838390149224976
LT_113,2,fold2,1,,0.00042052449612264495,,6.142487897765648,,4.517314054429243,,3.5511288998473702,,7.778112452766057,,5.657351940116422,,4.62092190457178
LT_1130,2,fold2,1,,0.0004204524379375005,,6.317446303368154,,3.1758970254933687,,2.588493013244246,,8.340604295392902,,5.269160966888415,,4.031755933096446
LT_114,2,fold2,1,,0.00042206963522135703,,5.791926769840257,,2.331765333208044,,2.0035237720610324,,7.484972802142336,,3.70345294904302,,2.7194740552343775
LT_116,2,fold2,1,,0.00042196431185715505,,6.113035952101797,,3.0902964290980903,,2.4405164303707343,,7.556729800543654,,5.249145479938355,,4.026301293485117
LT_1160,2,fold2,1,,0.00042234018662591286,,5.843427548356981,,2.623374450716269,,2.2132032323294233,,7.409479012574916,,3.487268148305953,,2.811740671773301
LT_1167,2,fold2,1,,0.00042080087533390154,,6.095813152775571,,2.7387087350016577,,2.245002831317927,,8.183591198210623,,4.33621467155909,,3.345713535952249
LT_1189,2,fold2,1,,0.0004208700286349176,,6.264189923769709,,4.464599745902202,,3.4879219030209883,,8.078363650155492,,5.028627239783581,,4.039906178624742
LT_1205,2,fold2,1,,0.0004214997437325136,,6.100433801682905,,2.7377182923867744,,2.2963305747843394,,7.955447549775313,,4.20104346864893,,3.178374871395597
LT_1206,2,fold2,1,,0.00042506256532735126,,6.1425620975447375,,2.8419162559333677,,2.3683704520435063,,7.950838097548876,,4.463274422283249,,3.4324340009547454
LT_121,2,fold2,1,,0.0004208389702857907,,6.334923669821079,,4.013983316166274,,3.274582511967272,,7.686245349627053,,4.74817311529825,,3.8113319680738016
LT_1213,2,fold2,1,,0.00042408552826314963,,5.914704092419586,,2.679787583155659,,2.274819235543545,,7.765918199132327,,4.253334865808206,,3.226984354650423
LT_1218,2,fold2,1,,0.0004220555934646743,,7.547960753409906,,4.917836010466148,,3.7672638365353035,,8.731674730138028,,6.116272127281856,,4.887481073530101
LT_123,2,fold2,1,,0.00042540836115877514,,6.0359392253784465,,3.9435540728460503,,3.2177766749607284,,7.292966575732371,,4.072090438828457,,3.193703278834686
LT_1236,2,fold2,1,,0.0004248943697240347,,5.970024728099187,,2.961864059373318,,2.4157030345062775,,7.344790899572804,,4.857772441382351,,3.683263848209125
LT_1239,2,fold2,1,,0.0004230288750621744,,6.507202693388787,,3.1596961167337816,,2.550871200498155,,8.355596164549508,,5.293433424415175,,3.9379166079283143
LT_124,2,fold2,1,,0.00042295982945217935,,6.031908302352016,,2.984878072348367,,2.3818154669477773,,7.511951543668133,,4.721037316113683,,3.656084525254743
LT_1244,2,fold2,1,,0.0004249561799854699,,5.976948458239392,,2.915306365521959,,2.3730793893191717,,7.508470456186593,,4.785926819884562,,3.663891358119285
LT_1245,2,fold2,1,,0.0004215514971120764,,6.051392639395835,,2.6584678262314214,,2.2308083297784016,,7.485067795556546,,4.246292637395003,,3.2652411749873003
LT_1248,2,fold2,1,,0.00042515089064581665,,5.351441698210695,,2.9901702834727826,,2.4013571150906907,,7.420576810656861,,4.971093730312488,,3.781304817023537
LT_1254,2,fold2,1,,0.0004211251898281528,,6.171748779240792,,2.794037992428014,,2.3500732536574493,,7.951729558398579,,4.452182569353853,,3.423673385506063
LT_1256,2,fold2,1,,0.0004206954544116407,,5.985613513096995,,2.7209830082987123,,2.284008668461173,,7.740170134558298,,4.07350825440469,,3.206827491970506
LT_1259,2,fold2,1,,0.00042265726367917214,,6.121713030445369,,2.511826339335543,,2.1013930510994716,,7.616421199753798,,3.6205335210571823,,2.776729719503424
LT_1263,2,fold2,1,,0.0004238300070245442,,5.570892394075874,,2.70717730924557,,2.2710251512261816,,7.015083377888002,,4.058404918434928,,3.1054554620810846
LT_127,2,fold2,1,,0.00042060487611502405,,6.387837048704726,,4.287592139984627,,3.419702299647072,,7.564170227198714,,5.08123319274927,,4.061933657320188
LT_1275,2,fold2,1,,0.00042059857013984105,,6.175764510091475,,2.7964188143646953,,2.3007624885794673,,8.210129425940611,,4.47574355879506,,3.3338244911332358
LT_1279,2,fold2,1,,0.00042199698238579164,,5.916736487256923,,2.5846349513233995,,2.1601320395468964,,7.19005506270942,,3.8084275942497046,,2.8993861829239798
LT_1286,2,fold2,1,,0.00042039807232411783,,6.313141345151488,,2.875561738822297,,2.3784799470188824,,8.465180956667766,,4.697674704212001,,3.6018317141021505
LT_1295,2,fold2,1,,0.00042182868134433074,,6.228150863604684,,2.7780428249187814,,2.2764112695640133,,7.596172477180614,,4.782860805824872,,3.603355910195026
LT_1297,2,fold2,1,,0.00042175893582805865,,6.1712663838495665,,2.679615017297131,,2.2413321688814536,,7.604776842937924,,4.423258299327955,,3.347008485414729
LT_1306,2,fold2,1,,0.00042001845162670075,,6.454346311774314,,2.812998546166138,,2.3091780894638383,,8.848966043735821,,4.961235373417574,,3.527129844044706
LT_1313,2,fold2,1,,0.00041962058791802925,,6.338241697529367,,3.0093282681305946,,2.3900205266656886,,8.584001420598833,,5.298066898382687,,3.903179527849367
LT_1316,2,fold2,1,,0.00042190461746315425,,6.017401216967947,,2.9245705835501243,,2.320053781684632,,7.345322282752009,,4.896313611918671,,3.8037344164237568
LT_1317,2,fold2,1,,0.00042161553336742506,,6.065977157657911,,2.6971140326480985,,2.2118633452563117,,7.5227033873991855,,3.9307337314124053,,3.1366363712986023
LT_1318,2,fold2,1,,0.00042635828767639133,,5.8792050296532015,,2.704709483408572,,2.3132125772468424,,7.331950916707204,,4.1691201067735495,,3.343662235937011
LT_1323,2,fold2,1,,0.0004197313266476148,,6.232254631942506,,2.8450667663547513,,2.311663767825582,,8.080474469741644,,4.541094301292365,,3.427343363634863
LT_1326,2,fold2,1,,0.00042342560857213697,,5.9609144863729595,,3.0514012951399745,,2.4508267700063766,,7.426067336912526,,5.006211329292941,,3.9343230005956364
LT_133,2,fold2,1,,0.00042236063625961974,,5.973011966600211,,2.6469654754890812,,2.246833391360013,,7.3827793664136605,,3.568703237951945,,2.8091296200771168
LT_1331,2,fold2,1,,0.00041977016513836986,,6.344406100069075,,4.311088655299542,,3.270015944853817,,7.912422905850561,,5.099628901894873,,3.9038123777182934
LT_1333,2,fold2,1,,0.00041994458744260173,,6.284427484576373,,2.7328643571276507,,2.2633666921740434,,7.606187300701133,,4.370193087710094,,3.237640643261935
LT_1337,2,fold2,1,,0.00042111004449135736,,6.130129002578306,,2.768434916954104,,2.3334670490217033,,7.876390127830665,,4.228736279182707,,3.303352554237635
LT_137,2,fold2,1,,0.0004218880762936663,,6.516856498138068,,4.264761539157999,,3.383384252483736,,7.712206888423454,,4.780731898049043,,3.835822401194878
LT_1381,2,fold2,1,,0.0004215802580659657,,5.939270776031922,,2.6774320193376657,,2.2394029957245714,,7.4634834574175,,3.705288367142881,,2.9462031011351737
LT_1382,2,fold2,1,,0.00042149855742615663,,6.362736160018203,,2.890674807080928,,2.3588854524833156,,8.41824401274986,,4.131052389704307,,3.0699249175257863
LT_1385,2,fold2,1,,0.0004208351886231497,,6.095004595688899,,2.936259809282135,,2.411452035349575,,7.398564169245583,,4.657657714827965,,3.751975011578757
LT_1386,2,fold2,1,,0.00042070136965049673,,6.219871226483929,,2.7960792738640765,,2.3316289521310325,,7.9948583892560885,,4.336922955455397,,3.2433173120329175
LT_14,2,fold2,1,,0.0004205333466200979,,6.384714204208191,,2.776536813482063,,2.291217489189015,,8.531443725245694,,4.20303076594144,,3.1412683641240755
LT_1403,2,fold2,1,,0.00041994434980773335,,6.227866276226194,,2.835037095131569,,2.330634320007037,,8.379297621938921,,4.657786339338001,,3.425380248470164
LT_1405,2,fold2,1,,0.00041975985186992575,,6.16465596227877,,2.875048916971198,,2.3696081958662916,,7.974117486084474,,4.53829206242695,,3.4448352787554772
LT_1409,2,fold2,1,,0.00042102621536849877,,5.9578985026694,,2.7168118795732212,,2.283521971658631,,7.454266737248564,,3.7641975351505965,,3.101177173351623
LT_1412,2,fold2,1,,0.0004220789568070392,,6.018758185684527,,2.590666814794019,,2.156659046768548,,7.554215629777946,,3.941100356284599,,3.0103039236344786
LT_1414,2,fold2,1,,0.0004204237768810834,,6.393896602300823,,4.491065980187701,,3.4563772689691907,,8.11951473980818,,5.537679126185655,,4.259741059148547
LT_1415,2,fold2,1,,0.00042078232363151717,,6.000616293156414,,2.514690371768485,,2.0889713436082626,,7.414067020526168,,3.7088494645965517,,2.903197510842116
LT_1418,2,fold2,1,,0.0004202282187998306,,6.225934501861497,,3.0385941745993374,,2.4715895012637086,,7.6038919306395805,,5.008178071411396,,3.9490860367768197
LT_1423,2,fold2,1,,0.0004200798755206441,,6.146868255655042,,2.7190006428455566,,2.2742640519673936,,7.544445163171343,,4.4859603021965935,,3.458796576882187
LT_1428,2,fold2,1,,0.0004229781451872607,,6.176633490650673,,2.5823199148888065,,2.1402502684440803,,7.679256358032602,,4.24567638232621,,3.1888536711689
LT_1429,2,fold2,1,,0.00042127096028318246,,6.748098084437984,,4.8651595913411825,,3.6995735216313137,,8.024524302572045,,6.16996149060695,,4.815972802983629
LT_1430,2,fold2,1,,0.0004193102063886397,,6.1028492852624465,,2.8956282466441863,,2.393116587991267,,7.482676023868615,,4.2151703197512465,,3.363035793307023
LT_1435,2,fold2,1,,0.0004200794582465174,,6.069767948388874,,2.655287073376742,,2.226056405440557,,7.451079960110613,,4.207319171822918,,3.2158622961963887
LT_1437,2,fold2,1,,0.00042238061231201184,,5.807557145262569,,2.6053512937272516,,2.170563419968726,,7.581012922296116,,3.2518042407625556,,2.498977017047288
LT_1440,2,fold2,1,,0.00042039837442167313,,6.263322858657252,,2.834265889525259,,2.348518925084304,,8.458182157667835,,4.523545031396577,,3.4677415059724486
LT_1444,2,fold2,1,,0.00041897766068108716,,6.384275688545856,,4.67102118524232,,3.5969434107540303,,7.926897260592336,,5.670021675891497,,4.625021274632367
LT_1445,2,fold2,1,,0.0004208851364181643,,6.444933808184226,,4.394800852340576,,3.402814435659112,,8.30057022483809,,4.52354562240286,,3.5250771340153677
LT_1447,2,fold2,1,,0.0004194940946611776,,6.154084835993144,,2.747660021662812,,2.2671091762088125,,8.132689332707438,,3.994627195813456,,3.046458235928813
LT_1450,2,fold2,1,,0.00041882989025244545,,6.028621345546589,,2.966672652078486,,2.384493008304063,,8.236627385593545,,5.051123542498867,,3.7819416499249705
LT_1452,2,fold2,1,,0.00042104701888412595,,6.010794193159525,,2.5966502146634105,,2.2158098976899536,,7.698295150692917,,3.4362491351005655,,2.6946843162612315
LT_1453,2,fold2,1,,0.00042261015030707963,,6.432164145347817,,2.964859966680413,,2.4245499226565475,,8.525291415506938,,4.89428463359866,,3.7022380325691975
LT_1455,2,fold2,1,,0.0004206300200543557,,6.221999421541441,,4.420200994130245,,3.3539202400197405,,7.696772850226055,,5.043966143405446,,3.990312117063927
LT_1456,2,fold2,1,,0.00042025160741377375,,6.619017047202365,,3.060704460209991,,2.4806941108443312,,8.84167723580356,,5.427705336963784,,3.909493212938397
LT_1457,2,fold2,1,,0.00042182208499433674,,6.266513722914064,,2.962446712026238,,2.443892749555787,,8.443119910125953,,4.828362176498376,,3.6168177506907284
LT_1458,2,fold2,1,,0.00042226286072695636,,6.7182111429219935,,3.272260287124641,,2.646154056054118,,8.858042157481918,,5.40966658111525,,4.186781999609003
LT_1459,2,fold2,1,,0.00042158305781503196,,5.924541171246994,,2.7640830922660964,,2.3153446479949564,,7.52002864966745,,4.311624678442713,,3.4354374921972637
LT_1460,2,fold2,1,,0.0004209950593429112,,5.794826994288141,,2.5415106899441753,,2.1469029449631685,,7.430208183590291,,3.351499426001201,,2.6094159148749005
LT_1461,2,fold2,1,,0.0004228095852251163,,6.233253436822928,,3.278910199266594,,2.617468328188088,,8.030665063634792,,5.425574979353084,,4.1329607585091805
LT_1462,2,fold2,1,,0.0004230644785680193,,6.275221441705473,,2.8342404815018427,,2.3219695166186693,,8.398877935297726,,4.014487134664707,,3.01177701673624
LT_1465,2,fold2,1,,0.00042220933647624595,,7.23141637072489,,3.1955085665671854,,2.586215434877632,,8.97376410495606,,5.722336600934244,,4.21554205808331
LT_1466,2,fold2,1,,0.0004210607412495019,,6.446684517061072,,4.46142059467314,,3.3769973974036516,,8.356058461835113,,4.586890087447429,,3.49983757375979
LT_1477,2,fold2,1,,0.0004222549355151605,,6.254635984422543,,2.7434927753830274,,2.2693089631347507,,8.424910306756084,,4.001026619675585,,3.082746183825097
LT_148,2,fold2,1,,0.0004249775691709118,,5.758434453593886,,4.459806394375183,,3.4505415031258218,,7.049898335426591,,5.29584216625142,,4.212606669003006
LT_1481,2,fold2,1,,0.00041901488130121137,,6.1286430528786076,,2.7397395468516144,,2.2889951106247457,,7.715660550252566,,4.408140234248969,,3.340364174264608
LT_1482,2,fold2,1,,0.000422623800222734,,6.373513529540294,,4.412768685022797,,3.44581127622773,,8.38403101142444,,5.140507068187385,,4.070395654281931
LT_1483,2,fold2,1,,0.00042197265823853795,,6.452789887372756,,4.316317739022036,,3.316365918009429,,8.475492163771607,,4.589749233731126,,3.5864244285000115
LT_1485,2,fold2,1,,0.00042302527554081114,,6.044014216430464,,3.022164360287434,,2.4885780824895405,,7.714968519893167,,4.813175408436424,,3.7294117123863453
LT_1487,2,fold2,1,,0.0004219921122230238,,6.1223645901711725,,2.682882453091177,,2.236492236148538,,8.36490004517337,,4.2995947114227135,,3.1775200903148164
LT_1489,2,fold2,1,,0.00042264958291331894,,6.175422265461832,,2.8979294763915604,,2.3935909500234738,,8.159754576607881,,3.9844233404900984,,3.062811098562679
LT_1491,2,fold2,1,,0.00042106113342618885,,5.871795668011653,,2.3518100170998055,,1.9985125672153892,,7.6286701740077785,,3.9885874314229164,,2.9805416090478327
LT_1494,2,fold2,1,,0.0004209936907435055,,6.073340350993591,,2.6664191762502245,,2.2207085204445947,,7.3866866013422,,3.9964304989139676,,3.1366688443592534
LT_1506,2,fold2,1,,0.000420119886240319,,6.276754505690968,,4.289596283312966,,3.243620790853548,,8.185681234820182,,4.717952433224148,,3.681378566091289
LT_1513,2,fold2,1,,0.0004202486313135828,,6.097067727071711,,2.6816187222805588,,2.2270694483519082,,7.827165225851913,,3.799931033492455,,2.981671888590441
LT_1526,2,fold2,1,,0.0004193207887181385,,6.239328485986817,,2.755142505494562,,2.3013002244785437,,8.14158451436541,,4.427612151173887,,3.34825358523448
LT_1527,2,fold2,1,,0.00041957946402472295,,6.199769258691733,,2.866073622655054,,2.394400300677396,,8.11243652476942,,4.716641652514204,,3.565795528645566
LT_154,2,fold2,1,,0.00042210378995806083,,6.071192671911459,,3.9370634805587934,,3.1898503384405874,,7.476386585008415,,4.05941028530609,,3.2628496272626686
LT_1541,2,fold2,1,,0.0004223376427456276,,5.856951589294333,,2.589771247515839,,2.1733015471963557,,7.223756603724948,,3.1809593086022274,,2.4889513151220224
LT_1553,2,fold2,1,,0.0004197957230934815,,6.556744177346781,,3.1114803470086225,,2.4758234238811974,,8.580870741825315,,5.255180526971894,,3.9097318259022638
LT_1554,2,fold2,1,,0.0004239562530895073,,5.903095755246249,,2.404310153999111,,1.9966665909464498,,7.648402092307658,,3.441249670961415,,2.631061439419944
LT_1556,2,fold2,1,,0.00042299701506032933,,6.100734542266001,,2.7735225219132436,,2.328165308227694,,8.173867617195587,,4.120441063030225,,3.220004740333431
LT_1557,2,fold2,1,,0.00042258401677616915,,6.094768830818412,,2.7009141733044824,,2.2564392435240355,,8.037162311946634,,3.8261030224550763,,2.8937145966642377
LT_1558,2,fold2,1,,0.00042179783366991415,,6.195429896493742,,2.7926129626482097,,2.3158304893996653,,8.672453769854911,,4.934008897146105,,3.5537503016531646
LT_1559,2,fold2,1,,0.0004225177314259986,,6.003614520478269,,2.6403026501748963,,2.196958505474855,,8.064633482365158,,3.900725053858704,,2.8671754322596845
LT_1560,2,fold2,1,,0.00042327943716988226,,6.259070134099569,,2.993774972587511,,2.4207829319152476,,8.271433043989454,,5.183732899066159,,3.7490054956350605
LT_1561,2,fold2,1,,0.00042229667972273205,,5.931943772202502,,2.6411073909639486,,2.2028288745230715,,8.114936241134808,,4.033862779419578,,2.9545885358354425
LT_1567,2,fold2,1,,0.00042163119183790537,,5.908681782932272,,2.818605570097108,,2.303681371255641,,7.418285997586663,,3.840653442664095,,3.0307250913984634
LT_1571,2,fold2,1,,0.0004201458081777871,,6.393559378022151,,4.399778762879847,,3.493050287288522,,7.779195586082988,,5.735993389328529,,4.721452130563464
LT_1573,2,fold2,1,,0.00041999104571950434,,6.50277188004532,,4.505948083337516,,3.455761737056401,,8.472995943226845,,5.7863051303695725,,4.550500727964173
LT_1580,2,fold2,1,,0.0004238058481090493,,5.928973671424371,,3.053740732296099,,2.4424393975127416,,7.4336572135699255,,4.895399286776497,,3.8718394118703228
LT_1582,2,fold2,1,,0.00042112966494146746,,6.378534762459308,,4.341617263603842,,3.292784414448744,,8.014539952264556,,5.128728790455203,,3.827174096862799
LT_1584,2,fold2,1,,0.00041994145188928994,,6.081208387819591,,2.3845404697944437,,1.9971919493332697,,7.633020075386934,,3.385402793458932,,2.5986611872471834
LT_159,2,fold2,1,,0.0004249446641521326,,5.910241159397687,,2.7184435320469635,,2.2121979804923457,,7.635861994940557,,4.552535656995714,,3.426173290351559
LT_1594,2,fold2,1,,0.0004216605008698915,,6.346241367908751,,3.3489221502099613,,2.7025051862340344,,7.990249596762465,,5.353379286790255,,4.08206179373236
LT_1596,2,fold2,1,,0.0004214369702768509,,6.1805058316955845,,2.804523390474018,,2.3223456437426777,,8.524862976096644,,4.434592018285951,,3.283014783152183
LT_1598,2,fold2,1,,0.0004205042655965399,,6.332581967280604,,4.573881461527154,,3.5274365786503283,,7.761318463103114,,5.724874897571813,,4.618810157493115
LT_16,2,fold2,1,,0.00042027099610742955,,6.093703405939311,,4.362577186537104,,3.4242764222205238,,7.91643062585328,,5.061364377116588,,4.091648795299549
LT_160,2,fold2,1,,0.0004255939314493657,,5.947123414023732,,3.974123802533194,,3.224260759147685,,7.324359145947731,,4.051766980932689,,3.203614902625384
LT_1608,2,fold2,1,,0.0004229306327142475,,5.9170540728127765,,2.6249920055047102,,2.1495299093876206,,7.364526769028529,,3.4374950540579357,,2.7513624360259046
LT_166,2,fold2,1,,0.00042275133600093613,,6.126358749740203,,2.8563264252272544,,2.3971026435592475,,7.436871841384766,,4.839810826004392,,3.8380875084492736
LT_1665,2,fold2,1,,0.0004237516024104167,,6.403766521365372,,4.859928745247147,,3.6646566901681075,,7.886037116184482,,6.03450572174973,,4.701324139799187
LT_167,2,fold2,1,,0.0004252731482650412,,5.943124764804609,,2.6442321729597236,,2.21666388405703,,7.280007856181991,,3.527479060852847,,2.7528824325666306
LT_1684,2,fold2,1,,0.00042239561873882656,,6.5003389781435965,,3.0184884003400616,,2.4766200128945344,,8.450480536142406,,5.306046150875108,,3.938943690961453
LT_169,2,fold2,1,,0.00042272452563999266,,5.943394947696841,,2.935973852115558,,2.4257082678005064,,7.562367144156363,,4.897886875325899,,3.7949339040516197
LT_1691,2,fold2,1,,0.00041910624148497853,,6.364344245836621,,4.397009583407187,,3.3501436444258794,,8.056732780330355,,5.213677048736821,,4.035219369708165
LT_1698,2,fold2,1,,0.00042117494501416747,,6.185626975511197,,2.781687244844569,,2.3342172374574237,,8.135383784593278,,4.282073716917498,,3.198289177621555
LT_1699,2,fold2,1,,0.00041872722258839805,,6.221130590672248,,2.825729997074617,,2.327270174783735,,8.063736900548836,,4.428228658896488,,3.3747643504329843
LT_17,2,fold2,1,,0.0004212074467994653,,6.6300613119127645,,4.462594929293314,,3.402599604628632,,8.838974381680757,,5.584173252494256,,4.349716925105251
LT_170,2,fold2,1,,0.0004268617005685968,,5.7784642498251415,,2.7090437216132255,,2.226113077071424,,7.2249090834832,,4.677089957719687,,3.513129162026906
LT_1700,2,fold2,1,,0.00041978423504381544,,6.309264574202882,,3.0133781098018435,,2.466239764037474,,8.53346037010035,,5.065765084985452,,3.7751508383121437
LT_1701,2,fold2,1,,0.0004193507293350756,,6.804018048823665,,4.640199890530924,,3.589325235351949,,8.657580839196651,,5.639112053734946,,4.473522457807572
LT_1711,2,fold2,1,,0.0004203179862428807,,6.112625356084877,,4.494604906903478,,3.4835439673336945,,8.008741239656466,,5.55543727120254,,4.343288452246409
LT_1714,2,fold2,1,,0.00041920731920807447,,6.194272851824187,,2.759113117050963,,2.294782292470954,,8.392490497394979,,4.437241298724868,,3.2849161147031265
LT_1715,2,fold2,1,,0.0004197822997552506,,6.467641139216932,,4.641284951522857,,3.5724133915056515,,7.653021907880277,,5.740733796639917,,4.702519882467421
LT_1717,2,fold2,1,,0.0004213960255235443,,6.097365229934003,,2.7602929336982487,,2.327720836086549,,7.737516417570839,,3.9000443689474134,,3.159881686097811
LT_1719,2,fold2,1,,0.00042169410608423885,,6.190574122325969,,2.7799343390739577,,2.280532992251306,,8.255811639480717,,3.9764263678930614,,2.9407799675803354
LT_1720,2,fold2,1,,0.00042229241359875887,,6.202630177292599,,3.2029423401597796,,2.5931950306910516,,7.5320448523700785,,5.329811407061792,,4.021633765472378
LT_1723,2,fold2,1,,0.00041944127185957955,,6.067060848689405,,2.830258050356994,,2.270245190210852,,7.958649717760352,,4.626001679915181,,3.472581899369934
LT_1726,2,fold2,1,,0.00042070627607676374,,6.117582369506288,,2.924427164684945,,2.3522560060186612,,7.632695693896948,,4.8633396730516925,,3.640937073566553
LT_174,2,fold2,1,,0.00042353226483307985,,5.951513160197905,,2.8563138064112787,,2.409767242229086,,7.2706067647651,,3.940333950251624,,3.2145351659886954
LT_1740,2,fold2,1,,0.00041896410199843137,,6.0192926871041506,,2.8527751936343337,,2.3462121947095564,,8.185690471973585,,4.831033784472622,,3.6304321291773767
LT_1742,2,fold2,1,,0.000420869494345685,,6.293152441301285,,4.486539580907531,,3.442829132947913,,7.8795946829725745,,5.129627605103457,,4.01470873217537
LT_1744,2,fold2,1,,0.00041959540010102353,,6.484159651631557,,4.6359192459895695,,3.5159430689078177,,8.421586468767948,,5.877511847338341,,4.8118016477991565
LT_1745,2,fold2,1,,0.00041889091101422575,,5.948049656933281,,2.710691122049366,,2.257674941320991,,7.354747414442973,,3.9692158077269313,,3.026015552815784
LT_1746,2,fold2,1,,0.0004200280604936893,,6.322248332325868,,4.3464292521293455,,3.535464363720031,,7.661554940668518,,5.146688627506895,,4.22753107162919
LT_1747,2,fold2,1,,0.00041984073763942815,,6.195600619959694,,2.7183657089972706,,2.232233327442951,,7.796661950148885,,4.51397338257173,,3.3967215326682436
LT_175,2,fold2,1,,0.0004279858604212469,,6.013167469298237,,2.900059904187599,,2.4509707772107983,,7.1388596477194906,,4.4566785372823485,,3.531644560747139
LT_1750,2,fold2,1,,0.0004211577189901644,,6.599253597826498,,4.523640048110924,,3.6096412753769096,,8.079749907500824,,5.850361334244753,,4.690462338411452
LT_1751,2,fold2,1,,0.00041991461991459055,,6.120932028064477,,2.760849507780844,,2.2999946833495226,,7.635507737797549,,4.4055176340022895,,3.336050635368418
LT_1753,2,fold2,1,,0.00042015366948217926,,6.010511845431331,,2.7028912134160157,,2.267054819127794,,7.385092411239075,,3.825029968459948,,3.0523522921958017
LT_1754,2,fold2,1,,0.00041923345290456084,,6.032168840041179,,2.6306700031821597,,2.1886069521647946,,8.049081318918635,,3.7376702602369445,,2.8749036416130984
LT_1756,2,fold2,1,,0.00042074714245115934,,6.32282193234431,,4.256382400402546,,3.4767257887787393,,7.623828585377546,,5.372882897755355,,4.389622443493194
LT_1757,2,fold2,1,,0.0004220325510012734,,6.046644580248564,,2.939096474295104,,2.3353892573215393,,7.55622493558035,,4.838124564915045,,3.78385958361606
LT_1759,2,fold2,1,,0.0004296329121922012,,5.748638042998297,,3.010707736439943,,2.4130654059380743,,7.263296957035928,,5.0543602318561405,,3.900256134014876
LT_1770,2,fold2,1,,0.0004220475782304219,,6.218242681908975,,2.9236314606226057,,2.386021948696994,,8.127980031663055,,4.826311008435932,,3.6628859569727745
LT_1771,2,fold2,1,,0.000424999355172144,,5.9674717165616125,,3.047455877588145,,2.4645990093368497,,7.491022239764213,,4.979217366842299,,3.796631967679334
LT_1772,2,fold2,1,,0.00043636744910590525,,4.881485122537629,,2.2101430713624914,,1.8643851312089992,,7.044770634928424,,3.1810898071868032,,2.5675869415216455
LT_1773,2,fold2,1,,0.00042565875659913814,,6.011548394531517,,2.8072970296200372,,2.3661168068711818,,7.748202491774423,,4.389436614708355,,3.3597234059891856
LT_1777,2,fold2,1,,0.00042073824066756263,,5.817079477366178,,2.6490832572384155,,2.265870766151753,,7.643475126289645,,4.311558830258007,,3.1862265149394973
LT_1779,2,fold2,1,,0.00042401139194358194,,5.5684721868887825,,2.77051849273654,,2.228673562720768,,7.085706391590036,,4.562424708245432,,3.4404169823597095
LT_178,2,fold2,1,,0.0004236059163393556,,5.88461435810373,,2.441949604723538,,2.0544835238720185,,7.438884810637975,,4.0658663194938836,,3.112463908819713
LT_1780,2,fold2,1,,0.00042139008892207175,,6.127591249640855,,2.7738422877172417,,2.268715295624242,,8.263183124695017,,4.065538443310502,,3.0459274171532895
LT_1782,2,fold2,1,,0.0004198206315548358,,6.411084392146688,,4.568889197263395,,3.4842013709444553,,8.296180850688975,,5.662248008590563,,4.510066112592378
LT_1785,2,fold2,1,,0.0004202503511239238,,5.916093162647272,,2.6746074468630465,,2.1857659596470977,,8.055578970741873,,3.803793032222607,,2.9740538375243113
LT_1786,2,fold2,1,,0.0004202742376610228,,6.326310138435027,,3.131687429037074,,2.49730551045985,,8.22703170430189,,5.066622105696601,,3.8721029744587656
LT_1787,2,fold2,1,,0.0004203446169539597,,6.602009814317897,,4.594224773654329,,3.4967203178899413,,8.610184452318862,,5.667668980136469,,4.402231617143396
LT_1788,2,fold2,1,,0.0004200048850654878,,5.812703076320632,,2.623800992202397,,2.191736304753162,,7.797490907931907,,3.900876643573758,,3.066033901372437
LT_1793,2,fold2,1,,0.0004199058543492024,,6.11676206657964,,2.668098884491406,,2.213959524312456,,7.571579450120612,,3.5350152226930946,,2.782686401026605
LT_1794,2,fold2,1,,0.0004187734961167162,,6.285167735013089,,4.3101636032149555,,3.249359278346607,,8.062280650139462,,4.689951593821017,,3.6333722888714557
LT_1796,2,fold2,1,,0.00042180551863539237,,6.112469680790847,,2.7993802438355675,,2.3464104953060847,,7.519926976346572,,4.413255876474712,,3.397668151491763
LT_1797,2,fold2,1,,0.00041997642480004135,,5.970567405958757,,2.643919673129677,,2.177728418601,,7.735450993348075,,3.634615426164285,,2.7795175055771764
LT_1809,2,fold2,1,,0.00042024421631013664,,5.987805453255007,,2.7366798975950943,,2.3103625317601084,,8.118773455620227,,4.490145126441027,,3.320240985480523
LT_1813,2,fold2,1,,0.00041796405150784643,,6.013270346653446,,2.8962181412292836,,2.347915957936891,,8.127478092338178,,4.873096095604512,,3.6866221495965346
LT_182,2,fold2,1,,0.0004207689914042332,,6.2395262579949256,,2.8768311070994375,,2.3267377424726288,,7.806074664257146,,4.985463367696747,,3.842581390772063
LT_1821,2,fold2,1,,0.0004219199432545107,,6.274734232779107,,3.9806489398863656,,3.163558123423895,,7.4211886490518015,,4.744594144263349,,3.722217105843699
LT_1823,2,fold2,1,,0.00042088274090972336,,6.051381455633064,,2.6493208442823213,,2.2162957398101093,,7.458965224115341,,4.300920336106008,,3.2889411394010075
LT_1824,2,fold2,1,,0.0004197165447820915,,6.279177682821863,,4.406972681363382,,3.395085581624046,,7.9584714491495046,,5.0371244478294415,,4.005113710984074
LT_1825,2,fold2,1,,0.00042006786051525594,,5.9710172842371225,,2.6434881441939164,,2.23113203150545,,7.24301833409954,,4.231767041083867,,3.141139118669791
LT_183,2,fold2,1,,0.00042336452091456915,,6.3029607114872945,,3.14490975066279,,2.5419879630847952,,7.9505600974678154,,5.243137883548809,,4.076818437462025
LT_185,2,fold2,1,,0.00042214174123430745,,6.1366913102733935,,4.065451948777453,,3.221035140035892,,7.332316897054857,,4.397149532662659,,3.3832188214805865
LT_1851,2,fold2,1,,0.00042054968528573364,,6.00253895919909,,2.6079917609532672,,2.1320449525500162,,7.742841001702834,,3.6261432231828534,,2.712520276347459
LT_1852,2,fold2,1,,0.0004212119589462049,,6.347054194375725,,4.282143163321022,,3.276245631712913,,7.979883978535896,,4.936301378860454,,3.792443997312265
LT_1853,2,fold2,1,,0.00042059513028869233,,6.011533326411752,,2.6434681320774778,,2.1713691274114537,,8.006016922636613,,3.79607924385738,,2.9294637519677766
LT_1858,2,fold2,1,,0.00042210536533062414,,6.274721857577077,,4.271203430139606,,3.386181460116247,,7.540081762176251,,4.539695854790301,,3.7183263330286196
LT_1859,2,fold2,1,,0.0004233111238124525,,6.046967163553999,,4.0351760948932265,,3.2480729346642594,,7.318899215864687,,4.28543512659173,,3.4144517069775215
LT_1860,2,fold2,1,,0.0004210617415201755,,6.099717676505704,,2.69784819451007,,2.262791303846084,,7.663125899883503,,4.444569659230171,,3.346418788761102
LT_1861,2,fold2,1,,0.0004229261933998939,,6.063097326456594,,3.154232305811928,,2.5027794850796155,,7.502129303886853,,4.9750614892077065,,3.920765201913528
LT_187,2,fold2,1,,0.0004273902851214921,,5.869120351952155,,2.8031318875296827,,2.268924866648149,,7.40470364216657,,4.817363891971086,,3.6864145823829526
LT_188,2,fold2,1,,0.0004231854744121792,,6.257613300367483,,3.081070490258452,,2.493197910273248,,7.931836443907662,,5.134083161632699,,3.9926922245152943
LT_1885,2,fold2,1,,0.00042247125815639275,,6.266000237264204,,4.409076820040309,,3.5059861073165877,,7.567810433671667,,5.1255320041754135,,4.283254255916626
LT_189,2,fold2,1,,0.00042282157784846036,,6.531652461391094,,3.2334547856893385,,2.5987152953997565,,8.08336472241606,,5.461389524826666,,4.162711710130419
LT_1890,2,fold2,1,,0.000424646914687514,,6.834324771667139,,3.2585425261807917,,2.613553711136627,,7.92880809756553,,5.322389695641154,,4.132321876695764
LT_1891,2,fold2,1,,0.0004223130671747125,,6.5817193825952165,,4.803510054376167,,3.658027707443581,,8.51601916506068,,5.820906933812026,,4.593810975789348
LT_190,2,fold2,1,,0.00042296844340013184,,6.44495332481678,,3.8938889470762565,,3.1750741213846534,,7.5358416198238425,,4.24550594100837,,3.47403388907571
LT_1903,2,fold2,1,,0.0004254974703340464,,5.9664032880675775,,2.4626603180081315,,2.0770249926180506,,7.640400357458218,,4.049184558768863,,3.1170468260283735
LT_1913,2,fold2,1,,0.00042114976366398535,,6.242456203541419,,2.9901379462623807,,2.437621912028989,,8.07030859749384,,5.087089320936807,,3.811568312410403
LT_1915,2,fold2,1,,0.00042161571475258196,,6.125809979444972,,2.7782293809639955,,2.3220085213119233,,7.920289470825738,,4.120899667927152,,3.1726133958472595
LT_1916,2,fold2,1,,0.0004214069382956244,,6.064756050968207,,2.6893533444819755,,2.245735240120351,,7.915553975527506,,3.630659549393921,,2.7940374782292148
LT_1918,2,fold2,1,,0.00042204748071528707,,6.148626015559545,,4.1662134997612545,,3.263494546591518,,7.465308294229081,,4.767154444778412,,3.736303162184787
LT_1919,2,fold2,1,,0.00042088049311238794,,6.254116150128082,,2.7962222151283265,,2.341786983151286,,8.290765377590398,,4.243486838943505,,3.243225743251686
LT_1920,2,fold2,1,,0.00042228116321147563,,6.130318297615183,,2.92529989887953,,2.3697301273843627,,7.890071315849428,,4.003843592849378,,3.001214896662739
LT_1939,2,fold2,1,,0.0004212956833275789,,6.088161670859905,,2.670474512486255,,2.233276848186646,,7.830369390644859,,3.6609042723219147,,2.839150198441027
LT_1940,2,fold2,1,,0.0004209014710820618,,6.283207726931405,,4.570054291165607,,3.4390584843354737,,8.063674545604682,,5.627854927333756,,4.448973077067293
LT_1941,2,fold2,1,,0.0004204925968296497,,6.420791842833476,,4.501566080632175,,3.4670290932978425,,8.180326947609023,,5.422354278763826,,4.254632888652029
LT_1942,2,fold2,1,,0.0004206418459993082,,6.23369834486941,,2.831600066741992,,2.3495786858691066,,8.249239717122057,,4.7302181507957854,,3.5087225127553077
LT_1943,2,fold2,1,,0.0004200636497199116,,6.2064302379099,,4.530469831768613,,3.4629166065420156,,7.980148048421197,,5.43097500443001,,4.327189107051169
LT_1944,2,fold2,1,,0.00042196314270996627,,6.363440028686335,,3.0050842402642495,,2.4363014483622276,,8.707299930073805,,5.028034291775931,,3.715432291835095
LT_1952,2,fold2,1,,0.0004200283322901132,,6.417889198827184,,3.0338537584146237,,2.4804930301749266,,8.351761227580651,,4.9003319738392905,,3.6607942351778955
LT_1953,2,fold2,1,,0.0004211307516968684,,6.143412234996643,,4.64094723016055,,3.5287985259098127,,7.882044001012567,,5.60449023949641,,4.43204973117305
LT_196,2,fold2,1,,0.0004264296427996892,,5.736537274300323,,4.148829198813354,,3.2397926725080146,,7.076407993793573,,5.04339237891097,,4.033720015120284
LT_1971,2,fold2,1,,0.0004199500178662663,,6.370165056262707,,3.1265736973190172,,2.5290650624571587,,8.257910101733247,,5.092964689028306,,3.844907917784616
LT_1972,2,fold2,1,,0.0004203586272439764,,5.944519981343437,,2.65600057918208,,2.214452079043975,,8.136177980592604,,4.495730272398287,,3.1905571434097917
LT_1974,2,fold2,1,,0.00041903265033908267,,6.127538089338955,,2.874094225496458,,2.355763478827364,,8.252391340087431,,4.566447653026158,,3.405245538708931
LT_1979,2,fold2,1,,0.00042114883951298483,,5.969617891406032,,2.769177888243837,,2.3250139795420486,,7.618536419143041,,4.606105722500512,,3.566917221664817
LT_1980,2,fold2,1,,0.0004213177267555421,,6.1560345408704045,,2.724368485063345,,2.2944484757224974,,8.141829248983685,,4.528380419459919,,3.4376417793375937
LT_1983,2,fold2,1,,0.00042089205908480386,,5.895713792209267,,2.9686102666287653,,2.404775149649359,,8.125569511072403,,4.865947211592128,,3.732387484495653
LT_1985,2,fold2,1,,0.0004246319525785056,,5.62190557508461,,2.4506520231814366,,2.089621501425285,,7.170515919188038,,3.318347804807592,,2.614756690952867
LT_1988,2,fold2,1,,0.00042155716844363873,,6.32533063766207,,4.382363951381286,,3.4572465169926176,,7.657713765762499,,5.273701986139082,,4.274226885388786
LT_1989,2,fold2,1,,0.0004228390238632286,,6.27624751808093,,4.279548017057572,,3.358559961374493,,7.890970854917387,,5.482772837238269,,4.497826450266094
LT_1994,2,fold2,1,,0.0004226950568255155,,6.3263815808481425,,4.457370571967204,,3.4850684917374872,,7.660692082761735,,5.524009378421326,,4.4601163796986105
LT_1998,2,fold2,1,,0.000426202582967692,,6.001530390820353,,2.6154187830687876,,2.2100378186368688,,7.311236198854312,,4.012767788955613,,3.236653684949565
LT_1999,2,fold2,1,,0.0004237967366000576,,6.302279603786221,,3.175613862185974,,2.5621038541368835,,7.844561170749912,,5.210279397070574,,4.098534645422701
LT_2000,2,fold2,1,,0.00042348954818329475,,6.0415084759058555,,3.017408677663624,,2.4153463402992865,,7.622299767098954,,4.920022385539418,,4.0364318338399015
LT_2010,2,fold2,1,,0.00042184509784549094,,5.924294451746672,,2.85178134888238,,2.3604117207443194,,7.830509270574792,,4.5472874902414775,,3.5447384979938827
LT_2011,2,fold2,1,,0.00042118621451168667,,6.4317330604010765,,3.2320929949824904,,2.59758754350309,,8.105085174832233,,5.4365684389748,,4.181026888290467
LT_206,2,fold2,1,,0.00042403361523952673,,5.894104532206986,,2.5375922532972006,,2.0999272619558305,,7.59944106096331,,3.239400158855913,,2.5735642481777234
LT_21,2,fold2,1,,0.0004278016331766728,,6.07087994802421,,2.692365281567393,,2.252275159714438,,7.286205922580574,,3.8170726007372933,,3.0384435497641977
LT_211,2,fold2,1,,0.000421454343783937,,6.434534437156236,,4.4323403412743705,,3.4955528663398603,,7.960170452427037,,5.841006754678199,,4.664542885932546
LT_217,2,fold2,1,,0.0004223446247926515,,6.22704064704844,,3.069759029452713,,2.4748667513994733,,7.704142413735687,,5.20816553245477,,3.994544699110816
LT_219,2,fold2,1,,0.0004224180562598795,,5.951411703428568,,2.837720032437424,,2.286971836489774,,7.574147104744303,,4.768659773337159,,3.7206948687363903
LT_222,2,fold2,1,,0.00042392298452679014,,5.8782563908966035,,2.7237453622445167,,2.2779786025107156,,7.338369446784561,,3.751970581878033,,3.0729603364146207
LT_224,2,fold2,1,,0.00042220543611096,,5.992219882090507,,2.7839186653779175,,2.3294945055118244,,7.28894162954388,,4.687396538358491,,3.515411976330289
LT_225,2,fold2,1,,0.00042286712631731636,,5.847666504094311,,2.671021467416876,,2.2050222371945587,,7.432800915843854,,3.7993713992820672,,3.0253052382983854
LT_230,2,fold2,1,,0.0004354777717839962,,5.312320967231649,,2.172865714359693,,1.8398594254387493,,7.395889756555267,,3.6942718906440906,,2.7552953110626817
LT_233,2,fold2,1,,0.00042605917513106883,,5.782681264527526,,2.911520767358488,,2.426164264643787,,7.571461568210967,,4.0344325444848765,,3.1894808646821313
LT_234,2,fold2,1,,0.0004260470196344353,,6.043081026093088,,2.922639983646155,,2.481446773067276,,7.32027717190029,,4.297839753911591,,3.4535089847904485
LT_235,2,fold2,1,,0.00042216330683226416,,5.903299852550677,,2.5086844407868183,,2.113431564852422,,7.412987270435179,,3.9726381391467767,,2.991706737771845
LT_237,2,fold2,1,,0.0004347133744600617,,5.7180482080002735,,2.391130177748617,,1.9843916791297591,,7.394348636934914,,4.218941072867894,,3.3298707567937544
LT_248,2,fold2,1,,0.000435059787762343,,5.305795105743443,,2.905554317696785,,2.3321240167148303,,7.132042502810808,,4.604859499795035,,3.608981316734404
LT_263,2,fold2,1,,0.0004213911357785118,,5.9349907582705805,,2.609029325063585,,2.164688554104733,,7.3625343706492155,,3.5754246807476187,,2.817645025659045
LT_265,2,fold2,1,,0.00043196465105670157,,6.124758373592266,,2.7732664811419583,,2.3056018701457264,,7.451620298235505,,4.471207558628025,,3.469111530498145
LT_270,2,fold2,1,,0.0004230464506341774,,5.877565736067382,,2.674411261669021,,2.2332291952713224,,7.300429472463822,,3.545822526512514,,2.817082386078728
LT_288,2,fold2,1,,0.00042550497192670074,,5.878731682377296,,2.5037983384314786,,2.110668646799477,,7.338655189650449,,3.3465580403227695,,2.6503679858816263
LT_29,2,fold2,1,,0.0004208919638969289,,6.048372563961501,,2.7707653302217015,,2.322436228127459,,7.675733362564833,,3.98398946210761,,3.066935003935601
LT_293,2,fold2,1,,0.00042553251177047946,,5.8216444881990075,,2.4940334322361712,,2.1091341812301714,,7.497161829978546,,3.317366612227923,,2.610431893898229
LT_300,2,fold2,1,,0.0004219956313061303,,6.012116595877466,,2.8263344194182545,,2.403406328733632,,7.376954342689726,,4.292130465858157,,3.32582722407537
LT_33,2,fold2,1,,0.00043142277826791267,,6.123539988271876,,2.616604924109113,,2.1945326275260038,,7.229320668273536,,3.4329626294384576,,2.7048127870338834
LT_332,2,fold2,1,,0.0004233010759157937,,5.814864327306716,,2.448918013352276,,2.1030010930703735,,7.4259658485008435,,3.684910371213588,,2.8096902340909433
LT_339,2,fold2,1,,0.0004199929410727849,,6.375872569162923,,4.408280005705257,,3.4225263817027267,,7.796321418710522,,5.2321549282542295,,4.20007239385985
LT_352,2,fold2,1,,0.0004196230510006005,,6.085156271960516,,2.657830282376208,,2.2301628024417393,,7.785817799471068,,4.3494224772961925,,3.2465697928107953
LT_358,2,fold2,1,,0.0004223488504324722,,6.096940163766409,,2.876009087189218,,2.300258858645238,,7.633783835771491,,5.026389157343056,,3.872438088183428
LT_360,2,fold2,1,,0.00042599665118215994,,5.869150843558035,,2.900819300018627,,2.4204346068167086,,7.523983611513258,,4.933705285168592,,3.756600371895525
LT_361,2,fold2,1,,0.00042383424139727684,,5.939863334578236,,2.663000775667578,,2.207356669804333,,7.497742347955308,,4.383890363460807,,3.3190318383438573
LT_370,2,fold2,1,,0.0004217930209911777,,6.705930517271371,,4.705543451798786,,3.621657971421716,,8.508774608031716,,5.769776255364463,,4.6764640832882955
LT_377,2,fold2,1,,0.00042069613258295495,,6.722731968849896,,4.651827327739519,,3.6078159858605394,,8.70255491550241,,5.601310997541993,,4.499750487835314
LT_378,2,fold2,1,,0.0004210894433904922,,6.170214948905539,,2.981864955112534,,2.436253069788428,,7.909801519703005,,5.234259309750233,,3.877529472435198
LT_382,2,fold2,1,,0.0004227153018155124,,6.191854480873645,,4.3099788203540585,,3.30581822292472,,7.593294772285549,,4.45682329384963,,3.4117907663431253
LT_384,2,fold2,1,,0.0004211209120843617,,6.2293911352695694,,4.492166463512325,,3.561080141827501,,7.340104699629849,,5.27825408511113,,4.391631837302466
LT_403,2,fold2,1,,0.0004211902411604528,,5.97638324056122,,2.803255186879186,,2.289198018463646,,8.000929726172973,,4.0764727511164,,3.1054553853642126
LT_411,2,fold2,1,,0.0004213065405363932,,6.34906485468822,,4.674330954693118,,3.5491442906497745,,8.284647696547873,,5.646307593319705,,4.54245172278116
LT_415,2,fold2,1,,0.0004217887802955185,,6.450181524655483,,4.489032547041236,,3.527205816511612,,8.33461835458493,,5.330424105478968,,4.245511635048857
LT_429,2,fold2,1,,0.0004199692571646707,,6.567418860774542,,4.8141366870048445,,3.693139659497383,,7.643981918787491,,5.932163050153741,,4.751205131720183
LT_43,2,fold2,1,,0.0004230860155256498,,5.678968570778743,,2.4937705946676285,,2.1299141003104163,,7.036587781186788,,3.8219939013282547,,3.007964537359487
LT_441,2,fold2,1,,0.0004214248541792795,,6.2469820641794715,,2.65181199617908,,2.213571099335829,,8.453014007281613,,4.322424808934644,,3.1386534990318165
LT_444,2,fold2,1,,0.00042294313110687216,,6.04272094243084,,3.2088996413145465,,2.6844367239005704,,7.812095293807269,,5.117720340503782,,3.961062468904477
LT_458,2,fold2,1,,0.00042106723714281993,,6.295309632868833,,2.7901678074129483,,2.3103686839992257,,8.401122109345042,,4.301950720144991,,3.147481177946041
LT_459,2,fold2,1,,0.0004228724641409283,,6.166707513086954,,4.2032371035248,,3.2919287133844466,,7.3582473322241375,,4.4095385429576215,,3.535478343520469
LT_460,2,fold2,1,,0.0004234690308953862,,6.115300825792396,,3.161758709219928,,2.584160825685649,,7.774358702935098,,4.638325554536437,,3.713427864329641
LT_461,2,fold2,1,,0.00042453727723981184,,6.105516187092478,,4.125680491535325,,3.2951227927738787,,7.2569077032328035,,4.158889159353486,,3.277893081346183
LT_474,2,fold2,1,,0.0004219258665257731,,5.918435166443016,,2.6078461346890975,,2.1789492954406784,,7.7424346101023955,,3.632216378757682,,2.847105993333275
LT_479,2,fold2,1,,0.0004233556940564931,,5.970677813568393,,4.095615213258838,,3.232087716244287,,7.283526140259746,,4.058324976705296,,3.2254425975735463
LT_48,2,fold2,1,,0.00042032465474383697,,6.328636480235127,,3.0179571330362314,,2.4306507329676457,,8.334762885218172,,5.257479880290945,,4.021015229182512
LT_480,2,fold2,1,,0.0004223096488081869,,5.906726708785216,,4.170479420878264,,3.286395115102361,,7.533779182430579,,4.4370517301681645,,3.3725367545918425
LT_494,2,fold2,1,,0.0004204316555184752,,5.79163413277082,,2.5343704506516556,,2.157049184028966,,7.838126396729923,,3.95374305463741,,2.9194012650937466
LT_5,2,fold2,1,,0.0004221322356026836,,5.960333430469874,,2.8695922819744077,,2.3527617481051126,,7.420825203567857,,4.105923509321779,,3.3862131866327907
LT_511,2,fold2,1,,0.0004217404398796712,,6.151277819976939,,4.516263484341293,,3.5633939441125997,,7.31762823483939,,5.317802650022826,,4.363004837853992
LT_512,2,fold2,1,,0.0004203191747870049,,6.324436132249563,,4.68000581756243,,3.5723592740246355,,7.6094250014008535,,5.4325856928724034,,4.241379434987697
LT_52,2,fold2,1,,0.00042119490727050846,,6.06282297935597,,2.4777385114695565,,2.074883322229652,,7.7407609116770475,,4.041258565319604,,2.9031110778881617
LT_522,2,fold2,1,,0.0004203606729879586,,6.2644529909073885,,2.9583722035408964,,2.393749532473105,,8.492465839874093,,5.046006138076157,,3.7153080294978786
LT_54,2,fold2,1,,0.0004250164157320567,,6.034849888671171,,2.6327040840136227,,2.1498275054788634,,7.381843455924564,,4.151322869090935,,3.169182005314186
LT_552,2,fold2,1,,0.0004225414075391676,,5.965263704856807,,2.808209786185632,,2.250874683625098,,7.367420075121967,,4.243409399356693,,3.2614069495564517
LT_566,2,fold2,1,,0.0004220785062928334,,6.080468228055717,,4.222627263920796,,3.224453277525025,,7.810927609507843,,4.369292753044784,,3.4034304909693587
LT_571,2,fold2,1,,0.00042053498254086656,,6.012985132149892,,2.535391618583354,,2.1241480729233517,,7.553805922872599,,4.249500600114253,,3.0833530141638317
LT_575,2,fold2,1,,0.00042049273382359885,,6.075009157077179,,2.8358621981484933,,2.2828270846840293,,7.552280702861929,,4.768998810749377,,3.676393599319882
LT_576,2,fold2,1,,0.00041998725947626006,,5.872670157905008,,2.684087208513035,,2.263572563287361,,8.017829388816947,,4.213009112450074,,3.2376913064930135
LT_577,2,fold2,1,,0.000425798710679404,,5.653159622254216,,2.4371204476054684,,2.061698925782142,,7.348782674856644,,4.140607232997932,,3.1225196601185363
LT_578,2,fold2,1,,0.0004226213786091681,,6.007112800709229,,2.9138213578549705,,2.3318122695551633,,7.662254960498548,,4.803168627271828,,3.7436385761266116
LT_579,2,fold2,1,,0.00042174186989184237,,6.042274362129697,,2.8864997288016334,,2.3890731872088975,,7.4339743980986865,,4.467605141091567,,3.4118750223214915
LT_580,2,fold2,1,,0.0004198728318806962,,6.143846447352796,,4.636791293687994,,3.5962029544570053,,8.078301240807331,,5.733528326843459,,4.665198014210354
LT_581,2,fold2,1,,0.0004241277823051372,,5.845803543621486,,2.605448282137113,,2.2084313303566048,,7.4747227446424,,3.5132855023528746,,2.8522823964772774
LT_591,2,fold2,1,,0.000419827494881465,,6.25937180669255,,4.445350604244969,,3.4361373924021965,,8.045632914819693,,5.395783526868009,,4.317394368376355
LT_594,2,fold2,1,,0.0004192198450557374,,6.377321866266191,,4.438847851152387,,3.4166418391119175,,8.393438742682422,,5.447801394274889,,4.258400577562662
LT_6,2,fold2,1,,0.00042237556491967615,,5.9839267499319195,,2.7902351791360065,,2.3013935232807827,,7.347539868856722,,4.225587883794842,,3.416870982582059
LT_60,2,fold2,1,,0.0004207916123033367,,5.955978523440204,,2.5593118285437084,,2.150138623501652,,7.580076804264702,,3.677781603937879,,2.967780481837647
LT_602,2,fold2,1,,0.00042337772839852635,,5.971097934561979,,2.805477127415996,,2.288474779553968,,7.285823173896406,,4.291323426056537,,3.3856897577795992
LT_603,2,fold2,1,,0.00042025480110104325,,6.271962002568791,,2.755209510481664,,2.2713832445028146,,8.005296358170833,,4.856704391342408,,3.5647436987392376
LT_609,2,fold2,1,,0.0004204159369447999,,6.137187227503072,,2.9808630809078394,,2.3994332522317414,,7.770218304912273,,5.139532409565819,,3.8478265475345155
LT_618,2,fold2,1,,0.0004203639056527507,,6.321356456154937,,3.116541490122948,,2.5145264957107467,,8.251232285863242,,5.152207932847305,,3.93270786432805
LT_619,2,fold2,1,,0.0004216051019292153,,6.186903052125484,,2.78810591922534,,2.31370221951861,,8.284530421752235,,4.667969641457546,,3.3722067540430705
LT_623,2,fold2,1,,0.0004213374283352795,,6.527631092718809,,3.133911099338878,,2.565124108999829,,8.795455621523317,,5.305643924944019,,3.978739555832359
LT_627,2,fold2,1,,0.0004222365214581452,,5.8406161712795015,,2.5679289136292844,,2.102680001564748,,7.724964505166274,,3.7833066271889186,,2.9551829081110603
LT_630,2,fold2,1,,0.0004213883207110705,,6.015173019793832,,2.8484384558453404,,2.3992925467063837,,7.867475464385547,,4.609373863129987,,3.608773169328697
LT_632,2,fold2,1,,0.0004211792076518981,,6.309622580658048,,4.714041849780806,,3.642213142174194,,7.4878873344046974,,5.7105076379553825,,4.740103509636022
LT_633,2,fold2,1,,0.0004225949380716621,,6.300143568654173,,4.352694828770348,,3.360996162679668,,7.838389717065569,,4.44152409240605,,3.4678715099615167
LT_635,2,fold2,1,,0.0004241724715197386,,6.246521173744031,,2.8639531143402235,,2.374496565800707,,8.481532038699287,,4.775963515581188,,3.553101133536739
LT_639,2,fold2,1,,0.00042486187499879424,,5.694821190106881,,2.5397013287078813,,2.1475107340131183,,7.535905407358395,,3.54520755776472,,2.724104338458694
LT_640,2,fold2,1,,0.0004251114287233716,,6.4497699636693975,,4.606954857284038,,3.5384709103207337,,7.806589284586669,,5.54338407081601,,4.526221752370927
LT_646,2,fold2,1,,0.00042033933760858046,,6.17272316539941,,2.8727358728575885,,2.4133771755329687,,8.118700637849333,,4.685388153887505,,3.545505749274718
LT_649,2,fold2,1,,0.00042562901020408786,,6.623139754499475,,4.785086198884584,,3.6566187850557306,,7.950330396170254,,5.822687782802507,,4.7472455085211624
LT_65,2,fold2,1,,0.00041972034718686796,,6.649658278747712,,4.6891071676357905,,3.6092917615810336,,8.373960935491493,,5.847748918073256,,4.676520009074187
LT_651,2,fold2,1,,0.00042554693167536246,,5.782886967596439,,4.083782159260658,,3.1866130050128842,,7.2197707406110005,,4.077171060537199,,3.3848906953115008
LT_652,2,fold2,1,,0.00042554514825913006,,6.0726572944974,,2.932206288474633,,2.3297678024158297,,7.450653646655793,,4.84602446476899,,3.6617454509906766
LT_655,2,fold2,1,,0.00042190323893849524,,5.980794084427663,,2.825227513724433,,2.3266220885596214,,7.44117626867078,,3.8182501185724194,,2.960163522499933
LT_664,2,fold2,1,,0.0004187815204431365,,6.217571356742433,,2.823609692201996,,2.371362259055089,,8.031049800559485,,4.702446972539601,,3.5162021501384433
LT_670,2,fold2,1,,0.00042278533004829616,,6.171829541541078,,3.0166506073189745,,2.4784138465419874,,8.365574307623895,,4.511367320630595,,3.377258665618336
LT_671,2,fold2,1,,0.0004216760358906786,,6.490168340861602,,2.886656737816235,,2.357375021085816,,8.497487397080121,,4.3457933555355766,,3.3310321672082646
LT_672,2,fold2,1,,0.0004216852369212914,,5.964188319699645,,2.869597053760898,,2.3337240590180217,,7.999798996167944,,4.950106033233315,,3.6098559561617822
LT_677,2,fold2,1,,0.00042055231934290914,,6.1449509071757875,,2.7064917400879227,,2.2511463150503546,,8.33079048376905,,4.483431237584392,,3.270248216640688
LT_68,2,fold2,1,,0.00042710665489536885,,6.201767619067827,,2.7989735031554246,,2.28668458483698,,7.526646657009406,,4.63456822031492,,3.541360331538024
LT_680,2,fold2,1,,0.0004202256331656898,,6.585422579691663,,4.597321495203581,,3.544159686823473,,8.499794737024063,,5.492483553450856,,4.3156152508585155
LT_689,2,fold2,1,,0.0004256965619093382,,6.136696303948671,,2.8707047127971057,,2.416192943378181,,8.560976040832525,,4.2795746673194355,,3.3905306283006684
LT_691,2,fold2,1,,0.00042012853000191787,,6.233382042211485,,4.249598689214901,,3.2869782531953655,,7.467505473003643,,4.232474147323735,,3.435796280959788
LT_693,2,fold2,1,,0.00042069856804999306,,5.94410934010157,,2.6923821968535453,,2.2221471307599985,,7.937736890008426,,4.417621799714011,,3.1346536900160524
LT_694,2,fold2,1,,0.00042128055716728757,,6.012896943223049,,2.502600078438196,,2.1481425595619887,,7.397569848560051,,3.4244100209121346,,2.733541406702742
LT_696,2,fold2,1,,0.0004200503723397128,,6.426268746231994,,4.515830321745283,,3.5083878182810593,,8.35944077584822,,5.518712433077401,,4.4435918309259
LT_697,2,fold2,1,,0.00042250667233629906,,6.015242177070984,,2.935386983724473,,2.4408000326988954,,7.32427393215333,,4.025153515070373,,3.158875170148446
LT_706,2,fold2,1,,0.00042295849913737485,,6.36098542321324,,3.257441249998338,,2.5691181400502723,,8.602850398686702,,5.316141659782471,,4.027444371981405
LT_708,2,fold2,1,,0.00042538467075184556,,5.976596807972082,,2.7424537139848,,2.347405027451654,,8.140745406897084,,4.0984139736865615,,3.141622130772482
LT_711,2,fold2,1,,0.00042248992242849975,,6.460597967641249,,3.057660066968527,,2.5412402011617305,,8.503213375672479,,4.992261323217578,,3.810680896094206
LT_719,2,fold2,1,,0.0004195637056843525,,6.48973125572307,,4.767577548774122,,3.6472688083230174,,7.804754944827324,,5.977584409673924,,4.8977308845267515
LT_72,2,fold2,1,,0.00042040597608439777,,6.040902689140302,,4.212759786766744,,3.269939583053797,,7.753826035009831,,4.418037210051342,,3.5245516729207305
LT_720,2,fold2,1,,0.0004203749279441636,,6.203866335688602,,2.9280760520837315,,2.419918363084819,,8.185937071718936,,4.290674273544409,,3.3571653988869374
LT_728,2,fold2,1,,0.0004220524795856464,,6.131275846283627,,4.009893230172435,,3.2055924915946488,,7.808071214382032,,4.964302005758232,,3.99898864759807
LT_729,2,fold2,1,,0.0004197613101779001,,6.266125866911561,,4.460984076953174,,3.4857620115692627,,7.848495259094844,,5.430487494175428,,4.386060880886097
LT_73,2,fold2,1,,0.00042684353013798873,,6.0429934194386545,,3.811126645857175,,3.111953109055577,,7.463052939334313,,3.9090378752496973,,3.145079934263734
LT_742,2,fold2,1,,0.0004217024559988805,,5.944837102516849,,2.777224997306882,,2.3122957167310254,,7.648766467971527,,4.341122741262905,,3.3282648665070584
LT_745,2,fold2,1,,0.00042185281427856505,,6.100711584495657,,4.258453512055371,,3.2573736239508007,,7.812594473482307,,4.395258771790944,,3.322756861694521
LT_746,2,fold2,1,,0.0004226513591591534,,6.106664964137858,,2.8337739539610887,,2.3050982438623406,,8.256581822157328,,5.159885258048107,,3.639643224201384
LT_749,2,fold2,1,,0.000421278564854799,,6.050988757941802,,2.983105511424251,,2.4089435184883885,,7.592308013744178,,4.975518213669719,,3.8856458322251375
LT_750,2,fold2,1,,0.00042269974349818176,,6.107229726885385,,3.15422148290512,,2.539732852032175,,7.9701454230168265,,4.914349821383091,,3.89221442605805
LT_755,2,fold2,1,,0.0004258945570457563,,6.34767290144342,,2.8909188424981256,,2.415322443966993,,8.37122696688489,,4.429684708898696,,3.2955013724064326
LT_757,2,fold2,1,,0.00042722150149143885,,5.916181301755157,,2.4382734455400232,,2.05495084641202,,7.3366117219294935,,3.909158830121655,,3.021188028364115
LT_76,2,fold2,1,,0.0004240141249642459,,6.134554895719967,,2.597696416259013,,2.1732337668610486,,7.4549521409442,,4.719845569207001,,3.5126080863439566
LT_762,2,fold2,1,,0.00042209007677956704,,6.843943573735523,,3.196732694720003,,2.60490885423908,,9.175553213470288,,5.52545193870864,,4.269922982157988
LT_763,2,fold2,1,,0.0004221073815053305,,6.27179144219724,,4.358477537849545,,3.3408614522403326,,7.9844248041278005,,4.477899517344582,,3.403491425811545
LT_770,2,fold2,1,,0.00042010633520067446,,5.971716761867263,,2.575436618254842,,2.211398551655223,,7.834807882577348,,3.4683156059992886,,2.7663863168802973
LT_773,2,fold2,1,,0.00042370953595848027,,6.068798868131037,,2.9327297879669114,,2.4608133742089624,,7.727341734897662,,4.694971068965975,,3.5995976462813672
LT_778,2,fold2,1,,0.00042446457366242425,,6.212454593843915,,2.868954742081713,,2.3818045342336074,,8.382600723883774,,4.654312630999576,,3.4744714175429183
LT_783,2,fold2,1,,0.00042617046394674736,,6.186081749058251,,3.224894682272927,,2.644114409238484,,8.169854166920123,,5.01095099134502,,3.8897204464320385
LT_785,2,fold2,1,,0.00042517340510824994,,5.85610615095468,,2.5810044569958506,,2.201806177003059,,7.636861249335297,,3.9009227826370836,,3.0699713949471463
LT_787,2,fold2,1,,0.0004225182665101284,,6.343835903134053,,4.668209627888772,,3.588072159997065,,7.975634776134275,,5.590530626910175,,4.544669963501538
LT_80,2,fold2,1,,0.00042049263633058345,,6.649968078481751,,4.689365088871661,,3.586223843638811,,8.663775215862414,,5.779419106369404,,4.627732674281504
LT_801,2,fold2,1,,0.00042348509840218866,,6.322285586171706,,4.507504140753328,,3.512969908147709,,7.777793392897609,,5.1138456532968455,,3.985368130734048
LT_819,2,fold2,1,,0.00042213623781312166,,6.3965590731167365,,2.821283504728749,,2.3333570840506526,,8.669700646987657,,4.85085519711576,,3.5818297460094506
LT_820,2,fold2,1,,0.0004234380767367627,,5.954696378033256,,2.7780375905075934,,2.298866473993838,,7.476350820092015,,4.202583653901388,,3.28336578042562
LT_824,2,fold2,1,,0.00042280888983062606,,5.803792737737818,,2.8136814318176193,,2.3399120394593793,,7.163392396305717,,3.6268103723309038,,2.943734448467768
LT_825,2,fold2,1,,0.0004245879639498129,,5.7910166381748445,,4.097906389824909,,3.295292128559112,,7.306392403718763,,4.971273788286834,,3.894248488953485
LT_831,2,fold2,1,,0.0004256749217223816,,6.3173671848468205,,2.8129318314606873,,2.3218840279434816,,8.178616369931637,,3.9258908900257685,,2.967858440317508
LT_833,2,fold2,1,,0.0004187123946123427,,6.518816686404861,,4.5282950225427,,3.5410353673458355,,8.139941206244295,,5.526847586125084,,4.408405104965964
LT_838,2,fold2,1,,0.00042611330941347107,,5.9346566227712865,,2.8453919440186977,,2.398772726467491,,7.254726732066261,,4.098924999320296,,3.2227185080348244
LT_840,2,fold2,1,,0.00042588803262858486,,5.962210364406669,,2.7707452673569914,,2.361367159329548,,7.349558809838157,,4.444044614350833,,3.4959332676044963
LT_845,2,fold2,1,,0.00042837517161271703,,6.137001818958132,,4.502179114122028,,3.588505867171457,,7.239246442681394,,5.450286256910656,,4.303888777340814
LT_857,2,fold2,1,,0.0004209432018959739,,6.527567018142181,,4.762163711763833,,3.667837871767166,,8.439569662182743,,5.962922047255388,,4.723687791890186
LT_866,2,fold2,1,,0.0004203996976581501,,6.213404261495986,,2.654813935905815,,2.2154675349906268,,8.135895392244276,,3.9212211109279345,,3.0759495099812195
LT_883,2,fold2,1,,0.0004227982736733065,,6.330296372803589,,4.448379072581843,,3.5436002192107643,,7.700130147297141,,5.441426323254962,,4.42067846579299
LT_887,2,fold2,1,,0.00042658579533333754,,5.961599126736578,,2.7056468503238604,,2.2784246467225793,,7.7600067631948395,,3.7294175302672286,,2.9849253312992685
LT_891,2,fold2,1,,0.00042448297926224975,,5.997740459995158,,2.7329641714536375,,2.268957279647107,,7.425777882842549,,4.245178181365578,,3.225224772496312
LT_893,2,fold2,1,,0.00042518700374893914,,5.794283265607182,,2.4996244452315843,,2.1542655413659753,,7.719527588312673,,4.308209942183981,,3.273627047806859
LT_90,2,fold2,1,,0.00042119794386646925,,6.085634940808563,,4.3964112968118485,,3.3991879598272954,,7.858791793483764,,5.2588607591459455,,4.138364378188466
LT_900,2,fold2,1,,0.00042593967449496006,,5.575174949128254,,2.387922153358337,,2.0315503279660483,,7.14779271326015,,3.600689619447288,,2.7509716188214934
LT_915,2,fold2,1,,0.0004205089333267388,,6.311335222545599,,4.263192391605301,,3.4549056515060013,,7.5756217165451085,,5.205022594518413,,4.284902952463692
LT_917,2,fold2,1,,0.00042642263245660367,,6.113823200249737,,2.9007104576112064,,2.397894479197157,,7.407829311322182,,4.597126251642069,,3.587886975958416
LT_92,2,fold2,1,,0.0004218592149182205,,5.944576447692434,,2.6363999621271557,,2.200368193326274,,7.412691808645736,,3.699101899740426,,2.897842718070505
LT_935,2,fold2,1,,0.00042264427154363633,,6.143115174980416,,2.6475849623300496,,2.176539503119224,,7.51444085692929,,4.217497057731257,,3.2057784886572045
LT_936,2,fold2,1,,0.00042595794593939737,,6.047416157925657,,2.922524094209931,,2.4091666177735602,,7.5166809365036436,,4.578407134948117,,3.5876941963293474
LT_94,2,fold2,1,,0.0004226302508994074,,6.500119484042706,,3.199542077253675,,2.598565536759291,,8.477806816685309,,5.48728709019462,,4.213385835621583
LT_947,2,fold2,1,,0.0004209873467690677,,6.340861560599934,,4.298644728974073,,3.3245934298576594,,7.913082401641272,,5.011022614509387,,3.891552059819469
LT_949,2,fold2,1,,0.0004232144146888595,,5.896212621661721,,2.854296888533134,,2.397468830805824,,7.379608827262643,,4.000587746405361,,3.1463928043743223
LT_950,2,fold2,1,,0.00042633232274673014,,6.0812087320955905,,2.4645914147945867,,2.088212185774028,,7.5840686280637355,,3.6014752118762705,,2.852444728985483
LT_951,2,fold2,1,,0.00042609718787777265,,6.088437178154158,,2.827230410887295,,2.281142675515763,,7.432022339890169,,4.688659521785632,,3.7092524612580955
LT_952,2,fold2,1,,0.00042041003583865276,,6.402685405577371,,4.112411951939294,,3.287264681767377,,7.835674169057251,,5.187087995170588,,4.084406622227482
LT_954,2,fold2,1,,0.00041921078605649045,,6.0869230795944365,,2.765528728966449,,2.277652872215166,,7.774992349231365,,4.415090243422646,,3.3875255721743835
LT_955,2,fold2,1,,0.00042202142627375226,,6.432053596607983,,4.734321861017321,,3.6138487508894643,,8.58463647584656,,5.863804744991379,,4.711748269447188
LT_962,2,fold2,1,,0.0004209013213035146,,5.91959726486879,,2.757864547973193,,2.2977633699117472,,7.397583705755747,,3.8287478493071343,,2.9555201454047397
LT_966,2,fold2,1,,0.0004242512566808021,,5.830253767038864,,2.593168108596496,,2.212265495826471,,7.712283988683454,,4.542461678535416,,3.4973463639732216
LT_967,2,fold2,1,,0.0004244920808899929,,6.157748276476878,,2.826626174384607,,2.3592070975575044,,7.719090867587201,,4.852960963608808,,3.762050081963109
LT_968,2,fold2,1,,0.0004251414109820006,,6.077508063265657,,2.760196842557865,,2.3236552773412784,,7.546114394648927,,4.585846820354719,,3.540201287267616
LT_974,2,fold2,1,,0.0004264226785038582,,5.741664776218714,,4.12191677355247,,3.2645545056778964,,7.022507557170485,,4.492062554900583,,3.5519860881616947
LT_981,2,fold2,1,,0.0004260170931335884,,6.084995811095893,,2.671993384929789,,2.160287873470197,,7.722258355227397,,4.52971965404656,,3.4389277299560073
LT_983,2,fold2,1,,0.0004213881609149966,,5.9813984092828685,,2.7043680323743122,,2.212733194485835,,7.586955998848901,,4.427242728996725,,3.293318133136731
LT_985,2,fold2,1,,0.0004280207023515496,,5.934818826116548,,2.5884424266092987,,2.122556982927354,,7.397003246333969,,3.848605199448102,,2.967597419366511
LT_986,2,fold2,1,,0.00042216309408045147,,5.955784282915474,,2.4018644707870656,,2.0147945198551684,,7.318480567577621,,3.7672939705141038,,2.9201147084162713
LT_988,2,fold2,1,,0.0004228014128771513,,5.888953685674411,,2.5021715854605793,,2.109343339120134,,7.435065198966266,,3.3748629628261195,,2.604747634099905
LT_991,2,fold2,1,,0.0004311251653293033,,6.077147769898141,,2.569881835700708,,2.164197902658636,,7.2648989128525745,,4.235869542613193,,3.1146660116774805
LT_993,2,fold2,1,,0.0004261172656739639,,5.981659574014365,,2.8779105201490105,,2.339663570822023,,7.365974977411074,,4.509201082139587,,3.6502587184363327
LT_997,2,fold2,1,,0.0004258016475560938,,5.866519303504925,,2.7587189137566517,,2.2947807706865513,,7.54629344033781,,3.7587662330816567,,2.9522009059166487
PCL_32660,2,fold2,1,,0.0004064861571170496,,5.921777327080821,,3.6791186680250503,,2.8404649802908137,,7.040576334422425,,4.52000534186417,,3.6248461380295205
PCL_32661,2,fold2,1,,0.00040640380543294913,,5.440756107862728,,3.6247530722215484,,2.8582792417851346,,6.938501476950822,,4.5487800639747835,,3.5623518625688555
PCL_32662,2,fold2,1,,0.00040696817699988584,,5.3054902208534145,,3.6302021805255014,,2.8224568799402623,,6.963576300672814,,4.495656756191079,,3.392292934090663
PCL_32665,2,fold2,1,,0.00040696817699988584,,5.3054902208534145,,3.6302021805255014,,2.8224568799402623,,6.963576300672814,,4.495656756191079,,3.392292934090663
PCL_32666,2,fold2,1,,0.00040394119528347483,,5.8554686130041596,,4.4013229840520625,,3.384540148560016,,7.683080045858888,,5.906655748844926,,4.737794260424276
PCL_32668,2,fold2,1,,0.0004061997195260094,,5.464898103765768,,3.9546313889643137,,2.9182918466979904,,7.036463730057639,,4.698204456379085,,3.5575113063126955
PCL_32683,2,fold2,1,,0.00042017559524472337,,5.929566353911859,,4.270674592894646,,3.39133446135711,,7.343838173165028,,5.147017858378101,,4.02479562414373
PCL_PCL0213,2,fold2,1,,0.0003994143724455144,,6.270371298289481,,4.165295450050893,,3.1444188573634597,,7.737328515533742,,5.088845779082297,,4.084688093944303
PCL_PCL0214,2,fold2,1,,0.0004003313723603026,,5.938657407017214,,3.767592743653749,,2.9156384453532898,,7.731021051719135,,4.319431575376583,,3.419129913213275
PCL_PCL0215,2,fold2,1,,0.0004033352166327199,,5.392520666240877,,3.800985809365598,,2.9602191974416794,,7.496647032627782,,4.619378604913985,,3.702988960152383
PCL_PCL0216,2,fold2,1,,0.000409895028362247,,5.613665309935538,,3.8838662826170087,,3.2268049879237153,,7.463864838163822,,4.880842336301355,,3.829445851608513
PCL_PCL0217,2,fold2,1,,0.0003999218947302336,,6.03308761197739,,4.285469750155337,,3.2474836452499685,,7.576213619799468,,4.502807597407853,,3.7261575206950703
PCL_PCL0218,2,fold2,1,,0.00040157471476962893,,5.877367858653702,,4.318214122087886,,3.1903100248350764,,7.713465695228297,,4.859377680288736,,3.8434717879981304
PCL_PCL0219,2,fold2,1,,0.00039963355696728646,,6.2079280903303715,,4.001937359067237,,3.1276041088324975,,8.40011406941681,,5.180298507740209,,4.006595801952149
PCL_PCL0221,2,fold2,1,,0.00040208858825870053,,6.089844389533674,,4.189649616869744,,3.259631959285531,,7.949085833294708,,4.122264515590988,,3.2817504153645545
PCL_PCL0222,2,fold2,1,,0.0004166629944727593,,6.1152394385988496,,4.0172027448109695,,3.2410805475425706,,7.5881088200903015,,4.262337824977971,,3.3614735324861114
PCL_PCL0223,2,fold2,1,,0.0004070609425701789,,6.021309467247472,,3.989329735370587,,3.065257062111505,,8.276725987792508,,4.478481334090386,,3.6831847336341887
PCL_PCL0224,2,fold2,1,,0.00040716464727789774,,6.177712319840062,,4.129374381593121,,3.2793252303203926,,7.65257189691967,,4.4833145665210505,,3.415700592398187
PCL_PCL0228,2,fold2,1,,0.00040164822448459335,,5.897945245463071,,3.9684712946569207,,3.236206673252562,,7.770669425000263,,5.322411754901285,,4.30862426351616
PCL_PCL0290,2,fold2,1,,0.00042084700429731794,,6.087840584254499,,4.178477319228298,,3.2960202069236346,,7.280739490667327,,5.071797068869461,,4.174658589037944
PCL_PCL0291,2,fold2,1,,0.0004085925729019335,,6.04581313271235,,4.167432650884463,,3.3160150093675322,,7.233364363427036,,4.8560599582772905,,3.744991512992045
PCL_PCL0292,2,fold2,1,,0.0004198398218884479,,5.6343445994355275,,3.7442662050170403,,2.9865326069905187,,6.950956236829182,,3.9039317282124197,,3.0188347121981356
PCL_PCL0293,2,fold2,1,,0.00041111012388715673,,6.327314001339324,,4.446658850631331,,3.491490109259221,,7.494969252700184,,5.613770039015589,,4.417266851112078
PCL_PCL0294,2,fold2,1,,0.00042118928602558753,,6.085266633018372,,4.322756537235817,,3.393750996829899,,7.689921798787831,,5.070630098787821,,4.245413246759668
PCL_PCL0295,2,fold2,1,,0.00042696733415349165,,6.03953663315942,,4.437560595707686,,3.489939038982851,,7.74527713052588,,5.32313976190779,,4.303129353819228
PCL_PCL0296,2,fold2,1,,0.0004160429921355579,,6.341979178834244,,4.312561741166002,,3.3901099493301525,,7.264128724003309,,5.280690147285639,,4.26423885908225
PCL_PCL0297,2,fold2,1,,0.0004154864730541649,,6.419527106098689,,4.462196221407566,,3.455246268340603,,7.612840904287631,,5.421101135223908,,4.293869961271526
PCL_PCL0298,2,fold2,1,,0.0004299341352157187,,5.588376738048632,,3.978065707451223,,3.148277216581465,,7.400269169598818,,5.090720815150253,,4.081973790957452
PCL_PCL0299,2,fold2,1,,0.0004187820334761866,,5.93837609534016,,3.877423630492904,,3.166036230562117,,7.1357690937744085,,4.21470685221877,,3.368440234128744
PCL_PCL0300,2,fold2,1,,0.00040856760582451586,,6.304087832920325,,4.297075375054293,,3.3939217610190946,,7.855438370283172,,5.262707080965297,,4.109650821139487
PCL_PCL0301,2,fold2,1,,0.0004201007984207146,,6.081022584972567,,3.972438878685147,,3.1938138432916374,,7.360454162054279,,4.368790000060882,,3.3934225205569457
PCL_PCL0302,2,fold2,1,,0.0004180687257846153,,5.818786462407799,,3.800068999171925,,3.0417829129487908,,7.399873307032991,,4.190292132663331,,3.357138416886077
PCL_PCL0303,2,fold2,1,,0.00041051085588061226,,5.946726828029403,,3.828901147145032,,3.04806051607383,,7.287154663936847,,4.090659227544206,,3.3536281523259115
PCL_PCL0304,2,fold2,1,,0.0004111112094219854,,5.851294298310985,,4.0957424452351505,,3.1751304626974264,,7.141492132504878,,4.126997289860361,,3.2356217881720135
PCL_PCL0305,2,fold2,1,,0.0004121221732112674,,6.164320141493454,,4.128040521415056,,3.3315421393748665,,7.3218158468425045,,4.826105663837141,,3.8801590897930285
PCL_PCL0306,2,fold2,1,,0.000407507779516229,,5.827012846429881,,4.129410709735676,,3.311160610092667,,7.4949832930832745,,5.479937773239639,,4.163732350310417
PCL_PCL0307,2,fold2,1,,0.00042383074889578917,,6.297329408331724,,4.205736507259599,,3.3003688220032132,,7.163144297124838,,4.6500938095013735,,3.645632481030643
PCL_PCL0308,2,fold2,1,,0.00042521124786077703,,6.266984374821069,,4.337883882615282,,3.4788361092662026,,7.981043643873608,,5.5574043061512635,,4.456982553291727
PCL_PCL0436,2,fold2,1,,0.0004344844469040456,,4.731402274450275,,3.152919500005137,,2.5982120509508193,,7.225808769721163,,3.7988131368661033,,3.0631575389979275
PCL_PCL0437,2,fold2,1,,0.00043363604043285785,,5.052972724814972,,3.548229539290293,,2.80881904516059,,7.488592311969038,,4.009315797446902,,3.258192452705758
PCL_PCL0438,2,fold2,1,,0.0004321971127383556,,5.2529165734623975,,3.4655327320018166,,2.7357349213531714,,7.141211860083187,,3.9631646918174694,,3.1172197323991466
PCL_PCL0439,2,fold2,1,,0.000432145404916387,,6.2122695403355435,,4.179441387157834,,3.156497019687018,,7.124313737581235,,4.127548178525766,,3.2246883661615393
PCL_PCL0440,2,fold2,1,,0.0004353383066903315,,4.789748951613373,,3.2369429049136214,,2.7144314982076323,,7.536430386621301,,4.0012495594227016,,3.291944661632619
PCL_PCL0441,2,fold2,1,,0.00043704215036151524,,4.770439473842686,,2.6746375093866135,,2.1527153710552756,,8.142077742528885,,3.458899299720049,,2.8285455853774715
PCL_PCL0442,2,fold2,1,,0.00043389938226527473,,4.802236504269159,,3.2657429614520277,,2.766582504160403,,7.627623574608911,,4.030566486390878,,3.3530639184425906
PCL_PCL0443,2,fold2,1,,0.00043523132907341555,,4.935747451682735,,3.0888221495924992,,2.5595006933563207,,6.934030178518928,,3.5100902255282684,,2.796304229833866
PCL_PCL0444,2,fold2,1,,0.00043403222747703633,,4.821625217126308,,3.2093239688801027,,2.695845250261425,,7.742565692006624,,3.9780854248331203,,3.214334537651093
PCL_PCL0445,2,fold2,1,,0.0004357392283771584,,4.770442636550397,,2.8341011820206186,,2.3252937630203037,,7.794788868905489,,3.4574430326657395,,2.8089651938517792
PCL_PCL0446,2,fold2,1,,0.0004344075396368139,,6.007640716056713,,3.901663275655389,,3.02819311051769,,7.14864260522568,,3.966787381942288,,3.0888310788147315
PCL_PCL0447,2,fold2,1,,0.00043674176419700693,,4.864221742710099,,3.1356214815490517,,2.5553766709201926,,7.404758458938671,,3.7614317989997916,,3.074768578366296
PCL_PCL0448,2,fold2,1,,0.0004342121813418684,,5.140057254762295,,3.6343297626513698,,2.879706858081748,,7.549148824681587,,3.9292242183821724,,3.269283037032477
PCL_PCL0449,2,fold2,1,,0.00043396965684599186,,5.244120986297675,,3.5012746851501664,,2.7339340701162547,,7.100553866703728,,3.7357828877833668,,2.928874537114405
PCL_PCL0450,2,fold2,1,,0.0004362166627376613,,5.838939011033635,,3.95992453234525,,2.9327379866084216,,7.170044420633067,,5.169990596092831,,3.924059640349564
PCL_PCL0451,2,fold2,1,,0.0004348701943564185,,5.0046170956456955,,3.1267418407125245,,2.5958423046523653,,7.21297163227976,,3.687824369681427,,2.8707901408462932
PCL_PCL0452,2,fold2,1,,0.00043573869908726005,,5.092804846867344,,3.4893444111283363,,2.8539301358224045,,7.952812535055105,,4.089371867650451,,3.3487587021146004
PCL_PCL0453,2,fold2,1,,0.0004333356963860859,,5.0943003228257275,,3.3427221227903963,,2.681022771326246,,7.347577116771932,,3.6036722681145332,,2.83704575060916
PCL_PCL0454,2,fold2,1,,0.00043356087861168985,,5.004577809469492,,3.2576083598026035,,2.7128481368573105,,7.180491546112396,,4.415438725073683,,3.48712341579897
PCL_PCL0455,2,fold2,1,,0.00043358559768823593,,5.698947629888618,,3.5017941648424933,,2.696339339179968,,6.985931448702567,,4.132990238389492,,3.210897999912983
PCL_PCL0456,2,fold2,1,,0.0004353954562578994,,4.592269934817678,,2.8731376724152944,,2.408078644533073,,8.003339098018873,,3.628571640862452,,2.950890965853773
PCL_PCL0457,2,fold2,1,,0.00043280467881157657,,5.829442214476552,,3.8266326271354485,,2.9508263004962125,,7.105679196563661,,3.9461461255716337,,3.031265534946299
PCL_PCL0458,2,fold2,1,,0.0004335298706325385,,5.389776122618182,,3.5547775479071824,,2.7011705219249356,,7.438720035188906,,4.258075912570793,,3.1950627531000686
PCL_PCL0459,2,fold2,1,,0.00043572339916664315,,5.4592367059747415,,3.571100329311989,,2.9291674224514916,,7.786348038384146,,4.226750154869848,,3.3933935622882765
PCL_PCL0460,2,fold2,1,,0.00043371492373421756,,5.565603779579554,,3.7807054905105404,,2.9502973308914737,,8.173924553079729,,5.139382927649158,,4.072825509169114
PCL_PCL0461,2,fold2,1,,0.0004363682944996169,,4.6529894006731505,,2.9830503193585844,,2.5419189857286875,,7.790011579370247,,3.9695167835060707,,3.2165921149153704
PCL_PCL0462,2,fold2,1,,0.00043534219534903905,,4.688677943749014,,2.8671247060075347,,2.347499568136433,,7.79780212609914,,3.787085898678467,,3.0344450235608447
PCL_PCL0463,2,fold2,1,,0.0004355940159729392,,4.986253869788252,,3.0904836114234975,,2.51968099382683,,7.475081322999472,,3.9224315194291304,,3.0209134383212892
PCL_PCL0464,2,fold2,1,,0.00043552197016006634,,4.82383926773439,,3.0946371478110617,,2.48872712919814,,7.312452211283346,,3.712998685724857,,2.9197719316566197
PCL_PCL0465,2,fold2,1,,0.00043557146154765,,4.64846131359603,,3.0382437206849398,,2.5487411198800323,,7.692132243841558,,3.949525175814709,,3.1281561473071124
PCL_PCL0466,2,fold2,1,,0.0004343400416233715,,5.065018288559227,,3.1675132620646615,,2.5689428350944183,,7.989752095311377,,4.131505044831771,,3.1313905296744524
PCL_PCL0467,2,fold2,1,,0.00043445796206270475,,4.7963852828090685,,3.2224416702989616,,2.6715250720494867,,7.853009780955496,,4.068126114627527,,3.2579824097025543
PCL_PCL0468,2,fold2,1,,0.00043659350160918375,,4.822391865127787,,3.1318730402812256,,2.593416538013578,,7.756231927144375,,4.1306603773691775,,3.2701933511837025
PCL_PCL0469,2,fold2,1,,0.00043635931496543816,,4.983860661972636,,3.3307568286929,,2.6982778345535534,,8.104798720034312,,4.253840508870606,,3.420007282648047
PCL_PCL0470,2,fold2,1,,0.00043662589775245,,5.281720645992561,,3.352092753256194,,2.683760630943148,,7.738814541420118,,3.937973372601539,,3.07255978793249
PCL_PCL0471,2,fold2,1,,0.0004345076665347031,,4.867354077019563,,3.266493090368812,,2.7078566238962405,,7.899216492527412,,4.046694544333209,,3.222321228015979
PCL_PCL0472,2,fold2,1,,0.0004361192380678003,,4.6364758111857,,2.9310123188390937,,2.4528198136095343,,7.707528416785694,,3.7968121531970427,,2.982491155928887
PCL_PCL0539,2,fold2,1,,0.00043117714534870316,,5.383405748956111,,3.810232524140439,,3.048268265935619,,7.007659991113364,,4.956055894241205,,4.003281309504895
PCL_PCL0540,2,fold2,1,,0.0004272863407147349,,5.642524814911211,,4.102904698946115,,3.269719392121929,,7.492536750500006,,5.110990521368524,,4.152314395024656
PCL_PCL0541,2,fold2,1,,0.00043131255733304397,,6.758551616388378,,4.539437886802933,,3.492584389530673,,8.74642741496582,,5.9786710400068594,,4.87408009340943
PCL_PCL0542,2,fold2,1,,0.0004262340894791699,,6.733597889248256,,4.5120435731631625,,3.449589289140673,,8.889868414605692,,6.216427920746172,,4.9724878857397234
PCL_PCL0543,2,fold2,1,,0.0004208870671694818,,5.9659983404438135,,4.128473392142647,,3.285116829227104,,8.270930323010386,,5.834257719241646,,4.6743267761322285
PCL_PCL0544,2,fold2,1,,0.00042245215090729385,,5.68216516876872,,3.7951343613202,,3.0728020010000883,,7.9862302158355805,,5.333488977143885,,4.136558550654218
PCL_PCL0545,2,fold2,1,,0.00042400147341456647,,5.834403407317794,,3.916672605510121,,3.0371855147589044,,7.999629422504856,,5.437632896761593,,4.1463848564273516
PCL_PCL0546,2,fold2,1,,0.0004260032266809235,,5.662855872052933,,3.751467769952625,,3.074317007324123,,7.621008821440496,,5.057861475871679,,4.159863108909234
PCL_PCL0547,2,fold2,1,,0.00043195484576280703,,5.280506233049649,,3.6391467095560337,,2.97316063019026,,7.798472537234197,,4.507838260565119,,3.653298953515484
PCL_PCL0548,2,fold2,1,,0.00042026996914399165,,5.92909739789239,,4.361155984655916,,3.4663372748891295,,7.644341526346295,,5.524336267162907,,4.485177791312603
PCL_PCL0549,2,fold2,1,,0.0004229155759041727,,5.4301648499323845,,4.214861761642115,,3.336068481464315,,7.947469567763617,,5.620820743465375,,4.428364347686697
PCL_PCL0565,2,fold2,1,,0.00042499218818580625,,5.791360332844574,,4.294034029080264,,3.446105763881553,,8.280633641770493,,5.6038823867383,,4.588484711300944
PCL_PCL0567,2,fold2,1,,0.0004332019924908389,,5.452437836762295,,4.30719694320265,,3.4628221776688313,,7.4828378667953555,,5.32151485945571,,4.247404030498137
PCL_PCL0578,2,fold2,1,,0.0004121736635287806,,6.430297698942276,,4.525848889106641,,3.4660813914467643,,7.598623218287649,,5.9006171029942145,,4.507301176571846
PCL_PCL0579,2,fold2,1,,0.0004004705029619082,,5.599497244213456,,2.9564203357602343,,2.397770798315455,,7.188486827605917,,4.50620198478223,,3.4233357445213763
PCL_PCL0584,2,fold2,1,,0.0004082205560271019,,5.211986271693566,,2.444486229778934,,2.050265548930208,,7.608796967604972,,4.384766903935343,,3.3345967739484825
PCL_PCL0586,2,fold2,1,,0.0004074612818959489,,5.8265875436470465,,2.294793475524942,,1.8933702969045303,,7.8782378517447835,,3.804409907390523,,2.7940865712127176
PCL_PCL0589,2,fold2,1,,0.00043225195679832615,,5.266180541901672,,2.5705739347054886,,2.0749879448987434,,7.403081130295518,,3.8690078243486012,,2.930995946352135
PCL_PCL0592,2,fold2,1,,0.00043364670523139866,,5.145316997312933,,2.3561331293098133,,1.9878755031333222,,6.820179422261776,,3.095552417846261,,2.5409183293150908
PCL_PCL0602,2,fold2,1,,0.0004081698765451159,,6.169538660629901,,3.1668796056514528,,2.5662695686927943,,8.220485580395218,,5.634551940281289,,4.392834742544936
PCL_PCL0604,2,fold2,1,,0.00040359507650773903,,6.17441161232898,,2.996460443026618,,2.440388914904037,,8.133717706046683,,5.0128447827081075,,3.7612548824508125
PCL_PCL0606,2,fold2,1,,0.0004089529604403182,,6.277939234468716,,3.124982911813628,,2.598334426398145,,7.810262581264211,,5.273914344202061,,4.14040047129264
PCL_PCL0608,2,fold2,1,,0.0004048340660802209,,4.93926654468749,,2.2853949957459685,,1.9212708061511705,,7.566645303670277,,3.326284117376535,,2.5354100118921403
PCL_PCL0609,2,fold2,1,,0.00040357016086006205,,5.353177432247817,,2.210765421502423,,1.8374958035594606,,7.663970231823414,,2.9092520007507563,,2.403240128038017
PCL_PCL0611,2,fold2,1,,0.0004076615401259597,,6.637889996854381,,3.081075719925643,,2.510939337941778,,8.33636972751308,,5.370956775990063,,4.140976875893983
PCL_PCL0617,2,fold2,1,,0.00040599002058913473,,5.732580971938968,,2.5953056480062946,,2.136089354108568,,7.72240012312055,,3.5476730242720613,,2.8594704330593568
PCL_PCL0618,2,fold2,1,,0.0004052641530866898,,5.837732676315553,,2.9159658018603984,,2.377506508740385,,7.831049433752013,,5.176117177391931,,3.9541534261188014
PCL_PCL0629,2,fold2,1,,0.00040025096230347085,,5.545240262405598,,2.7906056516821725,,2.27273628845578,,6.82641974882654,,3.827393062793442,,2.9161836003235315
PCL_PCL0633,2,fold2,1,,0.0004050095064529885,,6.417620043886813,,3.0513561705265393,,2.4633566744483693,,8.971199580371495,,5.324249283538182,,4.203665177977785
PCL_PCL0637,2,fold2,1,,0.0004099158445932758,,5.806837541920872,,2.794236700383464,,2.2806976638150083,,7.139430984255681,,4.06049352216252,,3.0778200966587708
PCL_PCL0647,2,fold2,1,,0.0004002606613678489,,5.9489525107387635,,2.626652710566127,,2.1761509079726062,,8.230381916054798,,3.6155662498397643,,2.8945288742939974
PCL_PCL0651,2,fold2,1,,0.0004011540597276351,,5.278031717151996,,2.5802431175124907,,2.0613796463371186,,7.607942172450907,,4.425443458052398,,3.2852410850624385
PCL_PCL0652,2,fold2,1,,0.0004008910998729333,,5.662156408824473,,2.6764051255221086,,2.2015270088846237,,8.281598246257234,,4.826726492679876,,3.4721701480162226
PCL_PCL0654,2,fold2,1,,0.0004148384047847342,,5.346012056259504,,2.363104261623924,,2.0912774010271162,,7.202490204277592,,3.5707589116079768,,2.7355335633801623
PCL_PCL0655,2,fold2,1,,0.0004148384047847342,,5.346012056259504,,2.363104261623924,,2.0912774010271162,,7.202490204277592,,3.5707589116079768,,2.7355335633801623
PCL_PCL0657,2,fold2,1,,0.00039858222966406877,,6.183185308793529,,3.025937681583293,,2.4498529925271146,,7.725974659129338,,4.2025810701850865,,3.126720768615871
PCL_PCL0661,2,fold2,1,,0.0004051768330175943,,5.555105559370092,,2.629572074426928,,2.125147104647263,,8.189411914905603,,3.524095248492442,,2.617666145309555
PCL_PCL0663,2,fold2,1,,0.0004105986690619741,,5.2821303699292,,2.671015328923366,,2.21769424323903,,6.617167486393472,,3.839113684620352,,2.7863796423082574
PCL_PCL0682,2,fold2,1,,0.0003988975303474869,,5.615548728726435,,2.7607119875407924,,2.2519947833425333,,8.430372533080392,,4.8520294695728206,,3.511763707795343
PCL_PCL0687,2,fold2,1,,0.0004261929909619572,,5.534596704337754,,2.5342516659239833,,2.0899484081162907,,7.387615827625565,,3.3332841589433366,,2.524073604880846
PCL_PCL0697,2,fold2,1,,0.0004044641719891315,,5.225253504346258,,2.5415342997841863,,2.0763259665564906,,7.333650419982307,,3.788768320379174,,2.814207030327827
PCL_PCL0707,2,fold2,1,,0.00042197528106593593,,5.96085002073186,,2.740963557583292,,2.358234768186897,,7.31689263564187,,3.6192059689180307,,2.8092036387286963
PCL_PCL0708,2,fold2,1,,0.00042295365775983293,,5.933961638105479,,2.7506646393380416,,2.281102892412072,,7.372533653560655,,3.5708215990283816,,2.696328396664358
PCL_PCL0709,2,fold2,1,,0.0004135236640727333,,6.025370168494548,,2.968025527232634,,2.3519789603070262,,7.325414488080431,,4.491577567300933,,3.4919237643422822
PCL_PCL0710,2,fold2,1,,0.00040367071660158717,,5.718353659541458,,2.57932418211718,,2.1777352633593194,,7.381410032848542,,3.929809622360247,,2.931531752464168
PCL_PCL0713,2,fold2,1,,0.0004131669223338928,,5.754554935792076,,2.8608704308663104,,2.33997514821454,,7.384942971389199,,4.133722226034043,,3.0952220698631665
PCL_PCL0714,2,fold2,1,,0.00041265174657557045,,5.905317349362854,,2.624180068755043,,2.2157084109176832,,7.419271270172525,,3.4364160708588702,,2.6075943152120775
PCL_PCL0715,2,fold2,1,,0.0004079781354782257,,5.860316714622433,,2.7185016383353755,,2.2993187147558913,,7.38871006468694,,4.232292825784487,,3.301240482737112
PCL_PCL0716,2,fold2,1,,0.00041417675057251087,,6.077450984177411,,2.7042858474140514,,2.3196901378727524,,7.981657345644465,,4.379046973905167,,3.326970017348587
PCL_PCL0720,2,fold2,1,,0.0004320881474224273,,5.97295987875545,,2.9361217217960203,,2.3328914715167404,,7.316676446984348,,4.540312202725946,,3.5575886843531768
PCL_PCL0725,2,fold2,1,,0.0004063467084146101,,6.1064148677499785,,3.0318713610172106,,2.455444631924016,,7.6498392763616065,,4.992526041050642,,3.709054554697107
PCL_PCL0726,2,fold2,1,,0.00041306591824927415,,5.925582238631806,,2.9358971409318366,,2.4286504320619424,,7.436204708246068,,4.8946459900417345,,3.6293384065059473
PCL_PCL0735,2,fold2,1,,0.00042127634165592745,,5.674556473360741,,2.730778709963767,,2.241182224836236,,8.011419946431253,,5.010337005157583,,3.703174764762302
PCL_PCL0736,2,fold2,1,,0.0004216564464704607,,5.743987941087832,,2.6644183730343287,,2.1676072960891437,,7.639058058545976,,4.409707661729877,,3.1876689235491553
PCL_PCL0742,2,fold2,1,,0.00042058174853122805,,5.587794565778294,,2.626709948641272,,2.133497761940341,,7.544881113291611,,4.651401527554205,,3.411727885941675
PCL_PCL0743,2,fold2,1,,0.0004139291011590815,,5.9246712285901335,,2.9484857310373513,,2.320430680940996,,7.6479563368336665,,4.867302267659069,,3.833580762649584
PCL_PCL0744,2,fold2,1,,0.00041635290334698753,,5.548967834735458,,2.952060373151978,,2.424565116591743,,7.643317056192536,,4.901688855690773,,3.6135201055305135
PCL_PCL0745,2,fold2,1,,0.00041466299414319625,,6.080181621039097,,2.857837992661637,,2.3124512658248295,,7.595220719577315,,4.669443763238839,,3.512019854804941
PCL_PCL0746,2,fold2,1,,0.0004202175925783723,,5.416849096559682,,2.6305872044164067,,2.1071487761223784,,7.753223074865167,,4.436063644280713,,3.4178567368044135
PCL_PCL0748,2,fold2,1,,0.0004222536585232247,,5.94543996184206,,2.7156810108953247,,2.142575130992588,,8.212913369552748,,4.713103356807962,,3.5256499440307483
PCL_PCL0749,2,fold2,1,,0.00042118810480619266,,5.928495876987367,,2.649530131538279,,2.07997139041163,,8.317142342086072,,4.616330797461393,,3.4205520419444757
PCL_PCL0750,2,fold2,1,,0.0004300614479291476,,5.879665302209931,,2.604903588302366,,2.1659777846047823,,7.972606924444255,,4.5799076760987525,,3.2968106218372437
PCL_PCL0754,2,fold2,1,,0.0004324174793167903,,6.189388969737018,,2.7400837128909705,,2.271832286477612,,8.409348285836806,,4.881817599719246,,3.477442659770179
PCL_PCL0793,2,fold2,1,0.00041297644476012924,0.000400216644535642,10.510538168930829,5.5387169694442875,1.7349992672672978,2.362859188934943,1.24777390743258,2.020955528362017,14.112292879725157,7.733412211108357,1.8844564789627103,3.8149788663986346,1.2896339777144634,3.0117736709056517
PCL_PCL0794,2,fold2,1,0.0004151852099796227,0.00040173041094570226,5.286225632716635,4.788882983318175,1.6045187391821427,2.3440121364667776,1.3190853412182464,2.047663900359737,5.86153305370815,7.461861665081045,1.649989024015674,3.2482858145526174,1.3403032720549353,2.4802452183852206
PCL_PCL0795,2,fold2,1,0.00041528787635068264,0.0004001978635807899,5.593665481962996,5.2447736043380795,1.3543629617772575,2.3755430142807406,1.124464501203305,1.96045755140151,6.0,7.23502809586583,1.3953130677118768,3.3892467968046995,1.1386175544935309,2.5898866956072646
PCL_PCL0796,2,fold2,1,0.00041525805182823604,0.0003997486166022468,,4.921351642066659,,2.5729935242902857,,2.2122888467844275,,7.516987990779917,,4.132175088371798,,3.098693577498213
PCL_PCL0822,2,fold2,1,0.00041254713323910853,0.00040190361063338793,3.639731684625482,5.444170092262014,1.449686867624702,2.3334395957540854,1.2233784240703627,1.969051931013982,7.430766526854,7.87853758716638,2.5527955989683644,3.5134033715244963,1.8318045851253453,2.5866801911747594
PCL_PCL0823,2,fold2,1,0.0004213400762487265,0.0003994999398387322,,5.294844025325759,,2.434048018836009,,1.9478506248273326,,7.6899310339955145,,3.7506225719548323,,2.7293710711878485
PCL_PCL0824,2,fold2,1,0.0004224626668096625,0.0003995247993068569,,5.4440376246306945,,2.4577590288029385,,1.98901387247963,,7.4663500285727205,,3.522457696906699,,2.593514587741696
PCL_PCL0827,2,fold2,1,0.0004223104371961799,0.0004012594155474881,5.359503784390754,5.822841670566054,2.1377695551784437,3.007002186722725,1.7909583740978532,2.56585227293812,9.89206272406748,8.585180224013895,2.337875905691162,4.35495601553443,1.827301477834986,3.38971287484685
PCL_PCL0828,2,fold2,1,0.00040728089437569876,0.00040333702019987316,4.68326708626946,4.950064444008537,2.1656981948722613,2.1522065565384083,1.6124702981599213,1.79049787094717,5.0,7.663419781086122,2.2510418173360978,3.097107319742075,1.6538121872240208,2.401865384394818
PCL_PCL0829,2,fold2,1,0.0003869802305515521,0.0003997779858331812,7.126440236003265,5.142680932816558,4.735111119167556,2.985182575438119,3.8438688056408257,2.4345834577883765,9.0,7.934926386116186,6.628334347766555,4.9735208395594395,5.721375537319266,3.580831822632322
PCL_PCL0830,2,fold2,1,0.00041504808578104297,0.00040202401298099037,,4.8381160975279425,,2.2501262990978663,,1.8521504849178276,,7.624517735236733,,3.2332325422164043,,2.5100703253405663
PCL_PCL0831,2,fold2,1,0.00041358063502188234,0.0004004967502231997,3.4541193780403616,4.954627546542817,1.2027807070613292,2.3918780384217837,1.0748911104681018,1.9064363033401142,8.180578134074123,7.319771763065812,1.49188609530194,3.535579856360686,1.1732698790402538,2.6243076977219606
PCL_PCL0835,2,fold2,1,0.00041729292408614093,0.00040240211225506424,,5.4200154344756175,,2.2188829661220457,,1.8200656434956863,,7.473314960643725,,3.0897922888704294,,2.4854588244248883
PCL_PCL0836,2,fold2,1,0.00038842724725534575,0.00039846418292641995,4.296232684417034,5.399679961254384,3.131186486022211,2.711867381457497,2.7281858921177013,2.2728818114013523,5.0,7.009253221522574,3.6817362563312805,3.858158735187258,3.169014084507042,3.007478815389138
PCL_PCL0837,2,fold2,1,0.00040332628203949177,0.00039934186188802373,3.8632754555554136,5.247915694447135,1.8175151647485277,2.5438439394396237,1.4381424412690937,2.210615939442326,9.861207495704424,7.558396059350397,4.224522942279306,3.8425377670914047,3.311684580796592,2.9564613491108664
PCL_PCL0838,2,fold2,1,0.0004189978092195211,0.0003996253308502645,,5.7420037250115215,,2.6889942507450932,,2.225186035109021,,8.108514386684272,,4.09435141929779,,3.0419554270522906
PCL_PCL0846,2,fold2,1,0.0004125505128568124,0.00039896378202835744,8.05280252274579,5.614237497316822,2.774933453703666,2.5006410204374143,2.075148830758764,2.0362383969142157,8.890101015133885,7.695488937503355,3.1247997852062475,3.6650763443082033,2.3614450525945903,2.80006863796861
PCL_PCL0847,2,fold2,1,0.0004119694328164716,0.00039862161636223213,6.363908300585289,5.420590394801445,2.1273885529416687,2.40559954902885,1.5239047338484482,2.014115253453138,7.0,7.559947539290546,2.302486327498314,3.3492732806687537,1.6004443033957472,2.517427048732825
PCL_PCL0850,2,fold2,1,0.00041101405551942214,0.0004029074467989512,4.585179230468862,5.647577862785438,1.9914560126510616,2.641647641676047,1.4842248005141228,2.2231936840439723,5.0,8.491836365759143,2.1831858541428097,3.693487153657787,1.5874540830743145,2.790840494580973
PCL_PCL0851,2,fold2,1,0.0004133801520015179,0.0003996904229752636,5.019104999401836,5.385286451898191,1.5663508173366818,2.383593551860722,1.2334579627502646,1.9621723400640096,6.4304286821588725,7.426835262844706,1.6207428844866985,3.6689811413199145,1.2452454364112975,2.7033419213126564
PCL_PCL0852,2,fold2,1,0.0004159242717688488,0.00039960866182843155,8.028679625214876,5.334175544119622,1.9377802984421708,2.633494914652827,1.4310940607102531,2.112690265187634,9.892048934785523,7.416066456550177,2.047768521103728,3.709804209999132,1.471165238418164,2.6883356528557836
PCL_PCL0853,2,fold2,1,0.00041943384687827723,0.00040068665234094594,,5.019042994933417,,2.2334615018156554,,1.876014157482307,,7.214370731870703,,3.8498799914957913,,2.8706015901805406
PCL_PCL0854,2,fold2,1,0.00041862337216689525,0.00039785210597576524,4.747743669225251,5.321753301537159,1.818269725570984,2.490881178059086,1.4069793684531884,2.0293345406094203,5.0,7.860452275746904,1.8607677123988202,4.007091936807306,1.4233417440020526,2.9970990934040485
PCL_PCL0855,2,fold2,1,0.0004205430469352567,0.00039793442421738427,4.683267093627151,5.6296676395932215,2.04817042330057,2.635999757306641,1.8046191088999324,2.12026390519677,5.0,7.953917884270574,2.1298893765378075,4.054736006422843,1.8764107565835308,3.040744774870044
PCL_PCL0856,2,fold2,1,0.0004216787054754992,0.000403869437397111,6.43447639503554,4.97118491852106,1.1282733431643206,2.454329487958345,1.0377740359584255,2.003951804099801,6.8916729465338555,7.1806491722506065,1.145424991150821,3.6483972510230145,1.0430804557800057,2.7479390490974476
PCL_PCL0857,2,fold2,1,0.0004185083096995034,0.0004022278992487499,,4.972021750161328,,2.4544162917382284,,2.0044763786163884,,7.208231811297001,,3.748927402366038,,2.741428711682942
PCL_PCL0858,2,fold2,1,0.0004092428981995394,0.0004021371982396403,4.883742284523044,5.092833524200584,1.4617800092257438,2.114540822899439,1.1999355602141828,1.8274451860345056,8.860971209105248,8.062962259101116,2.5422418778256177,3.445977616044553,1.7001952709853008,2.560979031414099
PCL_PCL0861,2,fold2,1,0.00041603941868374245,0.0004000173762276661,4.6142800690304595,5.624780975401675,1.3680309638293726,2.555053343556939,1.1834686865468917,2.0253867871291606,7.885584676051235,8.20479560987586,2.1449446793694467,3.7002182865074467,1.6537552834813958,2.633037629575457
PCL_PCL0862,2,fold2,1,0.0004063513760174438,0.00039903188550895197,3.720819690956823,5.392424887929311,1.3206097915195367,2.700414045766019,1.1448044578077654,2.250674045592304,5.857807936381257,7.637409833814059,1.8741297060244746,4.787538545300185,1.417325871392943,3.641145039413575
PCL_PCL0863,2,fold2,1,0.000400639203748873,0.00040274423612087114,,5.227275270829286,,2.1101538334249734,,1.8087905839380078,,7.61457907773591,,2.962652372498008,,2.2929327062024614
PCL_PCL0864,2,fold2,1,0.00040446283279939717,0.00039922688009572625,6.374413723086632,4.892268346925488,1.926651364914508,2.367267703173775,1.5113215480274638,1.9510021277677692,8.860386398575866,7.499150758422456,2.487188461884218,3.5583700197381467,1.693214099320204,2.741000818149313
PCL_PCL0865,2,fold2,1,0.00039914079339321823,0.00040099825869743116,6.228086375064021,5.362447321656072,2.692639740072231,2.4721381675046197,2.224410707204009,1.898391155415823,6.855377566511337,8.094486629956045,2.8174240943000384,4.429493408791725,2.2840363053924184,3.1950460430693175
PCL_PCL0866,2,fold2,1,0.00040601299980597117,0.0003983795403315806,,5.694418397033104,,2.640964302667271,,2.2324737454614936,,7.615607698801764,,3.6635289138915565,,2.9523762285842965
PCL_PCL0869,2,fold2,1,0.000422794281734238,0.00040072859496104174,,5.327921792381676,,2.434785205146757,,2.0137603330550475,,7.353899675055288,,3.4749385619676474,,2.632280259725111
PCL_PCL0870,2,fold2,1,0.0004193345381205095,0.0003987011368099466,6.500442261326841,5.764033090583324,2.1378280899094997,2.678640149076609,1.6611411393991848,2.1787914648674387,7.0,7.895592874888653,2.1921877012643405,4.056912043725287,1.680843817187134,3.1328431210953074
PCL_PCL0871,2,fold2,1,0.0004085840652710835,0.00040162965725157145,4.162987746215691,4.897589230414995,1.2657677746649518,2.2168117743609077,1.1097725654122483,1.7961063891313032,8.860607237334678,7.411386913455789,2.0252407235442234,3.05926470626621,1.4039050639368866,2.3682002882844406
PCL_PCL0896,2,fold2,1,0.0004081615260604069,0.0003978316216242013,4.949922756625274,5.312880860311733,1.334138998767793,2.6081214796547245,1.1726485653443168,2.0354494400253618,8.182724531920735,8.179253978059785,1.9177346505140611,3.7815957685496993,1.5164485712524909,2.860379536029116
PCL_PCL0905,2,fold2,1,0.00041652163608415756,0.0003984881106219671,3.1219463700523047,5.549939607663462,1.1261183294048887,2.5596809961201408,1.0425699523340668,2.122220792472294,5.43026481032391,9.422183798300557,1.2986766965905667,4.4757535562889,1.1024635542564496,3.22271931597291
PCL_PCL0906,2,fold2,1,0.0004110608814259034,0.00039801954604428216,8.337610651501029,5.309469254849946,3.7224539605080063,2.4769615944107266,2.755455834768879,2.0052862183933917,10.0,8.44681952214041,4.311854418047031,3.5248949300000523,3.153754469606675,2.6727082122359413
PCL_PCL0907,2,fold2,1,0.00041460900390688396,0.00040085126022682514,3.4544119288706163,5.208231587761222,1.1693115957106397,2.447916244578088,1.0584353611961261,1.9901205782272215,6.244159753758273,8.406457375595314,1.3721972803627762,3.5605213626328402,1.1248894845501227,2.738927879341927
PCL_PCL0909,2,fold2,1,0.0004127932705965375,0.0003985817428196585,9.74518906309698,5.793939679522365,2.9498131673441117,2.858791364148825,2.1237212698648595,2.328326745191868,14.923583803855553,8.656815117110053,4.3646421299509806,5.354995380407636,3.044049507458715,4.2075520761343075
PCL_PCL0910,2,fold2,1,0.0004185510632063403,0.00040168800235806934,,5.325728365281712,,2.4280783983927585,,2.0214599283528063,,7.9976079066790975,,4.3150412827633,,3.210113598613944
PCL_PCL0911,2,fold2,1,0.00041721154443611193,0.0003981223426112509,7.251893862358033,5.982659082390216,2.596420206030231,2.825310741020546,1.9951714432967622,2.2699188642378503,7.861193617056731,8.514289678894421,2.792705981404069,4.107945474647144,2.1277757435816964,3.0735532341598093
PCL_PCL0912,2,fold2,1,0.0004137826351065426,0.0003987145297867003,5.595652830935011,5.414097634973904,1.7953106444034275,2.710736119171228,1.337599116170038,2.16121726706366,7.430799830174956,9.04505775651508,1.8995099961748545,4.352409136196848,1.3691697417403743,3.1525273274600756
PCL_PCL0921,2,fold2,1,0.00042656689697881357,0.0004323779711393194,,6.009570335095759,,4.143899989491902,,3.35345012329055,,7.737807161701377,,4.627647328494156,,3.7485517407834545
PCL_PCL0922,2,fold2,1,0.0004165759708816355,0.0004303369204223372,,6.086445245638905,,4.147767001968144,,3.345308550137062,,7.769996675661087,,4.461256551040133,,3.5241657212192345
PCL_PCL0923,2,fold2,1,0.00042786507106936685,0.0004322418807028404,,6.400353331851966,,4.493516248861644,,3.3958524995075576,,7.577506678102092,,5.298395547966184,,4.27268249904125
PCL_PCL0924,2,fold2,1,0.0004406267293349645,0.0004304629198896969,,6.398779193311128,,4.5506460838269644,,3.5420041585349993,,7.822436312948158,,5.119413609743441,,4.004895148195838
PCL_PCL0925,2,fold2,1,0.00042663374559325813,0.0004312869953170609,7.5354419413832465,6.34870824656833,6.686581616798706,4.097201280945993,5.688867870531844,3.144633587066963,7.903507132974818,7.400341484386639,7.571038022803996,4.286553029283761,6.923076923076923,3.3917814077799404
PCL_PCL0926,2,fold2,1,0.00042215552061747525,0.00043141504307725106,5.098082915299481,5.835458398710526,4.146442136779708,3.7761131080134467,3.5028956504665327,3.043256338033553,8.579124386214426,7.697428415393759,6.405551468507335,4.622810996520647,5.0163934426229515,3.808658066983341
PCL_PCL0927,2,fold2,1,0.0004264989576284606,0.00043154275467491635,6.523693802116249,6.083173851953182,4.309905221563232,3.810911693755735,3.270265028593784,3.0107985979233423,9.126965613698049,7.802755698822908,6.143993098987382,4.968991816705765,4.432469304229196,3.9046085353476925
PCL_PCL0928,2,fold2,1,0.00042538480143685975,0.00043060925599018585,8.090732678017583,6.378025134679662,5.029226275338408,4.365131604536714,3.242502745606318,3.2901082451954173,10.811150881061533,7.31270643228607,6.773411436669185,5.138206585311856,4.415944540727903,3.984282466883371
PCL_PCL0929,2,fold2,1,0.00041646743299073654,0.00041078814638588826,7.951479220163988,5.443126704640341,5.852285931024859,3.7761646081283655,4.476113006755517,3.007796844518017,9.836863188256,6.953928289923769,8.495038595245125,5.288473699711639,7.669592976855547,4.1154947050258555
PCL_PCL0930,2,fold2,1,0.00041110224172376855,0.000408773387361179,6.806873558307917,5.74686090838994,5.51235824313438,3.85891856458124,4.652279754599816,3.0149645359710497,9.235100310007027,7.170822333288114,7.412410690050032,5.410419036603528,6.692200557103065,4.182294710443252
PCL_PCL0931,2,fold2,1,0.0004138535307573844,0.0004073466370572605,6.587364901426667,5.739688725629662,3.5618199943179008,3.8694260753004612,2.7095635948582277,3.002023703547115,7.239856841075676,7.111780740597802,3.9962225843940584,5.502003655674983,3.0122853126337024,4.2527457534780355
PCL_PCL0932,2,fold2,1,0.0004178863040145803,0.0004073466370572605,4.920972005006365,5.739688725629662,4.486929617771093,3.8694260753004612,4.027215682018544,3.002023703547115,5.399322812958219,7.111780740597802,5.227781475734789,5.502003655674983,5.032258064516127,4.2527457534780355
PCL_PCL0949,2,fold2,1,0.00041671561867811217,0.0004254729142515023,4.340915100599973,5.806273153251004,4.328074770396125,4.015050525463192,4.034032781169603,3.1539831915581282,5.549705327499999,8.435506899886109,6.023607985128628,5.402164583375509,6.136986301369862,4.237232543519008
PCL_PCL0950,2,fold2,1,0.0004137984765629594,0.00042730015080120684,4.669691092696467,5.785277959203577,3.6923134824707677,4.210309658165997,2.8693840149265184,3.2797409706400997,7.06795876328963,8.410456359581197,4.976972552169672,5.544976568918031,3.543307086614174,4.4686894492734135
PCL_PCL0951,2,fold2,1,0.0004386236266157355,0.00043036614340638893,3.938013563508526,6.039657304184652,3.724524834652569,4.360437091279412,3.346973136573204,3.459210636244685,6.116534071677406,7.539794732247927,5.779844992230653,5.536575486109932,4.801829268292637,4.356919457814927
PCL_PCL0952,2,fold2,1,0.0004331497915091629,0.00042957928564817636,5.3985316991990615,6.097520871127575,3.8174435236093593,4.378474167231013,2.816971612576208,3.4476274042590664,10.071591611651716,7.602396344982612,5.648183576680108,5.640479569353705,3.546683837733419,4.406455876674484
PCL_PCL1240,2,fold2,1,0.00039875421750679217,0.00040296122505432096,8.514937897906702,6.370079297376546,5.118626546607069,4.4719515985708576,3.6066149672445027,3.418398982950005,9.845909374747924,9.116257269552534,6.703959843656611,5.4815632195901465,5.145080239909222,4.310890003490664
PCL_PCL1241,2,fold2,1,0.00039568432991659316,0.00040315741640320653,4.850367191942898,6.113257723527272,2.8438260725957574,4.414826709484516,2.160289916375092,3.339807823174389,5.833894842772229,8.371639762880351,3.4331983815704263,5.897425277958184,2.6027296200663965,4.808050668516158
PCL_PCL1242,2,fold2,1,0.0004049338890027596,0.000418595304414314,,6.107755733965232,,4.249528294812956,,3.2967947670230853,,7.5751435609075175,,5.268246100604348,,3.9422092120123007
PCL_PCL1243,2,fold2,1,0.0003981601949644205,0.0004083704991475149,5.711942740954709,6.398193932153861,3.5463544200801693,4.644867028427906,2.6348817347692712,3.6705014546377503,6.834952306792606,7.934178023427486,4.36492308694282,5.724738288865068,3.3017386427369595,4.645838367961552
PCL_PCL1244,2,fold2,1,0.000409200441946776,0.00041397735788097426,4.238700323390692,6.319504706416887,3.4630057956953753,4.247027071972001,2.919139199494171,3.38854652749559,5.0,7.588344886437525,4.504478493400584,5.194312745174754,4.263157894736842,4.125514478312738
LT_1005,3,fold3,1,,0.0004159513186027964,,5.930598360479206,,2.5281782827347854,,2.1696579995157705,,7.4844929068105,,4.247794545871801,,3.217185855357744
LT_1007,3,fold3,1,,0.0004260904944170564,,5.876305936677611,,2.811729346915761,,2.4073513308824475,,6.966056782684418,,4.779798989264182,,3.7538629217474075
LT_1016,3,fold3,1,,0.00041893823099315754,,6.11871000641609,,3.649391891333779,,3.0200279747783796,,7.437477291912837,,4.028868422645886,,3.2012408538366475
LT_1020,3,fold3,1,,0.0004251926692447616,,5.9826266761441325,,2.495991182612095,,2.082571674157569,,7.681169115433747,,4.382359659927811,,3.3618173802267424
LT_1036,3,fold3,1,,0.0004266105733997643,,5.856626883130571,,2.739605764998833,,2.322010401552223,,7.454583950425102,,4.834149449493781,,3.7470456559443486
LT_1037,3,fold3,1,,0.00042209733049133544,,6.136882969713584,,2.931616912677688,,2.364018303655559,,7.288279594776673,,3.7842151305785183,,2.926790949755182
LT_105,3,fold3,1,,0.0004192708683897414,,6.526948732733356,,2.8029664289777902,,2.3217008812928843,,7.728545504138761,,4.124774239898975,,3.2183936906044854
LT_1051,3,fold3,1,,0.00042426943853500487,,5.848172556148626,,2.4307073034338864,,2.045982838343055,,7.606391149413652,,3.8408948213387033,,2.866128790761552
LT_1053,3,fold3,1,,0.0004202955024858405,,6.1813582413958255,,3.677931814148467,,3.079396938153535,,7.488904787076542,,4.764382449412177,,3.8701594952285556
LT_1055,3,fold3,1,,0.0004223169437392021,,6.058343211630709,,2.913966939346402,,2.3782979804265607,,7.432713014862197,,3.9162043244772407,,2.9979235596357916
LT_1056,3,fold3,1,,0.0004242490883821469,,5.994346005155008,,2.7829348098762754,,2.322841094347929,,7.220143148091672,,3.8122072954320236,,2.9438727487290985
LT_1057,3,fold3,1,,0.0004218451869954093,,5.909228825627378,,2.392472932180094,,2.0152896697859695,,7.366591108606813,,3.787310847167178,,2.863204335866355
LT_1058,3,fold3,1,,0.000423496457335951,,5.882153789448052,,2.345066833848543,,1.9494944497999875,,7.5113778285923525,,3.405164906073524,,2.523853918606003
LT_1059,3,fold3,1,,0.0004182796126518968,,5.781571858586429,,2.501097815427365,,2.114420693641816,,7.541096109077714,,4.2192534696495425,,3.2187078870343337
LT_1061,3,fold3,1,,0.00042386824100478643,,6.137428345162667,,2.66004485460859,,2.1692466381786195,,7.885172520319481,,4.201074983488657,,3.1317800770862627
LT_1062,3,fold3,1,,0.0004201662591983551,,6.002979190018577,,2.680375700650964,,2.320946810410983,,7.358834456893926,,4.3819047807702765,,3.4255595667725305
LT_1064,3,fold3,1,,0.00042123620256623306,,5.91764361753899,,3.685126218187445,,3.2325079048283314,,7.286213921881078,,4.999398943558436,,4.061760116600004
LT_1068,3,fold3,1,,0.00041952195635155953,,5.702530324559947,,2.2325037631960387,,1.8662840770177644,,7.028222600723415,,3.6778840337661953,,2.7399812303586364
LT_1070,3,fold3,1,,0.0004250249057798066,,6.3569951188636535,,3.1562746086023896,,2.646717505498815,,7.28729192262588,,5.024778069959255,,3.920576526268051
LT_1079,3,fold3,1,,0.0004241835883583116,,5.9708054898204015,,2.39149100119227,,2.021627153522159,,7.616329188969232,,3.499153966081738,,2.6298673070018843
LT_108,3,fold3,1,,0.00042219129421045345,,6.083957432406211,,3.01830081287435,,2.525351626852845,,7.436098475924349,,4.756508255379892,,3.7638475832528466
LT_1080,3,fold3,1,,0.00042045563481143446,,6.565385358373491,,2.76536507929478,,2.284063038856178,,7.796048941864185,,4.35011454637381,,3.407959157050072
LT_1089,3,fold3,1,,0.0004226695358248052,,5.955862350617287,,3.5086726175630445,,3.0106380377344335,,7.454807178590413,,4.036950721575558,,3.1993054115365056
LT_109,3,fold3,1,,0.00041904914769963497,,6.132004770345635,,2.3249456918905573,,1.9274439604759028,,7.771905512018679,,3.7970794329987876,,2.9173563294405804
LT_1090,3,fold3,1,,0.00041809968073002954,,5.9024164075655285,,2.5346429150401772,,2.147711808396484,,7.5507342038785605,,4.309780014836015,,3.3104782996728805
LT_1094,3,fold3,1,,0.00041960349446147974,,6.020159286309803,,3.579899464195922,,2.9910883416307863,,7.5780319320236655,,3.9491436754814275,,3.126613075876447
LT_110,3,fold3,1,,0.0004173834334463885,,6.040052285813408,,2.5921709256502985,,2.163717121404388,,7.77034095301398,,4.027442767585556,,3.1133277470212124
LT_1103,3,fold3,1,,0.00042436106912603806,,6.003414923435784,,2.5276628884296306,,2.0930281023128234,,7.412546973249435,,3.462144632950777,,2.6788955091243425
LT_1108,3,fold3,1,,0.000425345846897145,,5.778898865688002,,3.630869664679515,,3.162409604180483,,7.528233651691298,,4.916165306978457,,4.064759599959784
LT_1112,3,fold3,1,,0.0004194663576376628,,6.3065398111689674,,3.694631445944425,,3.070721272094172,,7.197214538680508,,4.209530679441274,,3.3683266887082923
LT_1113,3,fold3,1,,0.00042509834893948543,,5.931185931526873,,3.615890185018333,,3.163265167315821,,7.531284959007859,,5.003447523809214,,3.9035026107582613
LT_1114,3,fold3,1,,0.00041868746131491774,,6.017725806478366,,2.5083602058963086,,2.0920098499619555,,7.467479463023471,,3.531459754811248,,2.688691421367689
LT_1116,3,fold3,1,,0.00042393278977590106,,6.086238661449036,,2.497637890067216,,2.0819320751077197,,7.4837817721768625,,3.5604970978699653,,2.732682492258846
LT_1118,3,fold3,1,,0.00041803082915158746,,6.071943767745477,,2.6142316061458186,,2.1393746022418947,,7.776710377947312,,4.29634653592614,,3.184562479184472
LT_1119,3,fold3,1,,0.0004246906055537618,,5.971553669140472,,3.012407761929747,,2.506659710050905,,7.107097711255549,,4.689968047711061,,3.5967299488584428
LT_112,3,fold3,1,,0.00042190447912710156,,5.83816168176724,,2.909277586636161,,2.559481528124317,,7.510512658441285,,4.853669652442274,,3.8096705353496363
LT_1123,3,fold3,1,,0.0004220595845443615,,5.668472079100212,,3.0696901095223206,,2.5643550558881048,,7.042507729920543,,4.852066388861728,,3.839324441225216
LT_1126,3,fold3,1,,0.00042797923617709545,,5.741851034071367,,3.653373149579697,,3.0255535338429143,,7.066994515145415,,4.7441872039141115,,3.9717928915435543
LT_1127,3,fold3,1,,0.00041932186856689924,,6.2462057188489775,,3.627765489582955,,3.026704394379431,,7.728528010251464,,4.342460866410928,,3.4675363315809427
LT_1129,3,fold3,1,,0.00042479326487028686,,5.902786257202224,,2.599379531268483,,2.1749683057036298,,7.436015508435885,,4.209847700215362,,3.1711483193793684
LT_1133,3,fold3,1,,0.00042451472325638097,,5.794071131899923,,2.563689945839467,,2.1883860474104244,,7.538275486334747,,4.35388572443246,,3.439132571527293
LT_1138,3,fold3,1,,0.00043341962456400207,,5.652788572136852,,3.579749290511391,,2.9326716958521093,,6.8834786932086,,4.4748127144796825,,3.5557194921150663
LT_1139,3,fold3,1,,0.0004192031856910649,,6.068874608808368,,2.5741727873645592,,2.108525924622882,,7.446638836283418,,3.516739948044461,,2.76217657807085
LT_1147,3,fold3,1,,0.0004194885771765331,,6.22317680790374,,2.883125341834409,,2.3752854721836494,,7.487957633630722,,4.506158032900759,,3.5782332669348134
LT_1149,3,fold3,1,,0.0004214901408905302,,6.14244285739248,,2.481324018648391,,2.05669337975692,,7.687858662806423,,3.52704818463653,,2.7145564242948486
LT_115,3,fold3,1,,0.00042127121457266603,,6.201217589868764,,3.006852679786882,,2.5034098129477043,,7.474427731276855,,4.841472953947432,,3.815506965794821
LT_1153,3,fold3,1,,0.00041978338402020796,,6.433422775390586,,3.237158633662225,,2.671022841465507,,7.614510847628231,,4.826572923449337,,3.8022208590141537
LT_1164,3,fold3,1,,0.00041871116606405183,,6.452783385294828,,2.8821869542769516,,2.3493752431553263,,7.732472188911786,,3.8814385204694877,,3.0165705391556763
LT_117,3,fold3,1,,0.00041887407592025756,,6.366629626059106,,2.507276941403775,,2.0852176179487896,,7.813006046629039,,4.0827971821867495,,3.0646251526399464
LT_1178,3,fold3,1,,0.0004193535067814301,,6.013792148893885,,3.5394033490090946,,2.9704360834600507,,7.6928350967017725,,4.621120177725094,,3.6925340591224978
LT_1188,3,fold3,1,,0.0004174300396700501,,5.98063034689244,,2.2574487897647204,,1.9117904079721137,,7.3951427678945185,,3.3429699229934413,,2.541301625287852
LT_119,3,fold3,1,,0.00041793484278543347,,6.045359491404705,,2.3941006842730546,,2.019292634912627,,7.436262439239991,,3.7778186447741997,,2.9246956219908617
LT_1192,3,fold3,1,,0.00041893865140882683,,6.211511860467047,,3.444418293375659,,2.843159492017703,,7.634264438647142,,3.905290452960006,,3.0864175217895755
LT_1193,3,fold3,1,,0.00042105316283989024,,6.236108630835461,,3.0346599534704173,,2.566077840974506,,7.732546837914358,,4.829993011746631,,3.857589671151518
LT_1198,3,fold3,1,,0.00042119426890611586,,6.25534689881273,,3.142200379463734,,2.644621952214793,,7.266312133332997,,4.999879721155762,,3.8252231561193972
LT_1199,3,fold3,1,,0.00041938088762868454,,6.575348875039562,,3.9861101123138156,,3.2251461992028414,,7.604024122554774,,4.317626874509479,,3.6478829230531136
LT_1200,3,fold3,1,,0.000417373140519893,,6.434204191871434,,2.579654302644519,,2.1499621288726174,,7.948638230641062,,4.236089403382882,,3.277504932786143
LT_1202,3,fold3,1,,0.0004208653328493135,,6.083655988689134,,2.865420652322103,,2.4314878881116937,,7.4758678822014195,,4.611603929487077,,3.6457819165199363
LT_1203,3,fold3,1,,0.0004196740249739466,,5.792553679994445,,2.496131351567904,,2.1016739330245326,,7.494175304208016,,4.149494995850077,,3.190194795777535
LT_1226,3,fold3,1,,0.0004218741744640986,,5.745626502619188,,2.8609852822176207,,2.5107229591224045,,7.184353084609756,,4.735450630364923,,3.6896934189157005
LT_1228,3,fold3,1,,0.00042345307079715185,,6.342310830040419,,3.602070288219723,,3.0359143141673,,7.852114308074681,,4.2346477146274735,,3.332876445207873
LT_1230,3,fold3,1,,0.0004190681906805632,,6.076287645658162,,3.5362774975911924,,3.0323306600147677,,7.625443543457549,,4.588498929227966,,3.7790376117010567
LT_1231,3,fold3,1,,0.00042473619471710723,,5.887486589133558,,3.540458654122168,,2.925614316530092,,7.054423757099518,,4.2541626330524975,,3.4261299830087713
LT_1232,3,fold3,1,,0.00041938160691270925,,5.924099370993338,,2.593817345656052,,2.2180622093528415,,7.410857339825964,,4.128798854552786,,3.2361638822437797
LT_1246,3,fold3,1,,0.0004196308387077567,,6.121404382006008,,2.8241804500025194,,2.408443713891167,,7.8148151984196375,,4.707042392567535,,3.644749721427755
LT_125,3,fold3,1,,0.000420223169361026,,6.174250696263228,,3.1973156667995535,,2.695738356622901,,7.56770468667846,,4.9801616576880665,,3.797816152411228
LT_1250,3,fold3,1,,0.0004191539496406372,,6.467191485808081,,2.721365456566485,,2.2675746569562256,,7.97341559532153,,4.42359893105016,,3.3226784836426453
LT_126,3,fold3,1,,0.0004190503737525452,,5.824502845371874,,2.7989154517654864,,2.281250604447052,,7.347118774365028,,3.888169979218205,,2.9366575707900933
LT_1260,3,fold3,1,,0.00041919704769733876,,6.02097837331289,,2.5200173469591305,,2.112909357119918,,7.3365397068482885,,4.092714829918131,,3.0951292477208203
LT_1267,3,fold3,1,,0.0004176576907553419,,6.131075917595738,,3.5284507426952643,,3.021170104297236,,7.741241037283183,,4.7455981391008955,,3.84628147019275
LT_1269,3,fold3,1,,0.00041924545243769706,,6.134604452080497,,3.678356092351277,,3.0660040896774468,,7.551571371022528,,4.591904140348549,,3.642182862286799
LT_1272,3,fold3,1,,0.00041874782160308995,,6.300183790168109,,2.710726241090971,,2.246630300170991,,7.65645288424332,,3.6562564781107074,,2.8873521249558163
LT_1273,3,fold3,1,,0.00041833820522598104,,5.836325340079215,,3.5988298467151316,,3.0736230154191437,,7.501100990590245,,4.225160122189256,,3.3146654016412365
LT_1274,3,fold3,1,,0.0004186643997063696,,6.4750482272009515,,3.5061317680676027,,2.922252905551309,,7.840042679743413,,4.094226378735715,,3.3370362847261186
LT_128,3,fold3,1,,0.0004179171449481371,,6.155437429518397,,2.4925888831104848,,2.1088984537675164,,7.308278805710374,,4.118796612367323,,3.0917621225594867
LT_1284,3,fold3,1,,0.0004183372540242803,,5.969278327450338,,2.418431400576501,,2.0433560874102352,,7.680942033079303,,3.9365175172629767,,2.967338935895796
LT_1285,3,fold3,1,,0.00041811962513420287,,5.655167689906212,,2.519751367391333,,2.1503161470711083,,7.2962504868604645,,4.162103433220332,,3.199918722613318
LT_1287,3,fold3,1,,0.000417805729094424,,6.016397775099663,,2.668248622982874,,2.2445838013404384,,7.848353261895922,,4.359095779026863,,3.4242064658697444
LT_1288,3,fold3,1,,0.00041930489042568166,,6.10811431836911,,3.928067566463437,,3.3226157309684576,,7.5652070237071865,,5.154966648305061,,4.167756026510561
LT_129,3,fold3,1,,0.0004194148396790779,,6.132698390400093,,2.9329009986628796,,2.4076353357379947,,7.1877283407549015,,4.325537312935436,,3.142864659088791
LT_1290,3,fold3,1,,0.00041768931818060746,,5.871656007821448,,2.384189967300796,,1.9727739045153758,,7.545439587272715,,3.6990630408352185,,2.849178552198427
LT_1293,3,fold3,1,,0.0004210756081509306,,5.630031840678468,,3.4684796044716766,,2.9458529075715076,,7.131020908211938,,4.606509805974037,,3.8456523300988894
LT_1294,3,fold3,1,,0.00041702279491847606,,5.7936231206216355,,2.5765501058747735,,2.1768894655869,,7.365953192793618,,4.233238458836436,,3.3421428987239663
LT_13,3,fold3,1,,0.0004201752449523328,,6.2086702805742116,,3.7054029206277557,,3.142810366695898,,7.823926281280529,,4.983943361743849,,3.986234135480008
LT_130,3,fold3,1,,0.0004200435093787841,,6.214546238975102,,3.147073500547586,,2.6825293758286852,,7.462053858913608,,4.96892468521845,,3.7475541872843485
LT_131,3,fold3,1,,0.0004198235163441477,,5.986617335255853,,3.0596028182040063,,2.5762263808635826,,7.202354198587869,,4.874570643485549,,3.7439528542131932
LT_132,3,fold3,1,,0.000420748212436017,,5.613062803698326,,2.543179299848661,,2.204306767408963,,6.986133610601557,,4.367876492347501,,3.5212658297362682
LT_134,3,fold3,1,,0.0004241880879189662,,5.96938083879959,,2.7175050833682795,,2.3010781277533123,,7.783921595831263,,4.664584550963183,,3.651244974101975
LT_135,3,fold3,1,,0.0004180323664001312,,6.108607478986646,,2.5226554481803,,2.1420683608159745,,7.455111269906557,,4.170893173571024,,3.093598830083243
LT_1353,3,fold3,1,,0.0004199656841311298,,5.942733393953662,,3.4051855168862524,,2.8056897054929535,,7.397356372408349,,3.755138081514174,,2.9904340956625948
LT_1355,3,fold3,1,,0.00041998328520401196,,5.7994203669064035,,2.4677992020879347,,2.0907134456177965,,7.355411656547044,,3.949187192246057,,2.999821626522448
LT_1357,3,fold3,1,,0.0004190434751210892,,5.94148103901328,,2.3417578226787725,,2.002009857291979,,7.213166920402272,,3.7593881999721384,,2.7121870357316253
LT_1358,3,fold3,1,,0.00042038536168874895,,6.0288100512947755,,3.2084256072935857,,2.707635274036627,,7.387331234364032,,5.113593610295334,,3.9156987261249685
LT_1366,3,fold3,1,,0.0004171580525643339,,6.185502193452218,,2.7806432498291556,,2.2907668580389187,,7.906273877838909,,4.575452990980441,,3.5164799291011084
LT_1368,3,fold3,1,,0.0004175180659771894,,6.0643657903108945,,2.4861953951601556,,2.139118837327463,,7.593353504692691,,4.144254802212637,,3.113482473651633
LT_1372,3,fold3,1,,0.00042133243113372243,,5.760315296048308,,2.829386006656521,,2.328736698880094,,7.251982569705143,,4.328432506298978,,3.3966214322669663
LT_1373,3,fold3,1,,0.0004191498534838554,,6.232949979114478,,3.16445577652788,,2.609611109094637,,7.792257768446303,,5.092540269481525,,3.9882028738007826
LT_1378,3,fold3,1,,0.0004196607795570965,,5.654719558182708,,2.552567264420974,,2.2177963417847892,,7.345442993621588,,4.557603345797474,,3.540715421637146
LT_138,3,fold3,1,,0.00042164761431774493,,6.2820342351745175,,2.917982500994515,,2.403549020612843,,7.221715862125966,,4.493904301783243,,3.3568705841997346
LT_1422,3,fold3,1,,0.0004177606260484263,,5.821875886887889,,2.557070509266541,,2.156274455328758,,7.615881833975082,,4.282198751537885,,3.2547769389672085
LT_1425,3,fold3,1,,0.00041978809325551696,,6.193130459014914,,3.7296968801859975,,3.1139166487777143,,7.576575424697467,,4.989184001470065,,3.998867838212343
LT_1426,3,fold3,1,,0.00041685316561504773,,5.999751153321675,,2.3368826123183926,,1.9811549439184026,,7.467421807534277,,3.4804720917089638,,2.740966478614309
LT_143,3,fold3,1,,0.00042455019697968527,,6.162110412385682,,2.558477723406018,,2.1794258918097578,,7.115620811447231,,3.616801047735885,,2.848401536266271
LT_1431,3,fold3,1,,0.00041937390709162817,,5.971987822298355,,2.621101263534916,,2.1101175172756745,,7.459616774760094,,4.123438404616615,,3.27265585956175
LT_1432,3,fold3,1,,0.00041639085142977823,,6.246679538871863,,2.497582387881216,,2.051636914971481,,7.7911907589722675,,3.9198881574627515,,2.9758339325830185
LT_1433,3,fold3,1,,0.0004165758737162892,,5.975151974774167,,2.3545221956848987,,1.9321476885680196,,7.791861070833643,,4.140597591623181,,3.2522509484592814
LT_1434,3,fold3,1,,0.0004160844544797825,,6.045059972354837,,2.480772403218779,,2.030624844458745,,8.02083009147512,,4.145727468400661,,3.2783652004752497
LT_1436,3,fold3,1,,0.0004161642598779127,,5.970981088878972,,2.413633324505313,,2.050716396452365,,7.694571624533004,,3.8573608737913947,,2.9934007357404586
LT_1438,3,fold3,1,,0.00041858899108977894,,6.146985602048171,,2.406678166502293,,1.9665361166584086,,7.759151523653453,,3.391367414118038,,2.723727742978903
LT_1439,3,fold3,1,,0.0004184718979720371,,5.864892682153085,,2.750356358819072,,2.303509516051844,,7.510712748987036,,4.789137186677356,,3.636554726186225
LT_144,3,fold3,1,,0.00042376054043529246,,6.2189369977351765,,3.630183968241586,,3.0259631714464725,,7.643869004328021,,4.138055269150024,,3.302225943569272
LT_1441,3,fold3,1,,0.00041802153986879656,,6.216014835570395,,3.629261369515776,,2.9983928174992824,,7.822979514222149,,4.1802798535883285,,3.3249968576398334
LT_145,3,fold3,1,,0.0004195816340389416,,6.166838168087505,,4.134566190294351,,3.355291972228408,,7.268368203662975,,4.989352380689167,,3.877343134512373
LT_147,3,fold3,1,,0.00041675865745343516,,5.887774497238238,,2.300459908794647,,1.9444522366799535,,7.380813648508621,,3.8558384379566606,,2.916562523542949
LT_1472,3,fold3,1,,0.00041878721668169375,,6.1393369884905145,,2.5999176443804215,,2.134792344007689,,7.654168044373476,,3.666019249744283,,2.832943252999525
LT_1478,3,fold3,1,,0.0004184939532460505,,5.887576082950077,,3.4448758159715362,,2.836029082985866,,7.593619912425157,,3.8924808136844975,,3.151914438909603
LT_1486,3,fold3,1,,0.00041670076590610665,,6.088896358968169,,2.5027928406144233,,2.121624853107592,,7.423992098010702,,3.659950914930258,,2.8870486503519395
LT_1488,3,fold3,1,,0.0004206431157568729,,6.27352270156402,,4.126466553858629,,3.320670597820733,,7.4990607187104965,,4.51399791504639,,3.6383508997066047
LT_1499,3,fold3,1,,0.0004171172271452625,,5.956273382130262,,2.4484390107879097,,2.097171899373702,,7.124081916180177,,3.8860710487779815,,2.8658998678403806
LT_1500,3,fold3,1,,0.0004170085132120527,,6.085508443558913,,2.3973552366462587,,1.9965264971023289,,7.439561242075474,,3.5954801131230356,,2.85287983507127
LT_151,3,fold3,1,,0.00042402752547501636,,6.172612718326651,,3.7346089089368677,,3.1567394313414385,,7.6527833145671424,,4.9371252364736815,,3.9837489124855243
LT_1515,3,fold3,1,,0.00041749404573729505,,5.926849890275078,,3.548003473974335,,3.0450086007667774,,7.841268160779425,,4.79804083626373,,3.887882707476418
LT_152,3,fold3,1,,0.00043464987483684756,,5.3545145365598135,,2.579457136612281,,2.0659348536198863,,6.9813831921906795,,4.220126003075776,,3.3803867634972113
LT_1525,3,fold3,1,,0.00041865029278150175,,6.031014532277089,,3.517035488369843,,2.9047166838047165,,7.719218543157614,,4.650855311282565,,3.8230421176506537
LT_1528,3,fold3,1,,0.0004190533285019938,,6.033226678516895,,3.621708351512952,,3.071370327743878,,7.662242638688649,,4.9718839555106955,,3.9699429077149553
LT_153,3,fold3,1,,0.0004276939356406481,,5.845285496816035,,2.540515912794294,,2.193061163037045,,7.076738451499835,,4.409146718302799,,3.4507960179354247
LT_1530,3,fold3,1,,0.00041881056469872044,,5.903757239209488,,2.86673004409652,,2.3577583118929204,,7.369673543028955,,4.18968275405352,,3.205233316438467
LT_1532,3,fold3,1,,0.00041760298159062084,,6.259349796986802,,3.595711181213933,,2.968702166972497,,7.899413616561726,,4.229260776773322,,3.3483676700739697
LT_1538,3,fold3,1,,0.0004185710615892124,,6.119126678878901,,3.758716933340525,,3.1957895447741067,,7.757895991581792,,4.779939085861797,,3.85930224082746
LT_1543,3,fold3,1,,0.0004193199272004306,,6.191109626438514,,2.443261853420586,,2.0582516505433195,,7.790396406272659,,3.7956729867456938,,2.919072056666236
LT_155,3,fold3,1,,0.0004182799912361597,,6.296221125426853,,2.8016827725244546,,2.3915417424758805,,7.932307075234759,,4.762586977743755,,3.794301600251421
LT_1555,3,fold3,1,,0.0004215856404907875,,5.767195452653684,,2.3517917987250936,,1.9790226247211917,,7.081000205676073,,3.6805274933874967,,2.772977793989938
LT_158,3,fold3,1,,0.0004243148533719498,,6.317708423899092,,3.167263197005399,,2.6823262229180456,,7.423129346744847,,4.910320285994132,,3.7977716833389
LT_1583,3,fold3,1,,0.000418392957622098,,6.22463494855717,,3.5313350852285383,,2.9061688455281516,,7.6208345811484515,,4.065116273332469,,3.294368176600428
LT_1587,3,fold3,1,,0.0004211686225688519,,6.33780271526843,,4.056553201112986,,3.3386938871725165,,7.539432732118484,,5.2579407666013855,,4.23603305306318
LT_1591,3,fold3,1,,0.00042163719566170287,,6.402263336719526,,4.071974423769685,,3.3399532191812566,,7.677929438208361,,5.277030758224625,,4.2246919613227165
LT_1592,3,fold3,1,,0.0004158653934557676,,6.0403718113802,,3.6112749908855974,,2.96392719243947,,7.754927149949403,,4.678360841133389,,3.6836397048943885
LT_1595,3,fold3,1,,0.0004189516291099645,,5.950561733654954,,3.4202498812210966,,2.84178037934428,,7.717842900393053,,3.843129850614839,,3.002792911940686
LT_1611,3,fold3,1,,0.0004195061263262412,,6.316225967504816,,3.297001757866885,,2.717420417443024,,7.542459333199989,,5.039276128794125,,3.8831902914406955
LT_163,3,fold3,1,,0.0004241003009002875,,6.4605793131117455,,2.7367845643398017,,2.279131719321624,,7.709205104985779,,4.032355546691025,,3.1366263726568655
LT_1630,3,fold3,1,,0.00042088747985189086,,5.712866145654694,,2.51448552678626,,2.1437609562991793,,7.3141736626676765,,4.177619521282178,,3.1119337092971984
LT_1637,3,fold3,1,,0.0004229854776819607,,5.667119325932298,,3.6287709377509345,,3.0884666592686636,,7.394735431342423,,4.745633987215656,,3.7069284578281496
LT_1642,3,fold3,1,,0.000418684215080364,,5.93103990458436,,2.3434949710414132,,1.9710930899154624,,7.463548065838956,,3.4974993259268476,,2.643887363727397
LT_1643,3,fold3,1,,0.0004178148471327744,,6.153890244309122,,2.4949848679141895,,2.0824508635811307,,7.78247820736472,,4.045404306600854,,2.979543423168747
LT_1644,3,fold3,1,,0.0004182800950362567,,6.097446042975513,,2.4205547711565836,,1.9892661945446097,,7.729636550165891,,3.5086821195570397,,2.7816224078483076
LT_1646,3,fold3,1,,0.00041714459884931165,,5.963813513451878,,2.3876339873599415,,1.9263563545497435,,7.2712990347514745,,3.5154724922422242,,2.7514833381999635
LT_1647,3,fold3,1,,0.0004171278814550216,,6.275579003532119,,2.6462187180355525,,2.156546574657142,,7.9052540966608325,,4.277306345522054,,3.3108330251155267
LT_1648,3,fold3,1,,0.0004194995380657693,,5.821067121163319,,3.4133954354578395,,2.817557249091489,,7.187250907078098,,3.791441835452242,,3.0772854674673016
LT_165,3,fold3,1,,0.0004262954816669773,,5.7598855541322695,,2.488073226475332,,2.0638359131507307,,6.946570362477047,,4.064780751834389,,3.123854065499363
LT_1650,3,fold3,1,,0.0004189847145460793,,6.031050938182641,,3.808099025141068,,3.1989220294541,,7.255998172103388,,5.157169947591513,,4.286282099624464
LT_1653,3,fold3,1,,0.0004200999518189606,,5.789944503984741,,3.585194291272149,,3.068003563204301,,7.5680214979510625,,4.801896951638256,,3.865388462165253
LT_1655,3,fold3,1,,0.0004187804348884244,,6.114755348093712,,3.124006658943653,,2.621293290675053,,7.447841694045826,,4.979576098054084,,3.845564284344482
LT_1675,3,fold3,1,,0.0004170265177205149,,6.206172374016819,,2.7029473923054512,,2.2490482884414735,,7.875855277497684,,3.8974845697425815,,3.08528815646675
LT_1677,3,fold3,1,,0.00041642744422811656,,6.115107369020406,,2.434789772647756,,2.037500399667435,,7.71737290914845,,4.096047790839975,,3.08580140881066
LT_1678,3,fold3,1,,0.00041839802365613993,,5.934710453360797,,3.5135638494704735,,2.8906487591103387,,7.465039205570894,,4.327814779125277,,3.4808959357380544
LT_1689,3,fold3,1,,0.00042076229274482825,,5.756655628343559,,2.8930465552354803,,2.4929488339099333,,6.9978478729673155,,4.692663877273048,,3.6941084432698594
LT_1708,3,fold3,1,,0.0004162241662219752,,6.001847791641281,,3.6314073736783445,,3.0924443275384204,,7.675432946963875,,4.787251278290465,,3.700330327064111
LT_1709,3,fold3,1,,0.00041712647323637053,,6.008626385862907,,2.5897023227719425,,2.1097122952531144,,7.7403151541170985,,4.505859017656635,,3.3933975098935987
LT_1713,3,fold3,1,,0.0004160792937381273,,6.15011583274946,,3.607570110145155,,2.9316514599000403,,7.710154749823657,,4.58030443183849,,3.6291289041393253
LT_1716,3,fold3,1,,0.0004164326619660822,,6.007023305635921,,2.500198307073053,,2.02570464449816,,7.678366126836062,,4.037536369143204,,3.0384230544883417
LT_172,3,fold3,1,,0.00041762862956248696,,6.022415590778055,,2.5614012954338015,,2.2227282714082017,,7.404192498609699,,3.884054605026509,,3.0294559592003614
LT_1721,3,fold3,1,,0.00041634575831687483,,5.983208473808174,,3.6344150119935184,,3.008814475053848,,7.726534071903286,,4.7145934150430415,,3.875585597218841
LT_1724,3,fold3,1,,0.000419279413930539,,5.777613867474885,,2.316721007316072,,1.923988756404426,,7.150417359695695,,3.3666308627648203,,2.624128508674359
LT_1728,3,fold3,1,,0.00041695774686267666,,5.934662413508118,,2.414850543385763,,1.9759071786125464,,7.397349423223158,,3.4094920108167504,,2.6750989548545783
LT_1730,3,fold3,1,,0.00041663617959823707,,5.922091727095792,,3.4541000083430107,,2.913825058869837,,7.328724183629568,,4.32011932078055,,3.3703478979676023
LT_1733,3,fold3,1,,0.00042026776901554416,,6.036266696352613,,2.424037147330349,,2.0375390077851137,,7.659500908519823,,3.530765468112927,,2.669954820627461
LT_1734,3,fold3,1,,0.0004163923805510835,,5.915925425362931,,3.5658325971122817,,2.908973697531134,,7.542252023327316,,4.447965711099062,,3.4917188156281025
LT_1736,3,fold3,1,,0.0004192307366745595,,5.889647977140643,,2.488658709836854,,2.0214350021412275,,7.318974275083103,,3.497578799792195,,2.7479281394976303
LT_1738,3,fold3,1,,0.0004162889623879045,,6.044876823126424,,2.5304550291724257,,2.1205084733748594,,7.64890533253752,,4.38152334093022,,3.407110390141703
LT_1748,3,fold3,1,,0.0004180131930950348,,5.742001055852134,,2.3721824118504307,,2.0161038421719546,,7.594081718751441,,4.045794799248753,,2.9978257926248704
LT_1755,3,fold3,1,,0.0004163783903372159,,5.9823438537670866,,3.620689381407387,,3.0463956551916818,,7.855045587017091,,4.712726525871984,,3.789004067898044
LT_176,3,fold3,1,,0.0004326368803215432,,5.568126471700354,,2.292999720822274,,1.9076364762615132,,7.455768204276244,,3.4292996369281683,,2.5798890347584646
LT_177,3,fold3,1,,0.0004165437450881649,,6.150535403449961,,3.6484002343356168,,2.9932200215010636,,7.755579048953127,,4.5340281208236775,,3.660805561704451
LT_1795,3,fold3,1,,0.00041834744144431113,,5.866112792851568,,2.4287372075609124,,1.9585007502457512,,7.5333517901024445,,3.4938121841970875,,2.6358498133976864
LT_1819,3,fold3,1,,0.00041991049884739125,,5.953925228291814,,3.0228131905049063,,2.5872917522106422,,7.65605556067154,,4.889749585545954,,3.7692213480649874
LT_1822,3,fold3,1,,0.0004209415351706155,,5.769085758606906,,3.4231939312957693,,2.8541767953669073,,6.965761998349962,,3.777492187614063,,3.095322802073546
LT_1830,3,fold3,1,,0.0004181079205063439,,5.935098323518309,,2.530297488147765,,2.053631408679773,,8.220838898505095,,4.530936447222523,,3.645367850882457
LT_1831,3,fold3,1,,0.00041732251121203573,,6.173505543414684,,2.8838800460874725,,2.4063439696717612,,7.856723920643174,,4.80042762708649,,3.7592217576077105
LT_1832,3,fold3,1,,0.0004187999856833831,,5.977542415986098,,2.6370268810654434,,2.1817416103099445,,7.605645154079961,,4.242204271361958,,3.2896362707624345
LT_1835,3,fold3,1,,0.0004203573135459389,,5.853487348159773,,2.2926568712225985,,1.9803830045608737,,7.280617840466156,,3.491679111200922,,2.7747167514784725
LT_1838,3,fold3,1,,0.00041969964971878305,,6.072879234046128,,2.7179456475938375,,2.269578041691667,,7.601566779305627,,4.325654504305072,,3.290940805202571
LT_1856,3,fold3,1,,0.00042045213585442144,,5.737896510686341,,2.4663472878180066,,2.0781347868600983,,6.850939311723199,,4.095626369868363,,3.172257956069625
LT_1862,3,fold3,1,,0.00042159376932976445,,6.148697149223399,,2.5723342958403315,,2.1461563814121245,,7.569690012165672,,4.329653556678036,,3.3123095487493144
LT_1863,3,fold3,1,,0.0004279524277418234,,5.7044886911746655,,2.8377031226499154,,2.474800337735956,,7.216245564259993,,4.7642773381590136,,3.7770213694209014
LT_1864,3,fold3,1,,0.00042325714987619806,,5.799548302305083,,3.5833770828736453,,3.1558543471199743,,7.04736357091988,,4.866944190808379,,3.940338509520245
LT_1865,3,fold3,1,,0.00042234417876534265,,5.6984160983980665,,2.3412247289864374,,2.0143735675073535,,7.052534367515107,,3.4970112641100526,,2.7202864682224908
LT_1866,3,fold3,1,,0.00041949696221245045,,5.994793159368952,,2.46132361648624,,2.0451061653130536,,7.551302500496964,,3.4548477553205643,,2.5816424855045566
LT_1867,3,fold3,1,,0.0004216815894420318,,6.364065991795427,,2.5993642055913533,,2.15590102298945,,7.56885751683776,,3.680889306342403,,2.77790270282013
LT_1868,3,fold3,1,,0.0004195428718342699,,6.244839397620684,,2.5601690303529288,,2.119642664353564,,7.170801699466734,,3.5732151875596543,,2.751742837723269
LT_1869,3,fold3,1,,0.0004187519403574813,,6.082720558518038,,2.7881009232715597,,2.3218402589764096,,7.51918421003316,,4.548834752449917,,3.554890063561509
LT_1870,3,fold3,1,,0.00041993311911372143,,5.87465730958851,,3.548768493915356,,2.964661429396154,,7.048159633922886,,4.0130991212693585,,3.1803088542646747
LT_1871,3,fold3,1,,0.00041829392010061736,,5.937971891945471,,2.5501544723351244,,2.184584303089222,,7.513885079948769,,3.8136347455351562,,2.8430808580497273
LT_1872,3,fold3,1,,0.0004231644150096796,,6.208280445109068,,2.6584118327425017,,2.2559399269923595,,7.398561245550202,,4.028118004576356,,3.0440098191193132
LT_1874,3,fold3,1,,0.00041816982474921285,,5.875149233168135,,2.425147308120844,,2.089557309833073,,7.736672720008401,,3.9694148204488098,,2.941527339501909
LT_1875,3,fold3,1,,0.0004179463794478106,,5.929782677880286,,2.3978059467478667,,2.069485491384852,,7.581397028354472,,4.093778607793361,,3.056205750440575
LT_1876,3,fold3,1,,0.00041718839808028985,,5.930884026614374,,2.501455785029054,,2.0988340669930743,,7.615470691129949,,3.8929194177631836,,3.0346093742635687
LT_1877,3,fold3,1,,0.0004187667943620164,,5.661765611474213,,2.3968764624034637,,2.0787685092235013,,7.624642516675387,,4.17362582695938,,3.109011147547973
LT_1882,3,fold3,1,,0.00041785406831822483,,5.921630583986827,,3.5812288401789645,,3.015918235313494,,7.7201571579408785,,4.613040081119872,,3.5663075110345437
LT_1884,3,fold3,1,,0.00041789699143066593,,5.8741754967589985,,2.478124414843283,,2.0866696013164763,,7.364668828833432,,4.018648330961909,,2.9051005931403555
LT_1889,3,fold3,1,,0.00041958733022159217,,6.108003601722254,,2.5232650328102175,,2.0744704079305585,,7.3279001308147835,,4.105899633765676,,3.100482185024471
LT_1894,3,fold3,1,,0.0004197333588009562,,5.974533601421394,,2.5242299507337993,,2.191437153054792,,7.702462014950409,,4.173146843438315,,3.1904851950588937
LT_1895,3,fold3,1,,0.00041964748586937294,,5.649396305333933,,2.3091269265382883,,1.9190381738579627,,7.192481993897681,,3.362457075161632,,2.570746965286977
LT_1896,3,fold3,1,,0.00041986488863172966,,6.221655601914028,,3.049714238131183,,2.5003870610874124,,7.226171303898027,,4.334704867117976,,3.299629405544343
LT_1912,3,fold3,1,,0.00041869523555171373,,6.059063055858272,,2.4321172968970317,,1.9758828327733657,,7.83604540139717,,3.524832385352366,,2.7569904375474965
LT_1924,3,fold3,1,,0.00041626412914739196,,5.943491277118972,,2.7082977357441322,,2.2345679486711254,,7.866575767683868,,4.493955136887162,,3.5631001289411914
LT_193,3,fold3,1,,0.0004209942115867872,,5.970390239420848,,3.0055561955339463,,2.4484736668275344,,7.280219442966234,,4.774492318217359,,3.703097508085382
LT_195,3,fold3,1,,0.0004191369320450944,,5.979730490735281,,2.336189589304106,,2.014425033983679,,7.371594195696031,,3.55517115952717,,2.680172138987458
LT_1954,3,fold3,1,,0.00042016444933477316,,5.839631525543461,,2.7725728295223626,,2.357901094646754,,7.456773012355659,,4.657526834037921,,3.553766111116752
LT_1955,3,fold3,1,,0.00041636442157741253,,6.0764001386673305,,3.6577693843783288,,3.0531635818739917,,7.837809254340939,,4.813753821895981,,3.9034538477718
LT_1956,3,fold3,1,,0.000418707169123414,,6.1258758166972465,,2.7870264184355786,,2.31609360414529,,7.590171890890361,,4.632593296256988,,3.478209200216432
LT_1957,3,fold3,1,,0.0004183868833648897,,5.812271904544757,,3.598925492748521,,3.0143400907525635,,7.684063984278387,,4.711428320039219,,3.7918881110561236
LT_1958,3,fold3,1,,0.0004175654637997607,,6.059215958524297,,2.634174547000442,,2.2355266983698994,,7.578192443269457,,4.290565916194809,,3.4063437789324893
LT_1969,3,fold3,1,,0.0004185931436035562,,5.839978045413674,,2.4117898651666536,,1.9916324323237304,,7.3201151620477125,,3.431101932097563,,2.7699892197258733
LT_197,3,fold3,1,,0.00042005121834058634,,5.871956052920829,,2.3019764191287333,,1.9487765539212916,,7.134415009396245,,3.358118124949249,,2.5531060070855203
LT_1970,3,fold3,1,,0.0004197503994152179,,6.190556375565752,,3.0326108614189575,,2.5741058556161995,,7.795548279408989,,4.968975868829024,,3.9018145279419483
LT_1973,3,fold3,1,,0.00042132518539768,,5.991569322947314,,2.926029562793439,,2.530595894839413,,7.3840644748895805,,4.761367688230982,,3.6082491757790103
LT_1975,3,fold3,1,,0.00041906446874031417,,6.359302574130451,,3.084093699362013,,2.4921577751068535,,7.473109632971419,,4.614736838401122,,3.5870022857609523
LT_199,3,fold3,1,,0.00042595813453110386,,6.092559956866682,,2.8404651607944564,,2.344255952285849,,7.091102279467838,,3.8787918672222235,,2.9456063346503223
LT_200,3,fold3,1,,0.00041901840871232457,,5.96706465486277,,2.632224785347321,,2.22515228311886,,7.5370615174269435,,4.055630825474608,,3.119834906266057
LT_2001,3,fold3,1,,0.0004234610840832924,,5.9928135095205635,,2.693297961014563,,2.21731711317052,,7.7678395879978455,,4.443805920592063,,3.5095722448189455
LT_2003,3,fold3,1,,0.0004220480320597138,,5.79366552595141,,2.388798602054493,,2.043551386351536,,7.655962930107159,,3.9775990282505003,,2.9407558237229763
LT_2018,3,fold3,1,,0.0004167305914833039,,5.997502444951978,,2.6277945610040017,,2.1806608623172843,,7.753455748695107,,3.947841124694959,,3.04152321428943
LT_2019,3,fold3,1,,0.00041871158609959984,,6.330402686568264,,3.119352837015034,,2.6081893496330175,,8.034590375939043,,5.15887525782465,,4.018006961349796
LT_204,3,fold3,1,,0.0004173266673273054,,6.095130275571409,,3.9177591985024542,,3.277212337473716,,7.381967727799506,,4.275604739990015,,3.465315674324596
LT_205,3,fold3,1,,0.0004206604368432714,,5.900181519319844,,3.096965677534945,,2.5927406629278935,,7.487487210150504,,4.997552019029168,,3.8602318458303873
LT_210,3,fold3,1,,0.0004207994398797467,,6.128610368729088,,2.906324906274197,,2.4184559826660355,,7.531779072067468,,4.726282075369357,,3.6006040358647136
LT_213,3,fold3,1,,0.00041661390253155614,,6.0744557754702635,,3.5395881394795436,,2.938497480435911,,7.757283874864738,,4.4212263537969285,,3.5071082478510025
LT_218,3,fold3,1,,0.0004180543958833931,,6.21497648314927,,2.429560021377916,,2.001929133026935,,7.769744185157986,,3.5043952580661224,,2.7157825769448274
LT_220,3,fold3,1,,0.0004190266249269291,,6.44665496225692,,3.061735141608041,,2.577674118880664,,7.884613695555203,,4.92094963808409,,3.832359285927848
LT_223,3,fold3,1,,0.00043148955130002317,,5.956210472456361,,2.6190677571922842,,2.156268335172972,,7.581240984720367,,4.233210272674282,,3.2004482072638885
LT_226,3,fold3,1,,0.00042147104287624214,,5.9630004941436665,,2.4954225503043794,,2.0843989259354525,,7.677662895742415,,4.176213031963588,,3.1014398785735033
LT_227,3,fold3,1,,0.00041794929734617625,,6.247077183952099,,2.738035973927235,,2.2608174757063537,,7.607571936886575,,3.8832184027342596,,3.002119732694247
LT_229,3,fold3,1,,0.00043120880709313254,,6.2042938515220545,,3.137090857178683,,2.665095252205779,,7.223451908646921,,5.119835853566351,,4.010472080398071
LT_23,3,fold3,1,,0.00041874661487389074,,6.291748660817891,,2.4313907318918395,,2.0175278456418577,,7.644339158174781,,3.6703939350586077,,2.836780997756999
LT_232,3,fold3,1,,0.0004189616147108246,,5.903975576450451,,2.859420278304016,,2.3326857117231734,,7.378989054370726,,3.9308573868203625,,2.9436354880372715
LT_236,3,fold3,1,,0.00041707051662141087,,6.068242663119379,,3.918828141425464,,3.3239501747046956,,7.689276439257595,,4.995106821953729,,3.9465136619192216
LT_240,3,fold3,1,,0.00042099674449440176,,6.139844994826616,,3.1911160558013116,,2.666121643714988,,7.328562628621385,,5.043405076732381,,3.874865829140949
LT_241,3,fold3,1,,0.0004201843115055424,,6.305480378027992,,3.896098025313466,,3.295871454088655,,7.395501924049868,,5.18932955192135,,4.191454008826554
LT_243,3,fold3,1,,0.0004234035987715906,,5.9003090102765645,,3.552762853886178,,3.002091605796739,,7.730051053834936,,4.405566038097992,,3.4150142468528872
LT_245,3,fold3,1,,0.00042351450876656344,,5.799221621844123,,2.539257984166982,,2.12564203157842,,7.511634051962769,,4.381009287069335,,3.416178472645427
LT_249,3,fold3,1,,0.0004334654740155205,,5.839070108019714,,2.3872802677641025,,1.9851737894357895,,7.251604343940123,,3.883239275772798,,2.9888642369256426
LT_25,3,fold3,1,,0.0004184574389827552,,5.8358980910032505,,2.1638336729172223,,1.8053215665139493,,7.265576331462969,,3.5501532393756565,,2.7330377357286806
LT_252,3,fold3,1,,0.000418439074725668,,6.007713368529863,,2.48959723004921,,2.0320393170544473,,7.517408188672107,,4.111467461683294,,3.2065149697668085
LT_253,3,fold3,1,,0.00041687648789438293,,6.255653507276059,,2.51857309314926,,2.075560322290507,,7.892081496662838,,4.179077180910885,,3.2731621782373512
LT_254,3,fold3,1,,0.00043217966319711483,,6.097358221789415,,2.7309183657349956,,2.214124010998279,,7.476255735899221,,3.7588213921757245,,2.8027404308557653
LT_255,3,fold3,1,,0.0004198835538571557,,6.227688740120516,,2.982396696127157,,2.437611014219151,,7.473742025919674,,3.9906669523979112,,3.0149899244053007
LT_256,3,fold3,1,,0.00041984679024706373,,6.043992707490999,,2.6244480714269236,,2.2114373650303976,,7.563937402956466,,4.254806337883085,,3.3183095744745055
LT_258,3,fold3,1,,0.00042294785488775945,,5.730117204050306,,2.388592813339473,,1.9702897028933677,,7.153954557703213,,3.4168993753674384,,2.6061721189082405
LT_259,3,fold3,1,,0.0004192828566587162,,6.033554179518273,,2.4810392789137206,,2.0700290354185613,,7.512808882362237,,3.775776313143116,,2.9604291715393547
LT_26,3,fold3,1,,0.0004204975500149439,,6.272093575242373,,2.932781166086964,,2.391448939270973,,7.524054547837421,,4.390184127825263,,3.245260551161996
LT_264,3,fold3,1,,0.0004178091787552553,,6.362256416085317,,2.5054255479864147,,2.1431111700272694,,7.783433872441216,,4.175145389811883,,3.1079581060868575
LT_266,3,fold3,1,,0.00041876641880987317,,6.1404075567074745,,2.294063983487207,,1.931313529287278,,7.836477997472651,,3.521488080835538,,2.694047603547476
LT_267,3,fold3,1,,0.00043106417060079054,,6.190263976920412,,3.0684987936701322,,2.605853375387831,,7.637844000369872,,5.009370672412817,,3.8285696639391205
LT_268,3,fold3,1,,0.00042332603002750643,,5.975803703333561,,3.599870349254467,,2.968560333741035,,7.490802735716934,,3.9185709748334174,,3.0657711991093426
LT_269,3,fold3,1,,0.00043251963607140835,,5.973906092585889,,2.974149008336201,,2.480965382561417,,7.429725479870916,,5.026767238721273,,3.851815179305083
LT_272,3,fold3,1,,0.0004246597210201524,,6.222568005738547,,2.4669326181742988,,2.035979931357125,,7.331811127952922,,3.8449785351896404,,2.8262811115753723
LT_274,3,fold3,1,,0.0004175485470937299,,6.334963405244047,,3.6858824998087663,,3.045496257549056,,7.61046148841982,,4.742524711316244,,3.693466595883145
LT_275,3,fold3,1,,0.00041814848522525594,,6.11834297667792,,2.5590089313683584,,2.2228946349683745,,7.814638233476451,,4.190269896073186,,3.2396789443031206
LT_282,3,fold3,1,,0.000419563357494367,,6.0836693962136605,,2.6239457694011072,,2.2004873481836404,,7.437902155628001,,3.872882286510197,,3.095446588400617
LT_283,3,fold3,1,,0.00042811454257095025,,5.644943022055814,,3.4808326933971117,,2.9087795105855823,,6.952306822648039,,3.797387794880424,,2.960847379564215
LT_284,3,fold3,1,,0.0004179532662936889,,6.179789252761411,,3.5346856655726087,,2.913990376664127,,7.692119919638561,,4.096575491161447,,3.2548929613551887
LT_285,3,fold3,1,,0.0004195212492581358,,5.987211194996747,,3.6070208061236735,,3.097816986140262,,7.402629851090049,,4.667021173171927,,3.754375011876063
LT_290,3,fold3,1,,0.00041815331323494763,,5.99963055157739,,3.575823375918857,,2.971558461856886,,7.590202886457774,,4.558362049076616,,3.680569657580225
LT_296,3,fold3,1,,0.00042329403003394696,,5.833116549708996,,2.599568951041488,,2.121441476662007,,7.748069843699946,,4.508121396087397,,3.4637108991232717
LT_297,3,fold3,1,,0.000419159468345455,,5.835637428146634,,2.165212702086102,,1.7660561979883036,,7.363492552231966,,3.268379370738675,,2.4845003988321346
LT_304,3,fold3,1,,0.00041865803028852573,,6.097891609063235,,2.979197136094999,,2.400654657254963,,7.45374603542445,,4.059027445064231,,3.128496148209665
LT_313,3,fold3,1,,0.00041893754927918754,,5.785465970711622,,2.3164276851598586,,1.9368603783444531,,7.086417314658293,,3.3233224407729973,,2.491638791257306
LT_314,3,fold3,1,,0.00041858442119669347,,5.7397387156044,,2.4707816226420922,,2.049896370569628,,7.420386536988306,,4.362819669580844,,3.4400465098354034
LT_318,3,fold3,1,,0.0004251485188430087,,5.770980779519231,,2.5850762042614455,,2.1274041011706597,,7.260666266726919,,3.7823835546379074,,2.8214434766532164
LT_320,3,fold3,1,,0.00041791276786887037,,6.050074621413185,,2.347327120338784,,1.9812099776033425,,7.4507192794388075,,3.4540252166371994,,2.5477983165282043
LT_321,3,fold3,1,,0.00042452285020378074,,6.020413596140052,,2.324144504519995,,1.9408441955197435,,7.286993318780052,,3.6416117561612604,,2.695379590686372
LT_324,3,fold3,1,,0.0004193079695343372,,6.095421825003126,,2.967396896697817,,2.4589723263392145,,7.406099760543478,,4.586399343109277,,3.5764840351380656
LT_325,3,fold3,1,,0.00042336376089630035,,5.6894625171637365,,2.482769584472758,,2.1227055054181347,,7.270503295129222,,3.9924935650369573,,3.0427289594727402
LT_341,3,fold3,1,,0.00041927750759692545,,6.45701999803995,,3.6531848049897815,,3.0160931362913375,,7.524720283747933,,4.1540102815014635,,3.2346908425234346
LT_349,3,fold3,1,,0.0004198495671490811,,5.755233167205544,,3.5772960093139874,,3.0328633866207286,,7.017458053641922,,4.496202012136542,,3.637201611218663
LT_351,3,fold3,1,,0.0004310975488243402,,5.635592223233464,,2.3056679538258495,,1.886778889511616,,7.263923791359835,,3.832911955379351,,2.9451001535949204
LT_353,3,fold3,1,,0.0004247492486017766,,6.131188143636232,,3.56875549666923,,2.991669484280084,,7.825967898394443,,4.615291287330578,,3.699513782052794
LT_354,3,fold3,1,,0.0004199866002462145,,5.93857058653216,,2.4167126973195407,,2.0465667647527304,,7.493573001833882,,3.6451061647417924,,2.728239659304819
LT_355,3,fold3,1,,0.00043238110255473285,,6.148039731388013,,2.51016476956813,,2.120186082414203,,7.5929453504278035,,3.9128243402373055,,3.0353231905969995
LT_363,3,fold3,1,,0.00041939475671460766,,5.886302999872089,,2.264022629300977,,1.9060714736803066,,7.226387584390392,,3.23766631500764,,2.5460261532588633
LT_365,3,fold3,1,,0.0004242623381540307,,5.808751929357591,,3.48742083922584,,2.960595439634456,,7.0530407640622155,,4.219403889949159,,3.2299702955085032
LT_367,3,fold3,1,,0.00043057657279492977,,6.006415351898485,,2.679927767740821,,2.2585464173013095,,7.452039601532014,,4.473449404270447,,3.299735398259564
LT_368,3,fold3,1,,0.00042337318238509086,,5.847926574472966,,2.8166922797350185,,2.4720629503678015,,7.297478949351521,,4.696703309374595,,3.772268169985529
LT_371,3,fold3,1,,0.00041787665290207027,,6.300653834103424,,3.5851769587060005,,2.993920055396888,,7.754083037943532,,4.130190577450634,,3.2011519104232042
LT_379,3,fold3,1,,0.00041885640273970834,,6.172556787418796,,4.145027368524601,,3.4425247988831886,,7.392749221009348,,4.56810673718812,,3.6147229932546887
LT_38,3,fold3,1,,0.0004321618780558055,,5.891086866182159,,2.477404806717009,,2.019567482600809,,7.540433506618687,,3.7592386343163935,,2.858564074630588
LT_381,3,fold3,1,,0.00041939431470271356,,6.080382255469662,,3.0026064385559175,,2.5258808115419846,,7.1620326933307865,,4.56579643770872,,3.464137477985365
LT_386,3,fold3,1,,0.00042558277074280365,,5.990780786358247,,2.7881025919028155,,2.359575991085301,,7.445420813741786,,4.647434231071643,,3.583861921277994
LT_387,3,fold3,1,,0.00042372561688915934,,6.0279579298353685,,3.9718849218537216,,3.3567563218886955,,7.2770512038676705,,5.038279790143025,,4.163857340299601
LT_389,3,fold3,1,,0.00041912215611207733,,6.167851513270811,,2.4610112902813923,,2.0885458016099028,,7.709678140550237,,3.864157154035189,,3.013334396458519
LT_392,3,fold3,1,,0.00042034551335426093,,6.263708020862605,,3.1692960527192713,,2.6755067130756554,,7.748297787905229,,4.966484225570216,,3.754166932718426
LT_395,3,fold3,1,,0.00042233848678097617,,5.7971165743306035,,3.6227720510089965,,3.0608934143370568,,7.106106919838078,,4.051986593628359,,3.291162441089678
LT_398,3,fold3,1,,0.00042144764538778155,,5.636141843894767,,3.4574407356955277,,2.8823769815671856,,6.887412997723214,,4.185800818213092,,3.348934475738245
LT_399,3,fold3,1,,0.0004198906355115384,,5.972455944401541,,2.396592497243023,,2.030249991904445,,6.959046474491937,,3.6850671647139417,,2.7356493765853633
LT_400,3,fold3,1,,0.0004175569379737676,,6.289295284542476,,2.8098483815166193,,2.3351551785702975,,7.756836571371557,,4.460967127120491,,3.3884943549158466
LT_401,3,fold3,1,,0.00042066153788439427,,5.649572903705868,,2.239115374901549,,1.881806216355692,,7.10257096893583,,3.36611427206761,,2.615063314175483
LT_402,3,fold3,1,,0.00041871291156965126,,6.438717375254374,,3.5993972770010663,,2.9588661346363114,,7.960679190097483,,4.262966978085339,,3.406599639673337
LT_407,3,fold3,1,,0.00042026627486505853,,6.093883884223954,,3.924365994608635,,3.258531978440759,,7.226744916844239,,5.104627771476801,,4.092847687551637
LT_410,3,fold3,1,,0.00042500675839737476,,6.062231783451814,,3.1961905824664107,,2.7113759087003304,,7.231761426620965,,5.130189990291955,,4.00235400121762
LT_413,3,fold3,1,,0.00042018551339449185,,6.174739377577544,,2.8647461723526004,,2.430858580311124,,7.526304962449366,,4.683922529978538,,3.619457032735639
LT_414,3,fold3,1,,0.0004197040058046605,,5.971567097261253,,3.525422727336164,,2.922176385802514,,7.425643074669816,,4.018414758591934,,3.2285345542531108
LT_417,3,fold3,1,,0.0004189381403573774,,6.0717618942629406,,3.433246007898765,,2.8308510613252897,,7.22915601197861,,3.839072574129779,,3.1409985328865324
LT_420,3,fold3,1,,0.00042835795082094875,,6.057411262121206,,2.446410547461924,,2.0895654667883745,,7.393111280505144,,3.7461846755399617,,2.860130835063546
LT_428,3,fold3,1,,0.00042298600920647085,,5.601305638645715,,3.471390778752307,,2.9454138096582474,,7.07010245530884,,3.7358614484823116,,2.9670076952707056
LT_440,3,fold3,1,,0.0004179405267177236,,6.006558353338816,,2.2783281889153706,,1.8627579530825311,,7.405192975385022,,3.5922385134243897,,2.6791490091167396
LT_447,3,fold3,1,,0.0004199582536174671,,6.317594813475143,,3.9052052501818797,,3.2290222439497804,,7.450797633290073,,5.132615841871321,,4.188443442652402
LT_45,3,fold3,1,,0.00041823078674813573,,6.3152907433574885,,2.5789743164241274,,2.1500172011778775,,7.5348549416068185,,3.5890470915652797,,2.8287949408890154
LT_457,3,fold3,1,,0.0004180024770257234,,6.071440808393857,,2.697340889994081,,2.335962786711092,,7.889053171267652,,4.597552663336308,,3.602353694827248
LT_47,3,fold3,1,,0.0004316856118316021,,5.97480358652542,,2.885091464006351,,2.361567887191263,,7.381524392926616,,4.692763768019235,,3.6444034054288883
LT_484,3,fold3,1,,0.00041878839183099974,,5.835947832881781,,2.4586446018274644,,2.0830111665166844,,7.472562801272695,,3.767128869243634,,2.936468488319818
LT_499,3,fold3,1,,0.00041856286834825694,,6.137581036307553,,3.108808774582753,,2.6192274517990977,,7.5517592301564775,,5.059036810164579,,3.84558904064109
LT_514,3,fold3,1,,0.00042153708368161853,,5.687532460147206,,2.6271652252424302,,2.2269048831956537,,7.164658289175663,,4.451335361597608,,3.6094325595713723
LT_532,3,fold3,1,,0.0004241551592372942,,6.168238490110033,,2.6640247838657842,,2.193269151457308,,7.6986777615352295,,4.480991266653559,,3.4175821929939305
LT_538,3,fold3,1,,0.0004199260846740518,,6.179918925281889,,2.873722692271403,,2.497097354825456,,7.871847024452252,,4.744954130314532,,3.675037637130408
LT_541,3,fold3,1,,0.00041925913069049657,,5.79599497538613,,2.3577260122456587,,2.0249989856924953,,7.456009846708135,,3.793340738336621,,2.9028029513782965
LT_542,3,fold3,1,,0.00041797242764728994,,6.133493103767513,,3.5810710311235807,,2.98083213319888,,7.857848485860593,,4.470615037366261,,3.513518642065954
LT_549,3,fold3,1,,0.00042001207629776757,,6.0191944548550635,,2.34248024642175,,1.9448699590738265,,7.271379309341045,,3.4401020692686184,,2.5789289157038837
LT_556,3,fold3,1,,0.0004184679204917441,,5.719224145304865,,2.2841156450988676,,1.9005143500551311,,7.1707375906382795,,3.424240097686044,,2.5871739829849116
LT_561,3,fold3,1,,0.00042226327329255263,,5.829206630456332,,2.654127690887491,,2.226940589483719,,7.139760763410212,,3.7045472570412112,,2.7742594976077837
LT_562,3,fold3,1,,0.000419704510998601,,6.116878349130213,,2.759300127588697,,2.386862199459985,,7.876715534109953,,4.802555560949492,,3.6013891514178007
LT_570,3,fold3,1,,0.0004192562664056352,,5.980209134926325,,2.725535533527437,,2.235094953059499,,7.282269595607932,,3.795709658245678,,2.8710356922411826
LT_582,3,fold3,1,,0.00042213034903452323,,5.944300018849858,,2.983291184394865,,2.4396819427226593,,7.216933545115781,,4.096918697261677,,3.1494611572578037
LT_583,3,fold3,1,,0.00041953912025844385,,5.801797640087328,,2.22558152362144,,1.8736118586902217,,7.5042636682201955,,3.2547817202429123,,2.47816844609244
LT_588,3,fold3,1,,0.00041940215483272404,,6.352439154131595,,3.0863861886149375,,2.5644512240525286,,7.41699322262084,,4.781591142168095,,3.758363468845763
LT_596,3,fold3,1,,0.00042440857275001173,,6.14463178487336,,2.4187510000015475,,2.003090005987584,,7.539548790023937,,3.5790481176318427,,2.706934369709395
LT_599,3,fold3,1,,0.0004244467116686513,,6.119196037261136,,2.7517346777654916,,2.3612728086946357,,7.561555349911276,,4.6470620567410075,,3.6050026846819785
LT_607,3,fold3,1,,0.00041900392029711915,,5.861257384763337,,2.513959253040029,,2.0718746529692744,,7.656916932999014,,4.423663188038523,,3.382793943361366
LT_610,3,fold3,1,,0.00041819245429635006,,5.879090786118371,,3.549766573649714,,3.0757052672359504,,7.7021174996767625,,4.829234114727071,,3.917904559771451
LT_620,3,fold3,1,,0.0004197606297002346,,6.040331092806805,,2.484104933744787,,2.0869644047755895,,7.313259291583319,,4.190154054258674,,3.3731291864399457
LT_621,3,fold3,1,,0.0004210357698667157,,5.791685942009255,,2.2574856799356464,,1.9211374025559065,,7.3050259145066745,,3.7902249207467325,,2.8414219601690736
LT_636,3,fold3,1,,0.00041763575691263453,,5.712379451065213,,2.2576015092745383,,1.907826531349854,,7.248909463247478,,3.866227764420823,,2.947968445346724
LT_637,3,fold3,1,,0.0004162080744790162,,6.016713353070861,,2.5236792204583596,,2.1158277697090178,,7.923830394178934,,4.315341797577838,,3.4205266565061168
LT_648,3,fold3,1,,0.0004177664071821612,,6.026925174616073,,2.2802387296154314,,1.913580843953093,,7.631220643825013,,3.7490362411197884,,2.7192405481370496
LT_654,3,fold3,1,,0.00042016971891188463,,5.713642602308199,,2.359862979387962,,1.9684047889063554,,7.135870594269106,,4.038287336424631,,3.14045596189244
LT_659,3,fold3,1,,0.00041787010644851914,,6.258718020334804,,3.747757152527147,,3.107409095496344,,7.797720708119914,,4.7489902202374115,,3.800861466935585
LT_666,3,fold3,1,,0.00041842052630089964,,5.950981514031266,,2.4545893301546244,,1.9872000125506584,,7.893859079661841,,3.8930164190178376,,3.0593831798341373
LT_667,3,fold3,1,,0.000426523532187896,,5.550992193407267,,2.256546084422114,,1.8737096021380337,,6.969946267568931,,3.321518360157082,,2.605505286461226
LT_674,3,fold3,1,,0.00041870803381555133,,6.070454144999775,,2.9330720577231983,,2.3307021492759685,,7.509781407057998,,3.9300700382280547,,3.0488567921666374
LT_679,3,fold3,1,,0.0004180711265552445,,6.098801077973688,,3.5643006853470847,,2.9692423839345716,,8.020026371527067,,4.663046563696169,,3.649044566422695
LT_69,3,fold3,1,,0.0004328665758566476,,5.72589492410537,,2.282992435338259,,1.89499976280041,,7.4790822518933275,,3.390313616820848,,2.5148732417427446
LT_698,3,fold3,1,,0.00042100670741223103,,6.296935536709461,,2.6674387343719252,,2.213805182858895,,7.756579860303755,,4.503057267743934,,3.3893396494555925
LT_703,3,fold3,1,,0.0004183060012888165,,5.8965815124074465,,3.2996556290467702,,2.7966935398589055,,7.300942830813541,,3.808844822792238,,3.1067406386464467
LT_715,3,fold3,1,,0.00041899759526463007,,6.179093006508707,,2.806024681986075,,2.366052490837499,,7.109637814043224,,4.3047054935103395,,3.2886435462227004
LT_716,3,fold3,1,,0.00041890062115466746,,6.225762381668254,,2.5601835842622593,,2.1137446518561784,,7.323235307985895,,3.6838309537126444,,2.84882256678788
LT_724,3,fold3,1,,0.00041871119486080154,,6.149979268912698,,3.637612024260471,,3.1146119914778625,,8.034420937343707,,4.882745790259373,,3.9636907475408463
LT_725,3,fold3,1,,0.00041849726910281153,,5.737044904319385,,2.315146326272258,,1.9289286178175336,,7.358412634214187,,3.4112474876767127,,2.634433756737792
LT_726,3,fold3,1,,0.0004185002879274081,,5.986764734059611,,2.649657546926504,,2.216923400821362,,7.468859858472318,,3.8665776221259676,,3.0187250644121
LT_74,3,fold3,1,,0.0004240161852984512,,5.963266513335237,,2.4000270066674174,,2.023437138980313,,7.678668629853295,,3.7215255274063077,,2.717458144523217
LT_753,3,fold3,1,,0.0004187687979087303,,6.08379473484999,,2.367594964196929,,1.9757705762271405,,7.5903965767370725,,3.6465019898455346,,2.742903284682267
LT_758,3,fold3,1,,0.000416711165284479,,6.2263375774418455,,2.7250621891381113,,2.244246600255653,,7.706136601260314,,4.397570810004836,,3.3965941751682887
LT_760,3,fold3,1,,0.000419116705596162,,6.13878345376214,,2.6859020508475897,,2.2141482137224475,,7.416428483058156,,3.712333240241105,,2.897247880918731
LT_768,3,fold3,1,,0.00041769058933865434,,6.195205868432362,,3.524676373054207,,2.91660252702344,,7.836978330530004,,3.959977368927979,,3.079535340233377
LT_769,3,fold3,1,,0.0004182185585119534,,5.817311400343109,,2.364743729988981,,1.9398420828596787,,7.041582838130512,,3.3249696345777693,,2.5831154208643765
LT_772,3,fold3,1,,0.00041971747367659795,,6.384219677917243,,2.6436324002519465,,2.173845330721197,,7.711998192395742,,3.8013613384942504,,3.0069239287496665
LT_775,3,fold3,1,,0.0004171989512188005,,5.876421048352295,,2.383374961423238,,2.02735751909991,,7.781372461906313,,4.1956904843369,,3.125639911798651
LT_776,3,fold3,1,,0.00041826897316840465,,5.953560835172347,,3.455412264045023,,2.8612547974659277,,7.610268200968303,,4.237686297358791,,3.349731091608775
LT_780,3,fold3,1,,0.0004181277531109945,,6.047520626183366,,3.9208122131117906,,3.264561252285491,,6.976900933378506,,5.081197756738748,,4.201794363129253
LT_794,3,fold3,1,,0.0004187390596483657,,6.3764733022999724,,2.4722420729701056,,2.0939230022129327,,7.850201948181413,,3.990008172643143,,2.996991084117216
LT_796,3,fold3,1,,0.0004187720887927713,,6.557183403961143,,3.6230428646170334,,2.982996100353478,,7.844776660990721,,4.4378279205460505,,3.376730418458813
LT_798,3,fold3,1,,0.0004185019451240536,,6.20043190764594,,3.53086597526684,,2.9232456616900437,,7.874896740605373,,4.41853349939813,,3.506531832213447
LT_799,3,fold3,1,,0.00041923197101227487,,5.991334639826396,,2.240244376270301,,1.8552827186021323,,7.221726905900402,,3.2004992125439315,,2.505429105906583
LT_8,3,fold3,1,,0.0004188935227700582,,6.395550432271789,,2.9102097048370257,,2.4032690078076873,,7.556334119807124,,4.482861634730054,,3.4147631200907087
LT_802,3,fold3,1,,0.00041922175687914183,,6.221691216428981,,3.456932553839676,,2.8785256414924643,,7.235960759910899,,4.107784757191977,,3.289058397184057
LT_803,3,fold3,1,,0.00041918035744732164,,5.701179973534269,,2.2950662474429997,,1.8961299825605096,,7.0083375691768435,,3.261247534468566,,2.4956447470771854
LT_804,3,fold3,1,,0.00041744977794960433,,6.113014580700747,,2.468016741973471,,2.0606330054296285,,7.6544837035671085,,3.6805576539455216,,2.7946007576384533
LT_806,3,fold3,1,,0.0004191238384215236,,6.242124641154896,,2.4292760233970596,,1.9899728265957108,,7.618924548358043,,3.5068647053602247,,2.7177872333510864
LT_808,3,fold3,1,,0.00041717141023042,,5.746467918726724,,3.5535080683120994,,2.9469643183089227,,7.389396822184894,,4.187808725541168,,3.3606478503197046
LT_813,3,fold3,1,,0.00041919791591190324,,6.11571513377168,,4.000652084540017,,3.219507558553976,,7.41826580047306,,4.31165478811578,,3.5110458845187003
LT_815,3,fold3,1,,0.00041749651073720584,,6.09834176843868,,3.4817982986205083,,2.897789735843797,,7.550802369131259,,4.505024663057078,,3.4883291536818164
LT_82,3,fold3,1,,0.00041664176371861497,,5.88961338604725,,2.476471207978704,,2.0550513279483575,,7.794581355970761,,4.247034498075964,,3.2883022657056094
LT_83,3,fold3,1,,0.0004345243868397568,,5.904059522042719,,2.282222402170935,,1.907631937805186,,7.22156510279306,,3.424634459243334,,2.641676150410997
LT_832,3,fold3,1,,0.00041921252209656083,,6.443944880192646,,2.9955387706600782,,2.5372009754456317,,7.667844459098907,,4.8634733732606055,,3.795195676589539
LT_834,3,fold3,1,,0.00041657384613820805,,5.772112199134486,,3.479215382875223,,2.8906946950063754,,7.313505937846647,,4.385588447907398,,3.4938827062936784
LT_835,3,fold3,1,,0.00041840377903264864,,6.092072739324004,,2.3065447537370916,,1.843037080457447,,7.811679723510827,,3.3530513838200355,,2.5135938447735975
LT_84,3,fold3,1,,0.0004175415317924456,,6.189060910660786,,2.827361342540347,,2.3953666861079186,,7.657874339817278,,4.566946487527542,,3.4157618184720624
LT_842,3,fold3,1,,0.0004176343500960217,,5.939130208699232,,2.33985598075514,,1.9229725366334285,,7.551063382780291,,3.393826740872648,,2.5408171840622416
LT_86,3,fold3,1,,0.0004241240070814688,,5.720109103706091,,2.2494039431637276,,1.936674976203742,,7.21530769091834,,3.2865450571694654,,2.5469714771997016
LT_862,3,fold3,1,,0.0004294261027403077,,6.0065781239218135,,2.7249325631396824,,2.2485980112454045,,7.573097827225096,,4.460620736019043,,3.376683512024025
LT_87,3,fold3,1,,0.00042397414233787643,,6.19678961754728,,2.3636828944765256,,1.9926224619987045,,7.686664005660423,,3.5981768826303613,,2.5981475797026974
LT_871,3,fold3,1,,0.00042352826298361866,,5.92138753480377,,2.600807012704581,,2.17633350873295,,7.203058653028995,,4.323567617614923,,3.3489730524279318
LT_872,3,fold3,1,,0.00042007449690598456,,5.676108899941429,,2.2298184848989053,,1.9197875674170684,,7.0704888961718915,,3.4081102829363656,,2.7466100731983425
LT_873,3,fold3,1,,0.0004239515082831956,,6.001830777025707,,2.97321496383764,,2.455254311569151,,7.103217184241773,,4.076484885949361,,3.116283037007045
LT_876,3,fold3,1,,0.0004301154942704215,,5.859641290455503,,2.5881222954248737,,2.1709033645467475,,7.435230316079588,,4.413685739033635,,3.373786022370085
LT_881,3,fold3,1,,0.00041989751945232037,,6.42664808560199,,4.043863060298075,,3.310574164521051,,7.774406038432716,,5.342590789704612,,4.330372470118065
LT_885,3,fold3,1,,0.0004204791739070464,,6.3171358811020015,,2.5246231985347727,,2.1351713087779904,,7.706401980107883,,4.138638473334377,,3.150241209465088
LT_895,3,fold3,1,,0.00041863257939901526,,5.85584759996548,,3.604966222618245,,3.0189536742650227,,7.17588081600102,,4.541240916505696,,3.7072521982160263
LT_897,3,fold3,1,,0.00041951483274945377,,5.979081713736569,,3.5184242925972424,,2.9433648571251085,,7.437343236712482,,4.00341900993596,,3.1449402866343177
LT_904,3,fold3,1,,0.000420428106017362,,5.81583255871794,,3.0079422253614165,,2.529499303234404,,7.4717392187391845,,4.826457840652462,,3.829029198420456
LT_905,3,fold3,1,,0.0004189025513437871,,5.882480812069757,,2.642676207891699,,2.223030359390177,,7.445387040561363,,4.369247617598441,,3.3963860499847853
LT_906,3,fold3,1,,0.00042064682111879644,,5.8935942297303665,,3.14539301813829,,2.5692978177079375,,7.227758283451498,,4.911361062496525,,3.795296958939869
LT_907,3,fold3,1,,0.00041668528022562393,,5.818113949002468,,3.7244319595371502,,3.1746478601579713,,7.362328175505638,,4.970256866175419,,4.056383514563215
LT_916,3,fold3,1,,0.0004189088432030516,,6.008263638983672,,4.121485347325288,,3.3172607164500003,,7.030992648647073,,5.039917321238686,,3.964455027178374
LT_920,3,fold3,1,,0.0004199676588431279,,6.202329982354095,,3.858669133982597,,3.2198320538104954,,7.899799035618813,,5.216761050286594,,4.1828220724057195
LT_925,3,fold3,1,,0.0004203153674503437,,6.062429801280583,,2.744027590577741,,2.3640403135180117,,7.110850468818457,,4.481677403624846,,3.55591557610631
LT_929,3,fold3,1,,0.00041920296817599817,,5.69840173481499,,3.6222933760796914,,2.989330087200005,,7.4167304129053635,,4.131299325608523,,3.255212360976486
LT_930,3,fold3,1,,0.00041838659005689026,,5.9660039107802545,,3.471545437230876,,2.93413550349391,,7.59495351028711,,4.1159063196166885,,3.265132958910923
LT_934,3,fold3,1,,0.0004249891748170226,,6.15391655757831,,2.5802350675135046,,2.0942490073335738,,7.65559978369482,,4.182927085798681,,3.191091815579252
LT_96,3,fold3,1,,0.0004296906532714716,,5.896055457982953,,2.814453934831263,,2.35119979837884,,7.07796487569462,,3.919222222358915,,2.99132550603125
LT_97,3,fold3,1,,0.0004191229708075221,,6.197504955545547,,2.917405710883056,,2.397596467366955,,7.240527316902079,,4.368168563555914,,3.1624570166335237
LT_989,3,fold3,1,,0.000417496660286152,,6.116616081808035,,2.649473317247111,,2.1819154406533583,,7.671729624625542,,4.523051835840597,,3.4658027686905912
LT_992,3,fold3,1,,0.000426973602427683,,6.197596055026369,,2.979517217876358,,2.5640581954993675,,7.641245491016547,,4.951464141883554,,3.839962858845605
PCL_32477,3,fold3,1,,0.000432457731980581,,4.984058190678042,,2.895089754712324,,2.24291753781463,,7.017530186575049,,4.321996748174678,,3.299268654972592
PCL_32673,3,fold3,1,,0.00040241125012198745,,5.891966200240339,,3.443495508939012,,2.9992896316297064,,7.794433847377832,,4.797981482104533,,3.8916340078775673
PCL_32674,3,fold3,1,,0.00040241125012198745,,5.891966200240339,,3.443495508939012,,2.9992896316297064,,7.794433847377832,,4.797981482104533,,3.8916340078775673
PCL_32675,3,fold3,1,,0.00040202195119299657,,5.980555771163041,,3.617681737131466,,3.043003195341796,,7.610539502163769,,5.108422880070094,,4.097780072098001
PCL_32678,3,fold3,1,,0.00040298632045667436,,5.722325374241818,,3.5898243584458465,,3.052455292881554,,7.689582546099545,,5.123726035808297,,4.096410720932875
PCL_32679,3,fold3,1,,0.00040241125012198745,,5.891966200240339,,3.443495508939012,,2.9992896316297064,,7.794433847377832,,4.797981482104533,,3.8916340078775673
PCL_PCL0192,3,fold3,1,,0.00040536227522611386,,5.554567467309675,,3.25736103104628,,2.701178353862147,,7.791603939155074,,4.39217408876426,,3.60159283531519
PCL_PCL0195,3,fold3,1,,0.0004162156338279963,,5.359415688066734,,3.4705495645894,,2.874872665332404,,7.432495740595269,,4.38184716626173,,3.6429157695847194
PCL_PCL0196,3,fold3,1,,0.00041032607305754865,,5.690944583321694,,4.037800444690188,,3.330495617317388,,7.546813112626723,,4.610222423907539,,3.814814434327241
PCL_PCL0201,3,fold3,1,,0.00040647417215315673,,5.514668197617853,,3.8742035356379336,,3.1311873304526054,,7.369311908607958,,4.655541799252117,,3.627664588403885
PCL_PCL0209,3,fold3,1,,0.00041496696955807023,,5.793494836124816,,3.4063902974079228,,2.7807641479955407,,7.096889305860186,,4.224630785891536,,3.3644414339102933
PCL_PCL0210,3,fold3,1,,0.00041040546142523567,,5.284949020090299,,3.2649899838574807,,2.6927876252681213,,7.073593881940442,,3.889430692619138,,3.1059153832250157
PCL_PCL0242,3,fold3,1,,0.0004335675418243,,5.776299622113364,,3.7173690212316997,,2.9463824562338647,,7.810193815723078,,5.517113343258346,,4.4153902034952575
PCL_PCL0245,3,fold3,1,,0.00041785475121255446,,6.179746150647175,,4.255717880241254,,3.3872722059988583,,7.163766025663932,,5.299111619489706,,4.200172806802788
PCL_PCL0246,3,fold3,1,,0.0004153115565822228,,5.9533749873336665,,3.6105178118048014,,2.9404928936245334,,7.757335651994406,,4.701823780892112,,3.6882954432288324
PCL_PCL0247,3,fold3,1,,0.00041580217908466187,,5.8273256854362705,,3.64550659674279,,3.1291263950659167,,7.279976130057371,,5.240649408709154,,4.30138101887939
PCL_PCL0330,3,fold3,1,,0.00041642948383370515,,5.808158931264296,,3.1527345692965745,,2.284683961338504,,7.473397584415935,,4.536352018409317,,3.3386612351576135
PCL_PCL0331,3,fold3,1,,0.00041912366130796887,,5.925245751995527,,3.1825531574448647,,2.6025608775545614,,7.180150188589277,,4.779869400853973,,3.7432207539620013
PCL_PCL0385,3,fold3,1,,0.0004324930800614791,,4.9834502517193595,,2.6776503371846725,,2.245417754667134,,7.7020900672518104,,4.309274777034706,,3.2598172644173085
PCL_PCL0389,3,fold3,1,,0.000436503236170541,,4.730629710271734,,2.3230420986245024,,1.9277244208471969,,7.4216898114459395,,3.8413829998865747,,3.0537351844742555
PCL_PCL0390,3,fold3,1,,0.0004305400197644506,,5.26358093016152,,2.511853666983334,,2.115867841215199,,7.507708454195186,,4.447622715218229,,3.4883181162353463
PCL_PCL0391,3,fold3,1,,0.0004369660732017177,,4.566396160368745,,2.37372703279602,,2.0228018504940306,,7.569519801003088,,3.924412384950898,,2.8290746278136973
PCL_PCL0392,3,fold3,1,,0.00043665867722630404,,4.696111966487483,,2.3368286103046096,,1.9472678028908903,,7.818511858184682,,4.534000928817086,,3.552706020890869
PCL_PCL0393,3,fold3,1,,0.0004341223223554673,,5.607360872453791,,3.1301390249992647,,2.4973218687539984,,7.666697667967406,,4.6629740464111595,,3.5883262905809845
PCL_PCL0394,3,fold3,1,,0.0004350913410520012,,4.746227406450459,,2.4629510107625423,,2.0706593563049274,,7.284866276238451,,4.671868399071722,,3.552198620513929
PCL_PCL0395,3,fold3,1,,0.00043490224340223677,,4.919934031799227,,2.589039185700861,,2.15318355799119,,7.205404011530904,,4.444754500144874,,3.4825394149913182
PCL_PCL0396,3,fold3,1,,0.00043400994849057337,,4.84368150757305,,2.738790997673734,,2.3039190927351663,,7.2497902391187985,,4.7736501182948885,,3.8499979173236034
PCL_PCL0397,3,fold3,1,,0.00041603320432818773,,5.790754288242859,,3.0697821150934623,,2.360949008394536,,6.963702969325546,,4.3590235573423675,,3.3823539210525104
PCL_PCL0398,3,fold3,1,,0.00043566792049525016,,4.640138129764774,,2.1611594329765866,,1.765805440943614,,7.092728442325216,,4.069627818968105,,3.0513662638627177
PCL_PCL0528,3,fold3,1,,0.00041748339499796984,,6.200795796290283,,4.200801903758935,,3.4999621484227257,,7.4971186273544665,,5.533630475718793,,4.531201487285773
PCL_PCL0529,3,fold3,1,,0.0004202913412613002,,6.2507826776996716,,4.2507842188337,,3.513721245609707,,7.322321710661067,,5.399069624282277,,4.504503677887204
PCL_PCL0530,3,fold3,1,,0.00041496611181164426,,5.420952540273668,,3.8299527416816646,,3.351114492143486,,7.354960471326859,,5.253732544674208,,4.406012233778049
PCL_PCL0531,3,fold3,1,,0.00042064269750271416,,5.958150125808466,,3.9887464996689816,,3.321696123703497,,7.3606631039585375,,5.149142561963428,,4.167852175022585
PCL_PCL0532,3,fold3,1,,0.00042188516066272476,,5.299744347197599,,3.663965513878827,,3.223342804245268,,7.256272629898074,,5.198495831684511,,4.32882809505004
PCL_PCL0533,3,fold3,1,,0.00042188516066272476,,5.299744347197599,,3.663965513878827,,3.223342804245268,,7.256272629898074,,5.198495831684511,,4.32882809505004
PCL_PCL0534,3,fold3,1,,0.00042223047602968355,,5.2204593925844796,,3.7265940691440993,,3.247111621479664,,7.087075149036618,,5.274035526695149,,4.399769933856779
PCL_PCL0535,3,fold3,1,,0.00042019774182749416,,5.762321998375984,,3.952599100467562,,3.3693733409452014,,6.989359647867056,,5.304219118848936,,4.475652640797235
PCL_PCL0536,3,fold3,1,,0.0004256911056387605,,6.214810985217767,,4.228861991380817,,3.409700063566415,,7.133471668102511,,4.7147409534612095,,3.9279076386666656
PCL_PCL0537,3,fold3,1,,0.0004150646167903546,,5.43050118243784,,3.745739999008112,,3.272236897474655,,7.002469071732172,,5.0913348472004625,,4.362617419056433
PCL_PCL0538,3,fold3,1,,0.0004148141086831071,,6.337878253313341,,4.191383880210168,,3.437631482924869,,7.576722173685584,,5.125980240021781,,4.187035750359375
PCL_PCL0553,3,fold3,1,,0.0004332370390798066,,4.727740429860629,,3.8081691519135688,,3.2602832503728383,,7.640511439674486,,4.8872989089678125,,3.9634766504474594
PCL_PCL0554,3,fold3,1,,0.0004345856636039317,,4.774439374321749,,3.4476157734423643,,2.880276726881973,,7.942440991398097,,5.367531955884311,,4.209667627108266
PCL_PCL0555,3,fold3,1,,0.0004343131092392604,,4.6606048926636765,,3.808658531547071,,3.2966892050244243,,7.729689736053929,,5.109326413222914,,4.110337194027103
PCL_PCL0556,3,fold3,1,,0.00043483737093805673,,4.631585309450691,,3.7554512412401935,,3.2928375215271175,,7.810863845827652,,4.948410908515181,,3.991696400540187
PCL_PCL0557,3,fold3,1,,0.0004316626967052397,,4.792463171417518,,3.966654708430434,,3.4292728261972183,,7.413940087682598,,5.227609552136131,,4.197500070787655
PCL_PCL0558,3,fold3,1,,0.00043241263510164843,,4.755094922758261,,3.639210836713915,,3.1597514684405654,,7.3319758102919295,,5.434162253363849,,4.421324345185526
PCL_PCL0559,3,fold3,1,,0.0004338197849112872,,4.922876973263844,,3.982553412265849,,3.3286909331786343,,7.402765439610428,,5.527757055627582,,4.526611283734962
PCL_PCL0560,3,fold3,1,,0.0004327993001721781,,4.94725838643468,,3.627496794629005,,3.1169461675814927,,7.67305340277878,,5.436691729720995,,4.392378541226404
PCL_PCL0561,3,fold3,1,,0.000435386918867145,,4.617337444882962,,3.494503003384965,,2.9428156182658824,,7.943130431882814,,5.35644816908856,,4.1674919323719495
PCL_PCL0562,3,fold3,1,,0.0004355507024368776,,4.6537212683464135,,3.4770203060287534,,2.928747896242867,,7.795195289938407,,5.285442919037651,,4.052451043583404
PCL_PCL0563,3,fold3,1,,0.0004351997912690562,,4.352648516320066,,3.1918724441155772,,2.691165598093901,,7.255072170675514,,5.241431939723503,,4.123931598683671
PCL_PCL0568,3,fold3,1,,0.0004347824749490817,,4.983189098479075,,3.7735299977250003,,3.0230975486120966,,7.805440525899217,,4.9530019402359935,,3.853311024925098
PCL_PCL0569,3,fold3,1,,0.00043367101183872624,,5.677645794720787,,3.6731642156952273,,2.8436471553848657,,7.139641166025353,,4.811173648164058,,3.7387073545478042
PCL_PCL0570,3,fold3,1,,0.0004352114498119581,,5.219924191331843,,3.9188343463700797,,3.395990995835653,,7.923842811602147,,4.977662793787994,,4.027479974148166
PCL_PCL0575,3,fold3,1,,0.0004357694924297575,,5.2752990876939405,,4.211617819715568,,3.3713514722737457,,7.701247860221898,,5.107740437879723,,4.14081329825626
PCL_PCL0596,3,fold3,1,,0.0004145321151176086,,5.750850759608103,,2.853944142145774,,2.4050443031707465,,7.75536503120621,,4.650120072343866,,3.5001140583950257
PCL_PCL0610,3,fold3,1,,0.00040958408205744347,,6.2639219979305,,3.3178184640994584,,2.7045088524515326,,7.518840170753014,,4.922890632485147,,3.751989410278972
PCL_PCL0627,3,fold3,1,,0.0004020140337252353,,6.34426984050304,,2.9195164587031117,,2.401174438832868,,8.12762447085893,,3.7940885362315377,,2.8590297384141863
PCL_PCL0628,3,fold3,1,,0.0004055082202312505,,6.132169120059786,,2.6501174537378107,,2.1944453549114633,,7.572479215656358,,3.320943768695215,,2.5444938606877403
PCL_PCL0632,3,fold3,1,,0.00040846999072566455,,5.869759774321293,,3.179760495190456,,2.618134668941471,,7.183795849940627,,4.814125046879034,,3.718754769393887
PCL_PCL0634,3,fold3,1,,0.00040108833685107564,,5.761258817250604,,2.5034474777993574,,1.9974820141861414,,7.7059246715227045,,3.6132177155567056,,2.8045465718167057
PCL_PCL0640,3,fold3,1,,0.0004085928883026946,,6.265520616165076,,2.6682330565853487,,2.1867592424850377,,7.24990399035748,,3.325912133660085,,2.5371210609627983
PCL_PCL0643,3,fold3,1,,0.0004289415039864155,,5.0280033145451215,,2.6835943402487303,,2.1817417385220983,,7.73799763423038,,4.773386464871568,,3.7168500873586754
PCL_PCL0688,3,fold3,1,,0.00043167223854847885,,4.813542929210912,,2.4835976991064386,,2.036862234144882,,7.306731301889345,,4.485746211682658,,3.403454038065974
PCL_PCL0692,3,fold3,1,,0.0004338121834995875,,6.035776620011788,,3.1502013581019868,,2.5210228806289634,,7.345979665117004,,4.820136129455889,,3.6327369313671505
PCL_PCL0704,3,fold3,1,,0.00040828548832993333,,5.643101393354169,,2.8225177468932294,,2.2979068343540994,,7.46775703493182,,4.258987011285426,,3.200652953403667
PCL_PCL0727,3,fold3,1,,0.00043401132055263976,,5.574431449149911,,2.4379344804959286,,1.9360985128605053,,7.886514474148706,,4.460750771431039,,3.238120496191485
PCL_PCL0728,3,fold3,1,,0.00042312021557873794,,5.765027976869747,,2.5094665763340154,,2.1373690381247887,,7.093077930800121,,3.7631373625098385,,2.8829572967838835
PCL_PCL0729,3,fold3,1,,0.0004332821659424786,,4.988597285973474,,2.753162072917372,,2.2420238382608075,,7.529308248197554,,4.820115404990724,,3.727176925902682
PCL_PCL0730,3,fold3,1,,0.00041689117894158287,,5.502355214882931,,2.8910805541307245,,2.5002633791848847,,7.4682740066036875,,5.206879880372997,,4.000904178053205
PCL_PCL0731,3,fold3,1,,0.00040807651890948857,,6.284608845584365,,3.2652746415774234,,2.5397281596291776,,7.526707588356181,,4.611899585885571,,3.511733974281887
PCL_PCL0732,3,fold3,1,,0.00041049298849427616,,6.164884096384329,,3.168086855131287,,2.4720254476502768,,7.256304579734502,,4.030723052571398,,3.07580127796064
PCL_PCL0733,3,fold3,1,,0.0004342837230271266,,4.776167922438693,,2.5948397185703196,,2.088071637582136,,7.87481553231513,,4.9664294812799765,,3.917607395748156
PCL_PCL0734,3,fold3,1,,0.0004291522566127314,,5.55115805841797,,2.5784764941737635,,2.08106708039522,,7.885696807161848,,4.841016515768042,,3.732408403659396
PCL_PCL0747,3,fold3,1,,0.0004305424531379932,,4.870434822106929,,2.390933096844355,,1.98591486862169,,7.36196703986561,,4.486947576679973,,3.5982086569415905
PCL_PCL0751,3,fold3,1,,0.0004342036100295991,,4.983231279924879,,2.440118345578337,,1.9796919235490007,,7.930674054545318,,4.6043032662844094,,3.6477558697660366
PCL_PCL0752,3,fold3,1,,0.00043052841118112334,,5.2427252765551176,,2.3838045414147913,,2.0070853264585007,,7.709010871847689,,4.158706224144728,,3.228357021168642
PCL_PCL0753,3,fold3,1,,0.00042556864159494674,,5.816528102923751,,2.551034441611228,,2.1614965742675523,,7.877895705229682,,4.416693270959141,,3.4347903094255527
PCL_PCL0755,3,fold3,1,,0.000428086803872553,,6.230367260895658,,3.1943451692621294,,2.525715137433077,,7.045176216594002,,4.148395111310432,,3.1581085899843506
PCL_PCL0756,3,fold3,1,,0.00043557150100974676,,5.075533905952336,,2.640906875502504,,2.148791908999581,,7.8201781978932035,,4.128267660567215,,3.227793597430617
PCL_PCL0757,3,fold3,1,,0.0004335510246419108,,5.045132803998451,,2.7193652237841466,,2.2681336280550037,,7.731347082299929,,5.174318398155011,,3.91635370259023
PCL_PCL0758,3,fold3,1,,0.0004136990648245138,,5.502533381922827,,2.61216387306248,,2.211373635581003,,7.233564632453887,,4.153104033178157,,3.3305250032999973
PCL_PCL0759,3,fold3,1,,0.00042167661539496866,,5.50645321834627,,2.59842502821625,,2.248954823581468,,7.144819028780804,,4.1991161184081705,,3.112045322157402
PCL_PCL0760,3,fold3,1,,0.0004308511218870832,,6.169384052906086,,2.9875205898547934,,2.4516752233500205,,7.402707878950161,,4.123428086029699,,3.2685499526740776
PCL_PCL0761,3,fold3,1,,0.0004125067838825335,,5.6835997841703545,,2.648885542729267,,2.179139581709265,,7.213465141471674,,4.376181937776721,,3.5488485910526153
PCL_PCL0762,3,fold3,1,,0.0004265302534159996,,5.554005898158472,,2.53136685695818,,2.081449205198874,,7.475234347565918,,4.391634868456204,,3.370007645655951
PCL_PCL0763,3,fold3,1,,0.0004292516692606819,,5.086837577739908,,2.5121621327047654,,2.0659246565690124,,7.215923192539539,,4.464604175058195,,3.519333842296009
PCL_PCL0764,3,fold3,1,,0.0004302842599149294,,5.410773997396183,,2.920933704977623,,2.4289324790472167,,7.403619934596769,,4.8757914550026875,,3.836760190463999
PCL_PCL0770,3,fold3,1,,0.00042335411321122417,,5.655320944918333,,2.624452768013546,,2.255626058194907,,7.056130280164642,,4.056574450225328,,3.2384225734533585
PCL_PCL0771,3,fold3,1,,0.0004345555230741288,,4.939129183692733,,2.5230889869759667,,2.040801667844459,,7.770018851358751,,4.403173519518845,,3.2952918472313724
PCL_PCL0779,3,fold3,1,,0.00043389149049138584,,5.200446244898211,,2.353853875905194,,1.9507789746499475,,7.385577958806794,,4.368289061764103,,3.2089999129577174
PCL_PCL0780,3,fold3,1,,0.0004346352327189249,,4.723410374406376,,2.3832072951046674,,1.9200876080448483,,7.545127409125693,,4.446539337029306,,3.3045702892379265
PCL_PCL0782,3,fold3,1,,0.00043147119241474484,,4.8642684358154185,,2.590667924607515,,2.1678150299143644,,7.682055786830995,,4.746505690617415,,3.6877903606804376
PCL_PCL0783,3,fold3,1,,0.0004265280074309888,,5.238499907155326,,2.6099759684646506,,2.1504091806955117,,7.634510300744306,,4.734134941545068,,3.6219387249316246
PCL_PCL0784,3,fold3,1,0.00040074539175353406,0.0004010311713251308,5.017990476426481,5.809400776728105,2.0981984062841486,3.281834405011873,1.4733968034077656,2.627458384102707,14.85734347459538,8.216383964762231,7.285503410075805,5.152525808884351,4.3507503144670885,4.099386193562407
PCL_PCL0785,3,fold3,1,0.00041730392506282804,0.00040745679109408656,7.420726464789805,5.903701009392565,1.5020451252765925,2.0876164604351044,1.2200433718434973,1.704229153679756,9.912830638363282,7.80008700691498,1.6067172761822506,3.351501512096114,1.256714516758441,2.591178695743076
PCL_PCL0786,3,fold3,1,0.00041127989672084874,0.00040729281771635477,4.266391935213123,4.847353040467867,2.5008923350650325,1.847107763886662,1.9304442296921014,1.5054114806516066,9.0,7.573287972536969,5.302974333310511,2.500848824096722,3.997620935765266,1.8884311335883102
PCL_PCL0787,3,fold3,1,0.0004194294511137981,0.00040339832463426664,3.1464000581473566,5.237793667244626,1.437094202227436,1.869495811012952,1.2102638868317543,1.5249112106802856,5.0,7.852857451574984,1.6950570699191936,3.021067006591779,1.3112329058692067,2.220404157193289
PCL_PCL0788,3,fold3,1,0.00041352186412362425,0.00040759245237470716,4.317269335975656,5.294053857944908,1.195117804899242,1.917488616665666,1.0642093077274253,1.556612085354322,7.648138833025388,7.337324967394206,1.3042477240099495,2.539379145500666,1.094029805370291,1.9872490263855855
PCL_PCL0789,3,fold3,1,0.00041650217881573475,0.0004087337446529813,6.476557052382113,5.484978968265316,1.35768317950642,2.012829060163243,1.126151752355055,1.6425045519972763,7.2600082137316555,7.513385404562568,1.412574078827242,3.062562278248048,1.1451127889457886,2.3502685575648377
PCL_PCL0790,3,fold3,1,0.00040576853364882634,0.0004073924043159708,8.188038510220224,5.717450732639049,4.042370383261699,2.7799446408640236,3.017213730047551,2.306194086634059,11.42999673769383,7.776174318360791,5.323614354255383,4.209583085979025,3.678738104153608,3.144094403593563
PCL_PCL0791,3,fold3,1,0.00040625872151962784,0.00040375412961860674,4.230198968429198,6.22107935651018,1.3018764485687253,2.5913843639284933,1.1204325920790112,2.1733754787711153,6.876519010587451,8.12100302237323,1.6872134643388168,3.666269369405216,1.2771479689007248,2.672198929935759
PCL_PCL0792,3,fold3,1,0.000398440540058669,0.0004062611751045678,,5.561098110205663,,2.2015771888301923,,1.818441165765777,,7.91169696465122,,3.6248742799700193,,2.8984068133792786
PCL_PCL0801,3,fold3,1,0.00041324037503930803,0.0004070724168004844,5.5936654893206885,5.573163924576288,1.730301846485656,2.2813013100210497,1.3065084912911673,1.9083659912910649,7.0,7.689736169203492,2.003697615409798,3.152372386655512,1.4064308681672026,2.445835057389068
PCL_PCL0802,3,fold3,1,0.00040583762471636407,0.00040409267080036143,4.425899753934502,5.342800567011521,2.6689635238091207,2.0662689635105056,2.2892492744803197,1.7683276269023018,5.0,7.605045935758763,2.8357422926417373,2.8716599749072476,2.42511252522117,2.175521148862007
PCL_PCL0803,3,fold3,1,0.0004070400852737124,0.0004106764122551315,3.183864906481411,5.294299952882577,1.3783334841127284,2.008130914626143,1.1617537115667025,1.692822311488034,5.0,7.4590986137519355,1.8834080428899542,3.4279209461548397,1.383828045035824,2.6464262734710617
PCL_PCL0804,3,fold3,1,0.00040075696535299524,0.00040855211192952767,5.027440158843151,4.855473683977563,2.245948958794725,2.121801334660209,1.622383120749332,1.74021928314453,7.0,7.00887526343897,2.703742760630345,2.627559948915143,1.8137947843041675,1.955142047043811
PCL_PCL0805,3,fold3,1,0.00040743991753029957,0.00040129623177735316,5.66911179494066,5.582964002396535,1.6412144251431768,2.897493387056162,1.278122312782621,2.2843099461181233,6.252088743246308,7.573608663143198,1.71194019992236,4.072191538406543,1.2891853017627821,2.939224471384539
PCL_PCL0810,3,fold3,1,0.00040818476692412156,0.0004068043339063316,5.49557763352009,5.97205471684049,2.7829694384717816,2.4265097171693752,2.106296296223471,2.0735606568762543,6.0,8.336372205114591,3.1667494614864657,4.546362558024004,2.4522042776080317,3.4418565873259417
PCL_PCL0811,3,fold3,1,0.00039208475894949034,0.0004025791870938076,5.277814269885893,6.071660743303304,3.1690423817117126,2.92400177549191,2.386471216582776,2.365796090442247,6.0,7.30789400604324,3.497908619672177,3.90385735984545,2.5520833333333326,2.8447335063287866
PCL_PCL0812,3,fold3,1,0.00041077014424822597,0.0004056603621224505,,5.484805927582028,,1.9058811205578834,,1.5560405999509321,,7.4439322411272855,,2.8834764319767374,,2.1441534031666305
PCL_PCL0813,3,fold3,1,0.00039827396360950245,0.0004015549141618696,5.352266114033085,6.16416982061426,2.4633213076734517,2.924001805357384,2.1584808839030347,2.524011687851585,5.853302965033379,7.46212058837916,2.628326527581683,4.157496600811131,2.2467947388075182,3.1837296200510457
PCL_PCL0814,3,fold3,1,0.0004089620344711983,0.0004041239428157848,,5.2202786584278975,,2.4685165517678027,,2.023105412270249,,7.571639158766251,,3.3692181073692224,,2.4971427613986172
PCL_PCL0815,3,fold3,1,0.0004055722593266866,0.00040685523688160745,,6.060866771852081,,2.539292863834547,,2.0532496412569547,,8.089138972076412,,3.1672499779867405,,2.4875866934569277
PCL_PCL0816,3,fold3,1,0.0003913515979388494,0.0004035526843046231,3.8390931344515846,5.547156892790403,2.669256188955813,2.4830071741593223,2.4133872961327607,2.0954128044663296,5.0,8.274462448996427,3.6966072669892704,3.2865189275954827,3.240982058545798,2.574290344328884
PCL_PCL0817,3,fold3,1,0.0003895612168425409,0.00040735734728228855,4.433640303352634,5.554377609507049,2.6734136334374714,2.059586290981935,2.400222012484059,1.6791026658040749,6.0,8.014606033760627,4.01991687639808,3.4988455760994936,3.5227113906359184,2.5426010722991332
PCL_PCL0872,3,fold3,1,0.00040553072259048346,0.000407957504840014,8.874389216987321,5.22870830440273,5.36158120917885,2.038272704648633,3.7891962596308475,1.674061428938289,10.24373148000503,7.440496008629843,6.561395702719954,3.3014512322164946,5.039263203738484,2.5718806459912327
PCL_PCL0873,3,fold3,1,0.0004133639944325428,0.00040767990804328746,6.246601871646776,5.54437887085605,1.8772614936074532,2.562281132698884,1.3835550025090053,2.0872285475675514,6.857524838939119,7.763982497634426,2.0676383821384596,3.221007814835016,1.4733106470618818,2.3488123026601104
PCL_PCL0874,3,fold3,1,0.0004148628199997004,0.00040940065712686234,4.703905289943802,5.123419826541224,1.4090029854436619,1.8966780180711573,1.1719482815850324,1.5902206574740811,10.890187265848096,7.050973858915266,2.27009742007323,2.8140654215612995,1.5263200348460162,2.3676320862367395
PCL_PCL0875,3,fold3,1,0.00041344263891561836,0.0004031538776268651,,5.740865872985138,,2.466420196339322,,2.000173419219986,,7.173505482400722,,3.104546664255445,,2.4573808086004596
PCL_PCL0876,3,fold3,1,0.00040614864155273146,0.00040303989599745765,,5.4049301297615395,,2.1213164046494395,,1.7364072926613172,,7.146057992168888,,3.02107160360658,,2.3532832264271235
PCL_PCL0877,3,fold3,1,0.00039945609944146707,0.00040351149670467094,,5.243065059106018,,2.030557034617939,,1.7027846476354906,,7.254302910887875,,2.799042917256131,,2.1568911604223167
PCL_PCL0878,3,fold3,1,0.0004002827930615721,0.00040400466170221506,4.5601759890236355,5.649588978158851,2.431892117236125,2.394550729588735,1.9349244666008991,1.9929719401619443,5.427368912698921,7.2343624416509185,2.5845311215521445,3.1599081511514058,2.00073152439849,2.355572168146621
PCL_PCL0879,3,fold3,1,0.0004057317867695258,0.000409462888339894,,5.398732380842698,,2.165560339682092,,1.8034078922194496,,7.509803281120957,,2.9631297405869055,,2.297668916068523
PCL_PCL0880,3,fold3,1,0.0004048321608245517,0.00040651897615338536,6.30943703339205,5.660481214220752,1.730212975428569,2.3224315071185373,1.359299693470167,1.9845205592327264,14.110441245998055,7.41415140895366,3.998446401365314,2.9809163723944954,2.9691186922116852,2.5257360677263985
PCL_PCL0881,3,fold3,1,0.00039400023481812803,0.00040635855471156737,4.691007643045284,5.5838443675759635,2.9661641219648542,2.294469116206841,2.4996114535693783,1.9273128873446652,6.0,7.789963254126407,3.9401727692372828,2.845134709141833,3.047619047619048,2.290878696235128
PCL_PCL0882,3,fold3,1,0.00039755118100358175,0.00040323413562658346,,5.761291687327026,,2.14152448945527,,1.7347495029247613,,8.140607763078489,,3.3426377382190195,,2.6885735941083504
PCL_PCL0883,3,fold3,1,0.0004102291838915687,0.0004042448480331487,8.028255985113953,5.548369420602227,1.6218600106616963,1.9064062178353534,1.2381707973180263,1.6600874071340517,8.888964343271667,7.775134363604463,1.686273991566803,2.9137536799666437,1.2574922741788734,2.3087292936794457
PCL_PCL0889,3,fold3,1,0.0004123728378597179,0.000403605182891207,7.037685148439968,5.5351386539182235,2.3174151134440573,2.651728551082308,1.6020748070767472,2.2770548512453996,10.260180781580145,7.78315630722415,3.4615578462834664,3.8678451890124554,2.300957384935214,2.934605657417733
PCL_PCL0890,3,fold3,1,0.00041630570610371896,0.0004041007532946377,8.271230568857444,5.592205772977515,4.786801371077085,2.612065523056094,3.902756221066526,2.2686339221985636,9.243988463655402,7.48270436997371,5.2219918459260635,3.5515845770968975,4.229059301660458,2.7321684109695608
PCL_PCL0891,3,fold3,1,0.00040019616608924356,0.0004058471380241936,7.373237162315694,5.634674657646833,3.185820161649441,2.3390853399784746,2.264443213380817,2.064859874630284,11.0,7.4970085382590295,5.5624905078019395,2.958370330991897,3.8221429679020003,2.341729683851483
PCL_PCL0892,3,fold3,1,0.0003839635744104339,0.000405958661355843,6.122702004201624,5.443414259813507,3.1064869621515454,2.143517657818623,2.522085495522466,1.7436822164962082,10.257827557442214,7.50613513003572,5.142429468244206,2.907577570370386,4.159027382349933,2.203383061018545
PCL_PCL0893,3,fold3,1,0.00040581288974255553,0.0004056072739885199,3.540073348340089,5.510507236700022,1.765604291431091,2.1788513277566657,1.3971685520979962,1.9082445840588556,6.0,7.542020544059446,2.906641096933257,3.253603245448021,2.1050949760340845,2.4189609992763685
PCL_PCL0894,3,fold3,1,0.0004020314561239551,0.00040577536416710677,4.35523237838931,6.01577977661387,1.9584896103787093,2.938081926243143,1.4772570576124986,2.426819140214997,9.858579971650833,8.368615937013471,5.138722071413609,4.574771609406582,4.432795330098662,3.3843319262027913
PCL_PCL0895,3,fold3,1,0.0004145935905213985,0.0004086670136195132,9.527277392996398,5.774291498394513,3.897435755217643,2.68728377304614,2.5065652856870573,2.3235907372587645,10.85821698227327,7.883734384492559,4.430565097320584,4.521079201466457,2.718345417914015,3.54421022062145
PCL_PCL0900,3,fold3,1,0.00039493401334835443,0.00040430487116456006,7.414195733602607,5.604407629053284,4.894555473207243,2.36847288917818,3.6748444053559877,2.0497057180944496,11.0,7.253548636930916,7.800420509617246,3.0291461901019137,6.151162790697674,2.3648665790364243
PCL_PCL0901,3,fold3,1,0.0003907735935046007,0.00040567890803434,5.534708934865892,5.744735242766602,3.089390817004042,2.709673843661985,2.5258334715458686,2.279424220344933,9.243243129282732,7.450261338826538,5.657887819323978,3.2324752271409403,4.308267247340619,2.4054136421505876
PCL_PCL0902,3,fold3,1,0.00040559499278186134,0.00040663846166639345,5.558289688876366,5.296033729966827,2.245509986911795,2.0565961367540506,1.5202001638590164,1.6943083716417418,11.859459147663934,7.531629330052651,7.7291693257497665,3.3284571701677153,6.234243819902731,2.5351559430713664
PCL_PCL0903,3,fold3,1,0.00040689017839045944,0.0004054444551536765,3.549317377693011,5.406050623762607,1.4620305340991349,1.886565660346544,1.2797771461317822,1.5443947730194634,7.0,7.494949257372693,2.7448860681016254,3.021996195183574,2.264932137782351,2.331914248710431
PCL_PCL0904,3,fold3,1,0.0004054007076893215,0.0004061095213781403,4.5789925694779425,5.25649939100178,1.377050066474174,1.872979902711729,1.1681076059213393,1.5772889155022356,7.257539868224043,7.114684855257197,2.078486267194324,2.9985534973581895,1.5079766896911428,2.2911599429503515
PCL_PCL0908,3,fold3,1,0.0004071518064381606,0.00040488738971122124,7.0268556440348995,5.9558962869855225,2.086399183124128,2.9754011570975716,1.5936446559702733,2.4137718317445285,9.861107947410112,8.06903608361734,2.6013974930757358,3.8038229976556606,1.743448460638057,2.886584364511429
PCL_PCL0913,3,fold3,1,0.00043840767216516476,0.00043716585279072497,,4.617060831435981,,2.928294858368699,,2.3098598228338014,,7.739855247797626,,4.228087236060428,,3.392987917253432
PCL_PCL0914,3,fold3,1,0.0004378869971020457,0.0004370322823350186,,4.361777328111277,,2.9079154333824935,,2.2967406765660403,,7.58269448309974,,3.8747170942506357,,3.040467695646431
PCL_PCL0915,3,fold3,1,0.0004386003512767799,0.00043701655679876,,4.45886792140306,,2.8868053845841453,,2.3021999418301795,,7.250255884509054,,3.7210157915081647,,2.8771951786386993
PCL_PCL0916,3,fold3,1,0.00043744547198137733,0.00043624113183779803,,4.504051107546559,,3.101606663551951,,2.4628806507777172,,7.908645316410701,,4.314728359457103,,3.3038264868012583
PCL_PCL0917,3,fold3,1,0.0004385410252736187,0.0004367997012267085,,4.4859602007951,,3.2605891023407283,,2.7456409658500776,,7.607312258794598,,4.739347642067636,,3.6768519711540835
PCL_PCL0918,3,fold3,1,0.0004366192275888879,0.0004367841204126269,4.520448556518377,4.484612550920847,2.6177968116562558,3.0790393524674813,1.8888599701916478,2.619158145958984,6.830216770588211,7.386182795828448,4.386753201837591,4.501153443141178,3.3594624860022395,3.598107595124069
PCL_PCL0919,3,fold3,1,0.00043674336568130784,0.00043680075665869164,,4.573652485159198,,3.1437243479771952,,2.635522306580007,,7.482424923861401,,4.556019982107181,,3.6913226783761504
PCL_PCL0920,3,fold3,1,0.0004374987079949912,0.0004359554576699367,,4.485703308376864,,2.968899722390631,,2.48911914247408,,6.859955896838771,,4.301432593384411,,3.2641795997395615
PCL_PCL0933,3,fold3,1,0.0004206035799590927,0.0004256179891174855,6.197740558516149,5.5316288000112905,4.699400967665035,4.16536446257264,3.7522009830050456,3.570703356058053,8.832759320817745,7.3705495990928585,6.739426025377426,5.502688984708753,5.136585365853659,4.653074866782573
PCL_PCL0934,3,fold3,1,0.00042517256261556256,0.00043018387775722346,,5.441586161373534,,4.141592430755865,,3.465122989222429,,7.4182638967667565,,5.476561796337543,,4.630882617031819
PCL_PCL0935,3,fold3,1,0.0004293951248711715,0.00042918260839285537,,5.570005156326487,,4.190979117203831,,3.543122974392326,,7.4778133684570625,,5.476470193660459,,4.663977321029844
PCL_PCL0936,3,fold3,1,0.00042492572663318964,0.00042918260839285537,,5.570005156326487,,4.190979117203831,,3.543122974392326,,7.4778133684570625,,5.476470193660459,,4.663977321029844
PCL_PCL0945,3,fold3,1,0.0004318669496166609,0.00043523019299285606,,5.260739919806893,,3.8922830117684133,,3.162785222159731,,7.678661545801931,,5.452547534834348,,4.380866882196265
PCL_PCL0946,3,fold3,1,0.0004351770320986417,0.000435992745691019,,5.2939163423371625,,3.681517161387269,,3.0444451159452,,7.660484521969496,,5.1852226684276514,,4.160531614382982
PCL_PCL0947,3,fold3,1,0.00043524583070173116,0.0004357236009143884,,5.622212677338725,,3.8011319179867806,,3.0825284010527985,,7.162619681502024,,5.073043640710365,,4.095746168584886
PCL_PCL0948,3,fold3,1,0.0004358697048995211,0.0004354361565293754,,5.488096508578701,,3.8169385329883343,,3.0024536099805452,,6.920666002767637,,4.81127458745862,,3.713768715616744
PCL_PCL0971,3,fold3,1,0.00042886877279102735,0.0004329357984689027,4.340830148197263,5.993505172747256,3.163574280895514,4.070635374621386,2.3023697814116884,3.399353777861048,7.5745245860259285,7.703800691387383,4.354384655299588,5.556340546697223,2.7409602845287493,4.45876538465742
PCL_PCL0972,3,fold3,1,0.00043106332506128033,0.0004321434985555192,6.9447520663407785,6.033175532038514,4.660929329089722,3.847186447850226,3.4848495570072866,3.203469131797382,8.796035662096237,7.72163647510903,5.6050616070491674,5.308447567294472,3.84090909090909,4.382559586603788
PCL_PCL0973,3,fold3,1,0.0004238745746661686,0.0004303469936857516,,6.036638764716329,,3.770137400259581,,3.207459808492912,,7.561080277018559,,5.097522780174575,,3.989079699896426
PCL_PCL0974,3,fold3,1,0.000430027096341637,0.0004345725323382354,6.434023114317288,5.836261047027832,5.858575425652926,3.8027967872043242,5.039301717008789,3.176604338405631,8.816891002005843,7.563844240513606,8.752656217754662,5.386727484536553,8.56609642301711,4.345190565730152
PCL_PCL1104,3,fold3,1,0.00043081884597809006,0.00043511059685639834,,4.76188090131224,,3.277921064306634,,2.639165988403836,,7.425793975601817,,4.165250464813,,3.1899825538283904
PCL_PCL1105,3,fold3,1,0.0004229863019683411,0.0004350111257895757,5.378839091565371,4.652854552018239,4.25755641696966,3.368635239276262,3.716926378148278,2.7240966118563295,5.810953925065898,7.510398234644614,4.65853984052671,4.571271974718652,4.146868250539956,3.6025754291818806
PCL_PCL1106,3,fold3,1,0.00042526880737197453,0.00043488075908662896,,5.012852994288282,,3.549053995917015,,3.0757116851870023,,7.609989474308945,,5.052586806408842,,4.253394951676026
PCL_PCL1107,3,fold3,1,0.0004217775873974522,0.00043466421000445607,,5.089737992966897,,3.5087525077374404,,2.879394806737802,,7.996268812626956,,5.001631514289283,,3.836036912947279
PCL_PCL1108,3,fold3,1,0.000430912816221716,0.00043528220412508527,,4.627950559155908,,3.3162928378647227,,2.7195429891217673,,7.667172672049819,,4.378251473966406,,3.52183406102244
PCL_PCL1109,3,fold3,1,0.0004298103580518243,0.00043574563731174805,,4.648841357857498,,3.4172118222172974,,2.8830670180690494,,8.172890753604683,,4.896026943153345,,3.7521391134110287
PCL_PCL1110,3,fold3,1,0.0004310076287979787,0.0004350620535945246,,4.5528904183305,,3.3887900649802964,,2.7597694638838353,,7.761438491191923,,4.831954052518665,,3.979025051428981
PCL_PCL1111,3,fold3,1,0.0004258979813232708,0.00043549155586121956,,4.664893465147558,,3.291736602410717,,2.686093391746289,,7.6254263130767335,,5.023160184692046,,3.7277331997913916
PCL_PCL1112,3,fold3,1,0.00043183345471019345,0.0004358513384004545,,4.720506930805093,,3.279974542025207,,2.6442185673064555,,8.24046492843785,,4.819229636321592,,3.6490980169682685
PCL_PCL1113,3,fold3,1,0.0004299558040425879,0.00043590243705204923,,4.665110099716477,,3.1362769296227455,,2.5008714054604404,,7.865941629288758,,4.534017043838801,,3.4641195329811727
PCL_PCL1114,3,fold3,1,0.0004311186093914828,0.0004356838793808226,,4.7223831418253805,,3.3818986951103445,,2.7685387786775517,,7.538390089106652,,4.85915486584237,,3.7114166845326033
PCL_PCL1115,3,fold3,1,0.00043154454866265406,0.00043706351812930824,,4.688751298168939,,3.092318433649898,,2.4534619640275093,,9.392354346894155,,4.632540646764203,,3.473132221713319
PCL_PCL1116,3,fold3,1,0.0004309119788704642,0.00043726561620258467,,4.593631572638262,,2.9558904768559184,,2.3701504278532695,,8.936076347313227,,4.237644129201227,,3.1926837002500643
PCL_PCL1117,3,fold3,1,0.00042957740712767017,0.0004358648602638005,,4.568558907855379,,3.289454316143006,,2.6595223300538144,,8.014507903812945,,5.143881935654418,,3.955799996205841
PCL_PCL1118,3,fold3,1,0.0004297399399713726,0.0004365122200701236,,4.743211887746527,,3.0679722638153564,,2.385035286668431,,8.999458891689374,,5.026576127274146,,3.7605498228408485
PCL_PCL1119,3,fold3,1,0.00043737080096217535,0.0004352152331595933,,5.072107335141004,,3.6685565315165265,,3.0549471899988414,,7.75932093781868,,4.391993423388017,,3.415388895976629
PCL_PCL1120,3,fold3,1,0.00042629732048557424,0.00043523390845745004,7.3780345020233735,5.078976279167494,5.4653243386241535,3.9605152407996775,4.339722354188353,3.428485012239534,8.089014413153016,7.740278650252819,6.46519137365766,5.575364368812255,5.351351351351351,4.700668785968103
PCL_PCL1121,3,fold3,1,0.00042621874091977786,0.00043507538748287916,,4.419813844813669,,3.2863842427170358,,2.8581241844127345,,7.915127012699,,4.809501421094458,,3.9897769075971996
PCL_PCL1122,3,fold3,1,0.00042550768789706417,0.00043738387534012976,4.508284921981618,4.487573010625535,3.8420067136572187,2.8846194375770735,3.343167237995348,2.358238234665263,5.0,8.296859360797619,4.295819673775236,4.0664620992101685,3.7216494845360826,3.0295439888977174
PCL_PCL1123,3,fold3,1,0.0004289403213039192,0.0004368279922084637,6.046955417261592,4.58084712018816,3.8968032223255036,3.0758487168817608,3.0823290538605765,2.5388170254941755,7.233073735470647,7.790314568653778,4.334264433048455,4.148838924268285,3.27555988315482,3.1698151875955354
PCL_PCL1124,3,fold3,1,0.0004314385360953183,0.0004365362346784932,,4.735877965333198,,3.1392318187496473,,2.4724312718873747,,9.305450837606045,,4.754231401736948,,3.596665197145836
PCL_PCL1125,3,fold3,1,0.0004314568401259183,0.0004364139127241186,,4.584056240935656,,3.1963376812101836,,2.6216805496272952,,9.046494299572874,,4.96679974869386,,3.8788513193177243
PCL_PCL1126,3,fold3,1,0.0004316868342158016,0.0004365981000390533,,4.434557858332997,,3.3088165355071473,,2.777899443001778,,7.53776697504913,,4.654210411273071,,3.7915646358833133
PCL_PCL1127,3,fold3,1,0.0004275002726222208,0.0004366603256446659,,4.71788571900595,,3.095900627801958,,2.4567491268646546,,9.285867423033777,,4.666360450749436,,3.632039718131411
PCL_PCL1128,3,fold3,1,0.00043385521684904477,0.00043695003940543917,,4.750622214475551,,3.0432286248792764,,2.432154265618776,,7.879013972322154,,4.033998193032306,,3.022056682394471
PCL_PCL1129,3,fold3,1,0.0004253290729205886,0.0004349636118560693,7.272650323159589,4.713823517360032,5.186465045763947,3.7665785387151893,3.966364316210341,3.166741656613483,8.161969192445246,7.709164682564456,5.818100760221041,5.4945201599625015,4.415823367065327,4.49414689412563
PCL_PCL1157,3,fold3,1,0.00043446982509726627,0.00043693982950382404,7.585049979876684,4.441292692043015,5.15493790640136,2.2281654622282305,3.744070183749669,1.9663099507167119,13.637797813315334,9.068620036448191,7.325083557809249,4.267818217748216,5.107123841976361,3.247905797946409
PCL_PCL1170,3,fold3,1,0.0004337745203083641,0.00043749401258154873,2.867259549966874,4.448070009010109,2.0312084170542293,2.280588570277519,1.6503774265005966,1.8143969727490952,5.0,8.794878241058187,3.6681416718833395,3.694374428050054,2.89321468298109,2.7967890597864815
PCL_PCL1171,3,fold3,1,0.0004368928569762598,0.00043592652213360165,6.415757411969068,5.008223880165675,3.9839842695735888,2.369868945825401,2.8547437002304705,1.9778445354771146,6.790976465772172,8.452327424152127,4.235243631606577,4.519182389866394,2.991150442477876,3.4261976252274473
PCL_PCL1172,3,fold3,1,0.00043467663834102977,0.00043718351828100736,6.105180662619734,4.459807823551276,3.435495847517072,2.2337336180515317,2.7603756714594403,1.8801006224483157,11.910188929187218,8.881987209354191,4.151144585728334,3.5679449498154474,3.237215319101327,2.63057443209243
PCL_PCL1173,3,fold3,1,0.00043638517710765994,0.0004373639903428872,4.991662554690336,4.364409715780656,1.2653085006492297,2.101319543851535,1.1098734206670549,1.8194628329077296,11.139527679018322,9.021674088976933,1.8673657319339467,3.5928697553662965,1.3305743223029576,2.849534370368186
PCL_PCL1174,3,fold3,1,0.0004343869488982367,0.00043716136666304903,3.4352942219013274,4.772616992471221,1.6866356153344668,1.9163513768795428,1.3754451803131285,1.6202364001757645,9.177060199926046,8.461609790224394,3.6627179758916903,3.5435552162921433,3.0012220512356302,2.657578419235849
PCL_PCL1175,3,fold3,1,0.0004364078964577535,0.0004370147900678526,4.226564105060393,5.061337974387062,2.7379855444325045,1.985744491864296,2.38216387195799,1.69352106468602,12.120335198461795,9.043463587416976,5.278927909013964,3.79075888541595,3.524295893091954,2.676024399665981
PCL_PCL1176,3,fold3,1,0.0004353419217757791,0.00043639453640032314,4.626370814885113,4.895963331241754,1.5723092583593699,2.060809618570335,1.2502627103376762,1.6997167137537594,10.176342805085984,9.180483017345827,2.4709407687495424,3.852031775573221,1.5650695273626063,2.888134501023959
PCL_PCL1177,3,fold3,1,0.0004357405107005065,0.0004366057421966371,5.704278319136265,4.574479076554846,1.8752499063692054,2.159723862550618,1.3719753673472257,1.7736439482019473,7.858168540561812,9.867020711929818,2.1316071504772105,4.483284290027209,1.4503611386489166,3.330854094996671
PCL_PCL1183,3,fold3,1,0.00043481696466795476,0.0004371735553109074,4.749197884082823,4.633098725894333,1.5728956297091858,2.326156093421097,1.2611651852549097,1.929300028108631,11.178502010348579,9.254967431835043,3.3919938250934094,4.014429056401469,2.1640454400471087,2.9497110388950785
PCL_PCL1192,3,fold3,1,0.0004355719251108638,0.0004371547456358902,7.530304820769851,4.544869223698347,2.409207424517297,2.0153260800987156,1.7604711889854134,1.6432062845282203,12.137572442451315,8.952040554500071,2.7489325533060143,3.6330294558747642,1.8367671225658577,2.7563039114356584
PCL_PCL1193,3,fold3,1,0.00043511485648289156,0.00043612067438781807,5.601012077467073,4.563544210094968,2.548007462581329,2.378223804737965,2.142145870197956,1.9270350166262504,7.876519010587468,7.842874500958422,2.8542807716484684,4.2523294498565924,2.2634705164641673,3.231180555627577
PCL_PCL1194,3,fold3,1,0.00043464939527518146,0.00043646223066414434,,4.636399334080806,,2.3082539604221677,,1.894981573162309,,7.756517459783899,,4.011421646369898,,3.0172250073241687
PCL_PCL1195,3,fold3,1,0.000434501212951067,0.00043726245601298334,7.649231273040582,4.527805690591061,3.2363672838054653,1.8526906599153183,2.5038545704324364,1.5394103807209072,10.908226544530962,9.432299190545965,3.783445546906029,3.9526927871493407,2.8772511022543554,3.0533078774268936
PCL_PCL1202,3,fold3,1,0.00043682058279687617,0.00043644659655372314,3.437196538251028,4.696805380475261,1.4176069477200188,2.0819588012952126,1.1774923101544115,1.688624949390842,6.0,9.3382486573519,2.1349119101436056,4.3401735607237235,1.4899274778404512,3.3432932062607175
PCL_PCL1216,3,fold3,1,0.0004076792648132353,0.0004052729553318882,,5.433479009411934,,3.093726475963486,,2.533415989500128,,7.556317490621043,,4.26778663709786,,3.2969175304794125
PCL_PCL1217,3,fold3,1,0.0004036097513123043,0.00040395822127309126,,5.315245248679324,,3.590906338492877,,2.885621978601348,,7.191356549884728,,4.369505877333598,,3.5037021853692556
PCL_PCL1218,3,fold3,1,0.0003991946814006799,0.00040609658517398034,,5.785616470295009,,3.962509655945369,,3.2724975983123703,,7.975221586872784,,5.053373591202709,,4.168848644052576
PCL_PCL1219,3,fold3,1,0.00039892893569142945,0.0004129613129077725,5.87298177180978,5.2274370733798285,2.8641974603528833,3.6936764364605366,1.934477172979155,3.084246732899978,8.144126981858545,7.418031896130924,3.6600791592926947,4.63709951120923,2.4122180987724806,3.8210355771619646
PCL_PCL1220,3,fold3,1,0.0004132246824317748,0.00040940909136230434,,5.646427067380216,,3.9213172219075463,,3.345010658684343,,7.151120171061349,,5.088195646440333,,4.309416903753096
PCL_PCL1221,3,fold3,1,0.0004046725016012159,0.00040917855895941137,,5.734536409648039,,3.771754628788104,,3.0983392365309577,,7.381771466736228,,4.832945458874558,,4.0501623319026585
PCL_PCL1222,3,fold3,1,0.00042855619604898935,0.00041446021564174595,,5.74972863432443,,3.389409769121341,,2.780903154187531,,7.25962003545027,,4.68540726879808,,3.766292749817859
PCL_PCL1223,3,fold3,1,0.00041372416300237524,0.000409372007810398,,5.719898728172967,,3.565071677473831,,3.0184537174568957,,7.664147703553144,,4.92436781735734,,4.122599786581814
PCL_PCL1224,3,fold3,1,0.00041415360754602115,0.00040710974214197906,6.175775144798813,5.6663689359641,5.069500457458952,3.5736631783933746,4.130719835258489,2.9942704857540767,7.035755203921296,7.427132067123126,6.049023515160949,4.789607549738871,5.090909090909091,3.957070526892019
PCL_PCL1225,3,fold3,1,0.00042120411464846206,0.00041089833446250786,6.10268044494117,5.2203509746560295,4.328772083396333,3.4632845355969835,3.3579711634184797,2.8894488110863312,8.103856964417297,6.880368102000584,5.867945408549881,4.924551249733455,4.632727272727272,4.155634149383936
PCL_PCL1226,3,fold3,1,0.00041428996970923324,0.0004265281064882373,,5.596100528431181,,3.1653315508224664,,2.588237869714239,,7.042580437034831,,4.3511924041425285,,3.446750259515048
PCL_PCL1233,3,fold3,1,0.0004008966176104365,0.00040392667744769926,6.7209004941406825,5.725437770097149,5.0085497146767635,3.1142614550042573,4.237187483236368,2.599099596463561,7.834952306792606,8.200431186017614,6.1387606328788475,4.2335784658807185,5.356687898089172,3.3092339695170865
PCL_PCL1234,3,fold3,1,0.0003911274919667011,0.0004132867970974598,12.782191554350232,5.416715203139947,7.683563231166812,3.7270290758172417,5.4888401630649435,3.1230815810334476,16.08854446397509,7.750714445303841,9.892010715769654,4.942258999983257,7.813733228097868,4.0906990316597565
PCL_PCL1235,3,fold3,1,0.00039762182507870823,0.0004075420361779915,8.182330874284027,6.285064519396093,6.356164998615682,3.8744263180213325,5.020090522703111,3.218056367371592,9.224856784837986,8.12508344201832,7.928975763764181,5.106183340064008,7.061893203883495,4.0956306781532925
PCL_PCL1236,3,fold3,1,0.00038947458083601997,0.00040422053147707443,11.459647084389859,5.884978326493977,6.256205875231541,3.6798804007337456,4.288218566109171,3.0577213282386806,13.486556925228522,8.083398032981087,7.807661729914912,5.059404386878024,5.231961193828742,4.068875003057903
PCL_PCL1237,3,fold3,1,0.000411133589431918,0.0004234382952105053,,5.392011831826691,,3.929195222042434,,3.4036580823797267,,7.162387755057603,,5.312566716032447,,4.36114414159208
PCL_PCL1238,3,fold3,1,0.0004191134010986481,0.00043294062787537467,,4.634159993801351,,3.4730578892306334,,2.99243776223832,,7.275615426743505,,5.064181255656274,,4.271670378845041
PCL_PCL1239,3,fold3,1,0.0004193724223468813,0.0004339747732098869,,4.444738925897215,,3.4753879544109485,,2.962303886394966,,7.2049641469983285,,5.010184194176564,,4.165345268982561
PCL_PCL1245,3,fold3,1,0.0004117080152362145,0.00040876436434690404,13.350000740306417,5.594016298895143,8.352512574668403,3.526630014083924,5.625634564315781,2.7713249739335626,18.020896989399333,6.877006059714813,13.013163552368114,4.320494324816091,10.112977099236643,3.4754405699031836
PCL_PCL1246,3,fold3,1,0.0003949594365580613,0.0004043456125337394,7.854779548139422,5.326553547346713,6.449798559927467,3.045833294878434,5.156394971227446,2.488516349944445,9.237906209320148,7.591438346487492,8.406996651802691,4.007299517011918,7.580997451765558,3.2998535586989703
PCL_PCL1247,3,fold3,1,0.00038861914017587437,0.00040688691577125957,8.006651393091062,5.723253882736187,4.560413027938179,3.683239497263324,3.1244126096745135,3.112859949745417,9.862545113327952,7.853997314243048,6.061870389769032,5.182170474925605,4.790786948176583,4.238970887529997
PCL_PCL1248,3,fold3,1,0.00040330875929252475,0.000404905525439413,5.696384887389889,5.397547851021106,3.0318575835697965,3.2269047317865454,2.2436686155373917,2.6863868876136983,6.842551634292206,7.00531638091413,3.8487390751398305,4.248809590097469,2.8365724381625443,3.2678810384051884
PCL_PCL1249,3,fold3,1,0.0004070940449212096,0.00041781303492639636,5.222255153516798,5.521008673778083,3.888757396563516,3.579557780377776,3.3245207315642085,3.0183287907495453,6.0,7.297142565052771,4.493749464116864,4.64696910267772,3.871604938271604,3.8590928644922786
PCL_PCL1250,3,fold3,1,0.0004061026046209716,0.00040484352762358046,,5.761443170381431,,3.5425339695841536,,2.7972982669713895,,7.059577330529894,,4.034123308566702,,3.150467781262732
PCL_PCL1251,3,fold3,1,0.00040197869038435905,0.00042994437953932166,6.396163740292609,5.232439336163113,3.12177407883879,3.889886300205185,2.3509737693823443,3.374459088990382,7.8625451133279425,7.730610157424193,3.6836370583582263,5.278941904398797,2.9052984449203834,4.454408427268819
PCL_PCL1252,3,fold3,1,0.000399633885469073,0.0004294275487799256,8.536074723347232,5.183390174286261,4.836403874728375,3.5979794255631443,3.818414366002724,3.1890094922117522,10.624439491800947,7.262928831163957,6.440682971582646,5.1988730230714175,5.030314807617566,4.3717904764408635
PCL_PCL1253,3,fold3,1,0.00039171582076379807,0.0004151657909277802,10.717458428605985,5.468597899859805,6.088653709922088,3.524042628611535,4.492735068387712,2.98498471419297,16.05680538236059,6.737493911927201,8.869993915794103,4.863912377288768,6.370741482965932,3.880550086427741
PCL_PCL1254,3,fold3,1,0.0004089862607037163,0.0004301125062080007,,5.221866162317538,,3.668593720588942,,3.1958309996588525,,7.44755234575159,,5.183771958153217,,4.398562360376013
PCL_PCL1255,3,fold3,1,0.0004140668968973475,0.000412715884685156,,5.444035710239595,,3.591978393811132,,3.0289100624195644,,6.926958888253302,,4.932720977320791,,4.029907999790429
PCL_PCL1256,3,fold3,1,0.0004149460437638763,0.0004315720577475757,4.450566842758245,4.909992308741686,3.5025935584633276,3.4896873161921973,2.992596360799818,3.0340566418194044,5.0,7.0791397856506855,3.9351040209304617,5.233964889836602,3.3802469135802466,4.257207271418212
PCL_PCL1257,3,fold3,1,0.0003998808272429636,0.00041822118180051895,6.425464173427371,6.105089914310703,3.307103448784948,4.104871678345471,2.5422061609372544,3.361670633722113,7.245071701098226,7.527661616861161,3.8094484377389444,5.111290077314049,2.956043636363636,4.1799337768134786
PCL_PCL1259,3,fold3,1,0.00041810074892679956,0.0004218283035211049,,5.589474796755047,,4.26355182608996,,3.4039798089170605,,7.481069457646905,,4.5315682745955845,,3.6783895840534417
LT_0,4,fold4,1,,0.0004098674855631656,,6.417094759894895,,4.394097581701213,,3.0451223555090685,,7.313158884389485,,4.614663583971635,,3.464398639460236
LT_1,4,fold4,1,,0.0004097995879073033,,6.289176223424483,,2.597003023247922,,1.964591041175777,,7.556966334694009,,4.17917284813094,,3.0276243476866953
LT_1030,4,fold4,1,,0.00041073909437115,,6.442654155630427,,4.377237090582444,,3.0883239654561097,,7.554741423410187,,4.5334066272376266,,3.4291819448719303
LT_1034,4,fold4,1,,0.000410752955855442,,6.0510569230473035,,2.388186637474138,,1.7777433346859837,,7.373062644011919,,3.1792386131880646,,2.390380438808056
LT_1035,4,fold4,1,,0.00041186484669786944,,6.499253836232179,,2.68082237567698,,1.9946573858513226,,7.506728427775819,,3.639532643922184,,2.6487499238839747
LT_1041,4,fold4,1,,0.0004104860367847938,,6.902360122588984,,4.709693210295858,,3.2729457938845656,,8.052317756150517,,5.705331196297853,,4.624410099081322
LT_1047,4,fold4,1,,0.00041093873569950437,,6.190738159072117,,4.279232150159082,,2.944954592290112,,7.162751633304662,,4.356320725785405,,3.1619305752869065
LT_1048,4,fold4,1,,0.0004101924613590206,,6.872135477686598,,2.932904602770083,,2.197172612402936,,8.17660564065027,,4.3554568295227325,,3.210690310640404
LT_1097,4,fold4,1,,0.0004101618179422166,,6.402091602130528,,4.20184295366936,,3.0660513795143673,,7.425833897530948,,4.837658969285947,,3.606938678850434
LT_1099,4,fold4,1,,0.0004095365117482517,,6.300450159857906,,2.701260962989221,,2.0538932972175123,,7.995476755359008,,4.56862376467584,,3.4096274544154097
LT_1102,4,fold4,1,,0.000409444316213918,,6.270168606983973,,2.5356033921238033,,1.9346468910499985,,7.465551002580417,,3.9192046570111216,,2.9373105897980665
LT_1117,4,fold4,1,,0.0004097797424376468,,6.249352912136803,,2.4973953603764096,,1.8909265385330185,,7.378930807057106,,3.584309708913205,,2.6597015848152585
LT_1120,4,fold4,1,,0.00041120800983240717,,6.7246021643941765,,4.447463151729145,,3.1904240677492757,,7.369167378375367,,5.293987252232474,,4.027279969583529
LT_1121,4,fold4,1,,0.0004095615068737176,,6.59605849577066,,2.7829331275740126,,2.0487968291915903,,8.472366952648454,,4.836656671580897,,3.513591997756946
LT_1122,4,fold4,1,,0.0004097002544932258,,6.464608245814717,,2.5871897046459202,,1.9857318616222916,,8.142408787388309,,4.218727905504311,,3.0250383068641926
LT_1124,4,fold4,1,,0.0004091906182096608,,6.418559491368944,,4.375638967223988,,3.095248757820931,,7.583127765471285,,5.309824769077986,,4.01858433070899
LT_1134,4,fold4,1,,0.0004166536005112114,,5.961588044199603,,2.4280047192653162,,1.8976201112724014,,7.486741924166143,,3.8114374510122966,,2.93369552510815
LT_1135,4,fold4,1,,0.0004105580646850786,,6.242314501590517,,2.323535852358801,,1.7772744846961013,,7.210384859873424,,3.6925900434046324,,2.9058399834853015
LT_1136,4,fold4,1,,0.00041114089488381717,,6.163538834354876,,2.5820271352982753,,1.9518565091101603,,7.303339398117002,,3.657203233260155,,2.8505711015024686
LT_1140,4,fold4,1,,0.0004120542119752414,,6.596497126709219,,2.7367786195198835,,2.0021205003105065,,7.338744887480923,,4.159546223970476,,3.1520081033192895
LT_1142,4,fold4,1,,0.00041158736287837984,,6.304118701258889,,2.6862010136333265,,2.0079404048216785,,7.452882841530203,,3.867458464969773,,2.9421338960597785
LT_1144,4,fold4,1,,0.0004124923724192608,,5.833477299813397,,2.2566610503316173,,1.7637339537374375,,7.402847552265467,,3.012332356405103,,2.243453494184184
LT_1145,4,fold4,1,,0.0004123147944358179,,6.350688595845087,,4.254102683700337,,3.1822683094115893,,7.307723190235909,,4.289409348276447,,3.3221446049432193
LT_1151,4,fold4,1,,0.0004116025180878249,,6.406647554254085,,2.699490620477128,,2.0552227349177414,,7.42705263176809,,3.7942692150857686,,2.856742021970559
LT_1172,4,fold4,1,,0.00041117945410080493,,7.450471387096872,,3.3113383528682276,,2.461388407653875,,9.202355000019935,,5.157359320476081,,3.8576485362964745
LT_1177,4,fold4,1,,0.0004164081752824067,,6.074686646838568,,2.488669438415225,,1.9335646530675992,,7.271058642427047,,3.458083638808599,,2.6710684412677805
LT_118,4,fold4,1,,0.0004281869944140447,,6.243997246438557,,2.7093274009644963,,2.0029894985939034,,7.301488199405503,,3.290297352882252,,2.480797656259204
LT_1185,4,fold4,1,,0.0004138145461066549,,6.493877619797081,,2.614809802952297,,1.9415326282168024,,7.475506647620668,,3.1273610712600846,,2.3774693233338904
LT_1194,4,fold4,1,,0.0004198958648447132,,6.309616441732372,,4.214592677838128,,3.131007633455366,,7.463589626252774,,4.648002723338404,,3.443223476599505
LT_1195,4,fold4,1,,0.000411260457488875,,6.164454757058436,,2.4868342259031353,,1.9432435516216633,,7.896190674610209,,4.240024354241644,,3.2084269655024595
LT_120,4,fold4,1,,0.00041080238909763263,,6.280517319729371,,4.255630378511292,,3.0396846094353758,,7.3178975937162205,,4.516805922710904,,3.4915683619927913
LT_1204,4,fold4,1,,0.0004135802973836353,,6.323677348940586,,2.8313287235529256,,2.086548267615761,,7.00402148064072,,3.2609188145652714,,2.4950367837367127
LT_1207,4,fold4,1,,0.00041755867362900864,,6.643892976992969,,2.9621245368977194,,2.2525168046353343,,7.695845184648524,,4.5451454018519,,3.4544953982691298
LT_1208,4,fold4,1,,0.00041696699873254583,,6.658838334917337,,2.6510990378797348,,2.0344903667419234,,7.649117257320895,,4.152416165097518,,3.069434979310854
LT_1209,4,fold4,1,,0.00041061952435849855,,6.451972484565864,,2.711888432181295,,2.093375597711179,,7.534693287993718,,4.521474632939423,,3.361530575449417
LT_1210,4,fold4,1,,0.00041114140484907816,,6.260410384996046,,2.591735089996181,,2.0188334953015876,,7.140312574226212,,3.574938924166864,,2.8076518588231965
LT_1211,4,fold4,1,,0.00041165414065996025,,7.152436040556216,,3.173183649751443,,2.417478151425397,,8.219517880971525,,5.05214401398768,,3.881642842089357
LT_1212,4,fold4,1,,0.0004162596774207952,,6.589096315482458,,2.7277832357145337,,2.0951251324547484,,7.918818063480243,,4.294179175031834,,3.168039685402132
LT_1214,4,fold4,1,,0.00041795467004763186,,6.169813953702585,,2.688912264648135,,2.011789947308587,,7.2403984527306395,,3.1798641559306264,,2.472800994819769
LT_1215,4,fold4,1,,0.0004116521791396443,,6.432248369944267,,3.0101894105665887,,2.353921249907059,,7.871381068198974,,4.705869711867295,,3.8118146879141888
LT_1216,4,fold4,1,,0.0004168967240379094,,7.020499538995911,,4.7247186292302095,,3.39096610527389,,7.921744179334258,,5.547335145654055,,4.229020990427951
LT_1217,4,fold4,1,,0.0004180450300499787,,6.437242945994379,,4.601752305824449,,3.343428990818521,,7.287517527969491,,5.244943061429001,,4.087840198048172
LT_1220,4,fold4,1,,0.0004097732690252244,,6.670387197579255,,4.53579586294282,,3.249805926635737,,8.32910946423747,,5.4105753392847395,,4.29469044984935
LT_1224,4,fold4,1,,0.00041775838854059624,,6.101101532925867,,2.635860661343279,,1.9249101192290599,,7.456660718677511,,3.343001982900793,,2.5304823190323478
LT_1227,4,fold4,1,,0.00041204046875731835,,7.360154623629583,,3.366388287081489,,2.5390722512805364,,8.99240148857759,,5.4727012190059225,,4.041039309108341
LT_1229,4,fold4,1,,0.0004190413979086264,,6.291396784865789,,2.2951222518960726,,1.7717079747264404,,8.176702812437993,,4.056470577603723,,2.9635069192605834
LT_1233,4,fold4,1,,0.00041879537855679314,,6.498332129693235,,2.4967277363096296,,1.8930087033700786,,8.20077497260424,,3.960835177650639,,2.9903526499368778
LT_1234,4,fold4,1,,0.0004183937005925696,,5.768083308912678,,2.3201949877310053,,1.778064796440914,,7.540881689455444,,3.2473878977324717,,2.3225233343253158
LT_1235,4,fold4,1,,0.00040952122726753935,,6.650102327245961,,2.8523250208387094,,2.1563537790038674,,8.134936519864844,,4.587482371200106,,3.477489612916681
LT_1237,4,fold4,1,,0.00042200324410176376,,6.426739598741261,,2.4860443279729814,,1.8690882633273251,,7.721531010825743,,3.5634133126651792,,2.5887289804654117
LT_1238,4,fold4,1,,0.00042149605530901295,,5.756567599814799,,2.3377159653061272,,1.8088421082232409,,7.552924434794426,,3.5643181340358865,,2.6194489522718305
LT_1241,4,fold4,1,,0.0004158827483268044,,6.297653549493017,,4.33108267069875,,3.1322154243007123,,7.473233338325387,,4.051093734460522,,3.0998796255966345
LT_1243,4,fold4,1,,0.0004163109837387359,,6.145839048696804,,2.5065626080771555,,1.913282705273407,,7.089071841673957,,3.174233688073902,,2.5174652928470316
LT_1247,4,fold4,1,,0.0004117065242847037,,6.126028580297781,,2.539200051015191,,1.952325538017541,,7.803957910021008,,3.8040735516687025,,2.9285536903889264
LT_1249,4,fold4,1,,0.00042561626741256624,,6.393911552270701,,2.73572245618798,,2.0149692693045145,,7.640769190810996,,3.970592197581757,,2.8745974538506247
LT_1251,4,fold4,1,,0.0004138420842992787,,5.893711555483583,,2.2848940997015146,,1.7831685721594623,,7.42364146963797,,3.1246084948615427,,2.2851933370726916
LT_1252,4,fold4,1,,0.0004162037403462101,,6.491588901006287,,2.7812135504574784,,2.1186106600097974,,7.87439965946856,,4.388430204046513,,3.2258936423948668
LT_1255,4,fold4,1,,0.0004183006792536706,,6.366368418452513,,4.391574960391484,,3.163041436269815,,7.497006155445231,,4.118313734096238,,3.157902582114798
LT_1258,4,fold4,1,,0.0004136761001291428,,5.828856222802325,,2.4009649490120157,,1.745499640963143,,7.251314231509263,,3.078077652406996,,2.2755147768490263
LT_1266,4,fold4,1,,0.0004107570678729862,,7.438514450679519,,4.832208130113038,,3.4068052753907727,,9.117515076327988,,6.177319419886935,,4.786860271139914
LT_1277,4,fold4,1,,0.0004146821524658919,,6.86824678070223,,4.798998084786245,,3.36501425751177,,8.655393802974796,,5.696895971340164,,4.515537706492067
LT_1278,4,fold4,1,,0.00040976209377281345,,6.771501836855771,,3.047048497822753,,2.317521881969179,,8.029280527836239,,4.7216809872767245,,3.5907706564094233
LT_1280,4,fold4,1,,0.0004105030293390967,,6.385413553021462,,2.7321929833056093,,2.022566104616325,,7.680637011585356,,4.35822159534226,,3.255855924642139
LT_1281,4,fold4,1,,0.000419665064977209,,5.884867699300604,,2.3863657786973675,,1.8321027813526443,,7.242025662166212,,3.376944862975857,,2.6335474732608426
LT_1282,4,fold4,1,,0.00041081744460543315,,6.636022498880326,,2.733849650761777,,2.014127136075952,,7.576328378523231,,4.30527434848436,,3.2100517786482317
LT_1283,4,fold4,1,,0.0004103396948643475,,6.727511271758845,,2.6526307230641093,,1.9837000129073692,,7.746770480598419,,4.111762558211647,,2.9097046659474572
LT_1299,4,fold4,1,,0.00042169309962968374,,5.888443243452059,,2.3092059770283626,,1.723957121246582,,7.936866112218013,,3.8588844417055514,,2.8537083558663263
LT_1300,4,fold4,1,,0.0004107374580180224,,6.859779136511322,,4.512709976827409,,3.2708760003297153,,8.533194738702523,,5.605544331574114,,4.488174285967655
LT_1303,4,fold4,1,,0.0004107779395324078,,6.390737231425692,,4.367905738499946,,3.0990627466602834,,7.504094509032664,,4.645575197266961,,3.5830342477718053
LT_1304,4,fold4,1,,0.00041068748549152184,,6.578677339978352,,4.307833139642026,,3.212996395836986,,7.934236294059523,,5.42669496825921,,4.3205119188224534
LT_1305,4,fold4,1,,0.0004113477548601148,,5.713018636541261,,2.1628702352014884,,1.6688625538651982,,7.558067044004439,,3.3000749657510062,,2.5646812089891573
LT_1307,4,fold4,1,,0.0004108966725941011,,6.674687614106035,,4.127511601948885,,3.0717588304796286,,7.724820603352995,,5.12464351872633,,3.8796498739949685
LT_1311,4,fold4,1,,0.0004141327978965867,,5.888676547374472,,2.334888787975262,,1.7544270496233827,,7.789505480003822,,3.8807704263972993,,2.936186546285719
LT_1312,4,fold4,1,,0.0004193805635176705,,6.40517890401154,,4.2453279735484255,,3.1423199124045325,,8.05065306923445,,5.234969671871813,,4.04251549223576
LT_1314,4,fold4,1,,0.00041011851752026027,,6.457062146212991,,4.60802416960257,,3.297815223526022,,8.157886382441081,,5.641626091534427,,4.426430818347401
LT_1319,4,fold4,1,,0.0004098219040592297,,6.335908903481362,,2.545139050201701,,1.9309913729718018,,7.589530490953648,,3.8400398492751675,,2.831414505891885
LT_1330,4,fold4,1,,0.0004119234530400983,,6.215698089000872,,2.2996344332593517,,1.7323343166350464,,7.751419515440248,,3.655746944647759,,2.722305119468207
LT_1334,4,fold4,1,,0.0004106669200998232,,6.481415209605232,,2.713739060544258,,1.9972641129570607,,7.634289468920452,,4.26792583544286,,3.1085542728415856
LT_1335,4,fold4,1,,0.00041700084168330535,,6.031620813571068,,2.419234151941873,,1.7820263607146944,,7.583113428346619,,3.778766499994671,,2.9154510328366006
LT_1338,4,fold4,1,,0.0004103744713418768,,6.517623337574049,,2.9507538150166734,,2.2194776572483614,,8.244117651356557,,4.8643168664302685,,3.9320244481621587
LT_1341,4,fold4,1,,0.00041313728818955474,,6.525555914016956,,2.6434187301301275,,1.9840373887787084,,8.1598010392064,,4.555153760209348,,3.5395179341185776
LT_1342,4,fold4,1,,0.00040957004822832904,,6.331371019327395,,2.6748387305479335,,1.9528393054678177,,7.78318785157252,,4.2040304612797295,,3.095528457470455
LT_1343,4,fold4,1,,0.0004216333462210009,,5.91803486967987,,2.1119299891999135,,1.6387736124660175,,7.528268572767112,,3.0747642350649267,,2.2386689193209897
LT_1345,4,fold4,1,,0.00041177092276554854,,6.1549718019182,,2.2880615826570603,,1.7421070003388777,,7.423358722237687,,3.1972832548887604,,2.3373062732496876
LT_1346,4,fold4,1,,0.0004198099954101364,,7.23130780472576,,3.0382761991594216,,2.2495254874624537,,8.902617276599424,,5.110568225805414,,3.7652979299419096
LT_1352,4,fold4,1,,0.00041165142238689355,,6.070946602724755,,4.192414518345372,,3.15210519080461,,7.7176151061090845,,5.090857971186001,,3.927545224979103
LT_136,4,fold4,1,,0.00041156592280740777,,6.140307905075235,,2.3549827382322537,,1.7458534747532113,,7.624353595971639,,4.068260380069935,,2.9843529949960295
LT_1363,4,fold4,1,,0.0004109156635887165,,6.2897353274331484,,2.508122004983346,,1.8658773616997975,,7.38814054771908,,3.662330596511186,,2.7819753778622363
LT_1367,4,fold4,1,,0.0004100100657727177,,6.21107173649547,,4.380373671341033,,3.1244652486813136,,8.010289832654854,,5.370854310013529,,4.129493124460518
LT_1370,4,fold4,1,,0.0004108545456586836,,6.777256465983061,,4.664649716194066,,3.312102078736196,,8.324061293271413,,5.593802968249223,,4.479685948474453
LT_1374,4,fold4,1,,0.0004106530611335587,,6.714952870671132,,4.378314132952661,,3.138258093971616,,7.657973979749983,,5.342644632081574,,3.983789683565195
LT_1375,4,fold4,1,,0.000410582357108771,,6.3436431672826314,,2.5643737894717837,,1.921693669908865,,7.546089624194828,,4.127933240987828,,3.0464195267137093
LT_1376,4,fold4,1,,0.00040957795750482147,,6.12484502921211,,2.4710560474667993,,1.9068703830503342,,7.333860143433168,,3.5414419294709636,,2.6521771286032996
LT_1377,4,fold4,1,,0.00040919609843936486,,6.561466110634075,,2.604736778782349,,1.9899203193536605,,7.991821998228474,,4.4966510266986095,,3.392654478416235
LT_1379,4,fold4,1,,0.00040963440288399947,,6.687635114027615,,4.5914714385406015,,3.190501464496145,,7.745363856918692,,5.839667012177885,,4.479063139957619
LT_1380,4,fold4,1,,0.0004111028285795036,,6.546361381730633,,2.7245066429230937,,2.0229435650095198,,7.864322625851636,,4.292502766462406,,3.313292053841229
LT_1384,4,fold4,1,,0.0004158288745990026,,5.877542898736499,,2.115042648037748,,1.6255686913368839,,7.571179035815949,,3.59669573061306,,2.6219894508963906
LT_1388,4,fold4,1,,0.0004093377407620967,,6.561684030250339,,4.42416726168906,,3.1163381749277086,,7.994263801651796,,5.54845828222571,,4.28697349206813
LT_139,4,fold4,1,,0.0004111707742224611,,7.101269252680432,,2.906891663914559,,2.220594120428234,,9.03555528460321,,4.96313985098122,,3.6998952000955247
LT_1391,4,fold4,1,,0.0004205211094857608,,6.06857628228845,,2.2990462620762964,,1.7659231323638274,,7.727848167561001,,3.8255046595374522,,2.793635957547014
LT_1392,4,fold4,1,,0.0004103609663236689,,6.419172482528354,,4.32343555998924,,3.0640487966039824,,7.419589158489252,,4.521546779574218,,3.3801654118281106
LT_1393,4,fold4,1,,0.00041018933952565936,,6.275020665845931,,2.442746262436556,,1.8453366746156201,,7.436526043923894,,3.428422640957007,,2.535195320080932
LT_1394,4,fold4,1,,0.0004105059278395051,,5.936711951460796,,2.2474560094667067,,1.7328466961811475,,7.5762206275127175,,3.5500266160155203,,2.6993543096241592
LT_1395,4,fold4,1,,0.00040972385728170815,,6.381371017859572,,2.4855756988552673,,1.9057775978313631,,7.610467934701688,,3.5445310551095055,,2.6200764912844603
LT_1397,4,fold4,1,,0.00041097628155687196,,6.2919099244231065,,2.4534173665949583,,1.8622714337484854,,7.321041317072394,,3.185774620755879,,2.3937952529259574
LT_1399,4,fold4,1,,0.00040966484628617364,,6.744064607431396,,2.8823963090975524,,2.1801801792120417,,8.153857820491806,,4.390286233640322,,3.2899150208622783
LT_140,4,fold4,1,,0.000411897287171779,,6.3127440723858514,,2.575599464085683,,1.8791387323289095,,7.289638000817545,,3.8813042616983435,,2.9414651532414435
LT_1400,4,fold4,1,,0.0004180269010299175,,6.14596609763123,,2.3552167597115687,,1.7699638656671408,,7.90017886947651,,4.252200236448063,,3.173310787904729
LT_1401,4,fold4,1,,0.00041063936658898743,,6.35185986935976,,2.5749999106684545,,1.9218121626203488,,7.701363478920079,,3.828261270230759,,2.717921623646495
LT_1402,4,fold4,1,,0.0004113896645894007,,6.431172787675255,,4.368885516915741,,3.1405923475309208,,7.565240563599277,,4.940309791528654,,3.9052363839742856
LT_1404,4,fold4,1,,0.00040905984240445503,,6.981589874609322,,4.518754145397426,,3.215217897044421,,8.079997044771801,,5.73310946927097,,4.429051584745574
LT_1406,4,fold4,1,,0.000409368033444827,,6.484586958912516,,4.427399416809588,,3.1144430416393916,,7.504531534315476,,5.121783096515118,,3.900623007798157
LT_1408,4,fold4,1,,0.0004098939032217818,,6.302407955155143,,4.499997489575597,,3.1508402912525884,,7.8711901453709885,,5.673720110391348,,4.3219487048307075
LT_141,4,fold4,1,,0.00041337929687230816,,6.44924274309301,,2.843755070402641,,2.103592066356179,,7.653498349284894,,3.875859788320304,,2.871103656859174
LT_1410,4,fold4,1,,0.00040962422655470634,,5.930834570877629,,2.278430405811532,,1.7794078169180598,,7.312780534883794,,3.7219241212021306,,2.7824039896816024
LT_142,4,fold4,1,,0.00041314177813991416,,7.257055751992696,,3.094478089277837,,2.266962308557802,,8.701429969158532,,5.121758065999678,,3.7381442273868664
LT_1443,4,fold4,1,,0.0004095018257386073,,6.211155685859346,,2.3608779664392587,,1.7689146541674996,,7.832076159506428,,3.878190656854194,,2.991020766370744
LT_1448,4,fold4,1,,0.00041229019297396585,,6.047322986037588,,2.2740677195987984,,1.7466141804723698,,7.861798605484813,,3.722280068846452,,2.7731495064542258
LT_1449,4,fold4,1,,0.00041833829328656764,,6.066894067321864,,2.2351388645146075,,1.7171856709914424,,8.218153136857733,,4.015043997553296,,2.901200796825986
LT_1451,4,fold4,1,,0.000419377232267348,,5.920132650214883,,2.3759137836016047,,1.774007413139924,,8.05882681662875,,4.27835306939822,,3.1222245441737915
LT_1454,4,fold4,1,,0.0004184508587621021,,6.219104641622121,,4.184000527019948,,3.0957946819953777,,8.117270377984346,,5.359485515520237,,4.042069104726986
LT_146,4,fold4,1,,0.0004114440574246748,,6.401664454030103,,2.4706390569810783,,1.8880742289218415,,7.575436432533839,,3.8229115156179962,,2.8979207203296737
LT_1463,4,fold4,1,,0.0004192928655355581,,6.063870979289667,,2.3365457287540607,,1.752686945370431,,8.079954865209332,,4.002556571498306,,2.9239460278633516
LT_1464,4,fold4,1,,0.00041861714671036394,,6.152250784442043,,2.2906740820018494,,1.7340321342552218,,8.210909821978866,,4.002219993327079,,2.9273126511437453
LT_1467,4,fold4,1,,0.0004191285435282653,,6.3047724164892855,,4.1234840003575846,,3.0668451453274366,,8.25912644540954,,5.169649834124802,,3.960874431620819
LT_1468,4,fold4,1,,0.00041876079851545407,,6.1044368091732215,,2.2397742839333152,,1.7218759784747306,,8.28866617261474,,3.942693035846757,,2.8924033161465763
LT_1470,4,fold4,1,,0.0004105292218249245,,6.3407391864648295,,2.50122376625241,,1.8650627026683129,,7.519600009889232,,3.447950659039633,,2.5145073604832433
LT_1471,4,fold4,1,,0.0004116269174323176,,6.363218843612178,,2.539867542239189,,1.8820151154798912,,7.357059195487686,,3.2736822470852127,,2.404278842482286
LT_1474,4,fold4,1,,0.0004202271923522873,,6.150897429892704,,2.359563629096759,,1.7668938868092008,,8.032148106291425,,4.115292007645544,,2.979829687133706
LT_149,4,fold4,1,,0.000416537230166927,,6.167346063407162,,2.5494250367424325,,1.9225957016156605,,7.152731651055018,,3.3417560769386223,,2.5615389362854364
LT_15,4,fold4,1,,0.0004119251552781606,,6.596746498895954,,2.6327384048287628,,1.8957601680408394,,7.403648416736388,,3.4344805742572717,,2.5541664804649793
LT_1507,4,fold4,1,,0.00040900573492901743,,6.4763615466858475,,2.593823148284783,,1.9747402768034714,,7.599143685649541,,4.475433500350919,,3.3400701558880947
LT_1508,4,fold4,1,,0.0004090515168367736,,6.353558168151771,,2.5729856922316507,,1.9624126398821096,,7.732507569707832,,4.013456448593683,,2.980532871607498
LT_1523,4,fold4,1,,0.00041084785572323423,,6.484965228775555,,4.471787597744502,,3.2184841975021694,,7.629082298332346,,5.440738011222963,,4.191946596626877
LT_1531,4,fold4,1,,0.0004179749298490326,,6.737111807714259,,4.157549975907631,,3.0684964468784885,,8.139216193535473,,4.987379758167455,,3.8713049811539406
LT_1534,4,fold4,1,,0.0004089174900513987,,6.812401695778447,,4.4248871894514465,,3.132461801123696,,8.269700473907548,,5.66179863762935,,4.260503022197932
LT_1548,4,fold4,1,,0.0004165447172246699,,6.424205916166478,,2.4584683389389492,,1.7746530671880312,,7.689832985284123,,3.902277300744783,,2.8544377049880136
LT_156,4,fold4,1,,0.00041277820368906294,,6.161661180984557,,2.3731512590450317,,1.7519653455421207,,7.319440660951912,,3.0403489041812395,,2.2055587022655576
LT_1562,4,fold4,1,,0.00040981550361913685,,6.696309874123463,,2.8343740042153924,,2.224273266621192,,7.906269343593746,,4.81503741764506,,3.5505594353029784
LT_1564,4,fold4,1,,0.0004101049087104937,,6.177800312483844,,2.46025051268389,,1.82309286567496,,7.767387783356644,,3.6214204253450664,,2.6400247974606494
LT_1566,4,fold4,1,,0.0004120271667047773,,6.4169359581582,,2.4597821862865006,,1.8521119612273889,,7.389767586473533,,3.0197777444459204,,2.2707500366294946
LT_1569,4,fold4,1,,0.0004150230268729245,,6.433881316203407,,2.187747617660749,,1.632609951714857,,7.9126412694650705,,3.305378910220389,,2.3598956646930187
LT_1578,4,fold4,1,,0.0004164490979261491,,6.316426352786793,,2.202048503309507,,1.6639322054877084,,7.855635415826865,,3.512035432006216,,2.521148468880876
LT_1585,4,fold4,1,,0.0004106459177069411,,6.262035033316323,,2.3968734026185556,,1.8189711185010433,,7.226660490875122,,3.3077111292321555,,2.4485924233483876
LT_1586,4,fold4,1,,0.00040923481140697944,,6.374408160180386,,2.759575954098344,,2.0884057361250936,,7.901543933526062,,4.660625609997571,,3.4101161653719405
LT_1588,4,fold4,1,,0.00041011381489224584,,6.568845208713045,,2.7533594111739323,,2.085215084870144,,7.628340035572994,,4.2899440766418495,,3.3269057210600557
LT_1589,4,fold4,1,,0.0004102883787735819,,6.546501226736621,,2.633279778749077,,1.960478956115149,,7.641418908659291,,3.961565822232887,,2.9777233638017235
LT_1590,4,fold4,1,,0.0004105216642565062,,6.067030284602797,,2.4596371167262383,,1.8676758770446495,,7.249297524560419,,3.4028681589929124,,2.5717020207267707
LT_1597,4,fold4,1,,0.00040990559505627196,,6.276551506599082,,4.42186035723217,,3.160720836036339,,7.380638424772679,,5.183730191630836,,4.010568706793631
LT_1600,4,fold4,1,,0.0004100218613804635,,6.564239283187423,,2.822747240677453,,2.1546874582093043,,8.061450159735765,,4.505253864092132,,3.4587245138571845
LT_1605,4,fold4,1,,0.0004088629057790918,,6.537642551855016,,2.8728579281532056,,2.216286700608281,,7.632316717482901,,4.68518082155986,,3.573354525282302
LT_1606,4,fold4,1,,0.00041121684796414926,,6.4822932902630335,,2.832565225255,,2.1580500498082458,,7.5357253373305255,,4.522567734176174,,3.3647371779039514
LT_161,4,fold4,1,,0.0004180662702948264,,6.446446456891819,,2.6740551968793667,,1.9904293423511739,,7.544266735265202,,3.8351417077746843,,2.870561521173642
LT_1614,4,fold4,1,,0.000409660612630626,,6.597982568739249,,2.970693970286935,,2.297528741865257,,7.990111369993758,,4.654695798651336,,3.5779509696902423
LT_1619,4,fold4,1,,0.00041095310962016747,,6.9125969598785195,,3.0824634670185858,,2.3178792861416753,,8.786435017628285,,5.139325641476297,,3.832782093094019
LT_162,4,fold4,1,,0.0004179763751632759,,6.104510311317039,,2.6683854125687843,,2.0059580611865666,,7.235990767739051,,3.129047725691473,,2.459761346927384
LT_1652,4,fold4,1,,0.00041629831817377796,,6.398550007120145,,4.3044191879056335,,3.2096232639466082,,8.018127160768373,,5.4423583947462415,,4.331698799075191
LT_1658,4,fold4,1,,0.0004100713203424051,,6.382864538337686,,4.335832815214458,,3.08330187612875,,7.167778189687487,,4.652942896918103,,3.7098826628704686
LT_1660,4,fold4,1,,0.0004125550402551952,,6.284121112789326,,2.34648032348052,,1.7420575933847202,,7.264099785343741,,3.159700500777347,,2.394133263415873
LT_1668,4,fold4,1,,0.0004104844005221632,,6.101225875459536,,2.6037115206649606,,1.9689614604099057,,7.417774374895398,,3.609044493790152,,2.630655004235218
LT_1671,4,fold4,1,,0.0004096153015879442,,6.274086137528615,,2.3763893105062794,,1.785639832259309,,8.01047118149837,,3.9941787660356565,,2.9954973977098525
LT_1673,4,fold4,1,,0.00041199836499670496,,6.431043845381184,,4.299027960006114,,3.0313939612465943,,7.352138561611921,,4.468458443973961,,3.3773536240832502
LT_168,4,fold4,1,,0.0004117006623366431,,6.398329091027671,,4.0250435737456645,,3.0422128014030205,,7.25785498065287,,4.645689383207172,,3.5118413044415147
LT_1682,4,fold4,1,,0.0004110240779929934,,6.745722462917465,,2.7760153029815835,,2.0639860681129774,,7.648460999980071,,4.137192863736799,,3.007863469484074
LT_1749,4,fold4,1,,0.0004120354437300647,,6.774949353430885,,2.723051497235676,,1.9816003570828884,,8.183995352830982,,4.332974641531737,,3.1770696052248732
LT_1752,4,fold4,1,,0.00041861984900720337,,6.498548588375725,,4.1506887241672805,,3.119424548225023,,7.623041615641266,,4.81320167680457,,3.7115109372824704
LT_1758,4,fold4,1,,0.00041439926307599954,,6.476287778410141,,2.8709297107241407,,2.1229357247446003,,7.488764024754337,,3.6993269920693175,,2.8031983986148736
LT_1760,4,fold4,1,,0.0004112569807437471,,6.327168720314184,,2.7319443197251188,,2.0858744955317565,,8.07689385703895,,4.561289930374525,,3.5727617857758753
LT_1761,4,fold4,1,,0.00040999947405364646,,6.54731509601268,,2.436491852382072,,1.9089051708597653,,7.731285389702418,,4.045117297896256,,2.9919666137310665
LT_1762,4,fold4,1,,0.0004102043185879433,,6.864841949136688,,3.1386708059910506,,2.3525126738379396,,8.149194429608235,,4.963661509080322,,3.7356679094007
LT_1763,4,fold4,1,,0.00041024107582519204,,6.165364349829624,,2.5759690851973844,,1.9330531982746113,,7.552023337645467,,3.7526507225268144,,2.876662517452842
LT_1765,4,fold4,1,,0.0004088123709832456,,6.395204819474773,,4.565911439538791,,3.22485854121518,,7.786454629221654,,5.734073355730553,,4.540852857884033
LT_1766,4,fold4,1,,0.00041252282321434935,,6.1649182801249145,,4.101306487413972,,3.0694229546484855,,7.756461965129418,,4.671098456964653,,3.7381716051272456
LT_1769,4,fold4,1,,0.0004103491287570527,,6.36068039620817,,2.751043931889249,,2.0478444353546394,,7.6331371806559005,,4.652500267335758,,3.5456991674559375
LT_1774,4,fold4,1,,0.0004098043699725003,,6.252870559945407,,2.4722053570138525,,1.8390511104221279,,7.411148713517462,,3.6248914091830797,,2.718179702044515
LT_1775,4,fold4,1,,0.00040914661984486726,,6.416411926037326,,2.461159912503755,,1.8928749744929279,,7.623693833921611,,4.202782015483959,,3.0608219467988076
LT_1776,4,fold4,1,,0.0004110028018842575,,6.876037590978629,,2.956527603371645,,2.146179915244603,,8.341542063806628,,4.555111210156328,,3.251609772251821
LT_1778,4,fold4,1,,0.0004097966483525388,,6.253060263253371,,2.4929655378740305,,1.9333327920287189,,7.656743036351096,,3.980658112126993,,3.03612987002417
LT_179,4,fold4,1,,0.0004122723689187237,,6.106692781300945,,2.4716731711170747,,1.9105107409345876,,7.672809646825586,,3.947679317520835,,2.967663816536553
LT_18,4,fold4,1,,0.00043025367910732443,,6.033370110956887,,2.4194553206681064,,1.7958059120211773,,8.430156469944365,,4.468013959828604,,3.321911278203569
LT_180,4,fold4,1,,0.00042026920669890194,,7.224588106387351,,3.0743406471590706,,2.286448262843898,,8.638878449290935,,5.169690133058907,,3.742912403391946
LT_1807,4,fold4,1,,0.0004096737412723258,,6.340233597146829,,2.4855865183517234,,1.8657325514319583,,7.50386506991478,,3.787578895748954,,2.8085021178822975
LT_1808,4,fold4,1,,0.0004095987094352837,,6.813222204315771,,4.638459323513215,,3.2521853439091077,,8.01047814184174,,5.821586163326368,,4.59686614435917
LT_1810,4,fold4,1,,0.0004116844143589697,,6.194837835132899,,2.4596201267236077,,1.885953318400318,,7.217586855333467,,3.336007235308632,,2.540984852292779
LT_1811,4,fold4,1,,0.00041744200426065137,,6.1680420957116056,,2.684828629153651,,2.0189067139973327,,7.213801690144784,,3.2558830185866907,,2.527593820891735
LT_1812,4,fold4,1,,0.00041580098179455453,,6.145701868082712,,2.505884539930785,,1.9273183626521364,,7.245470171929414,,3.7087090222371977,,2.8226641394011343
LT_1814,4,fold4,1,,0.0004267059199058315,,6.151196130482357,,2.5338177999942517,,1.939003366082209,,7.394434926734051,,3.7757782669151094,,2.890830203802372
LT_1815,4,fold4,1,,0.0004113782048228258,,5.874024994640399,,2.4141838911723656,,1.9058723779394042,,7.365801576377794,,3.9254888647467,,2.9660884325736117
LT_1816,4,fold4,1,,0.0004251748463667115,,5.892773953284242,,2.438465491495105,,1.8863399271154275,,7.4510878996432295,,3.5676898811391453,,2.673488656825804
LT_1817,4,fold4,1,,0.0004102099116412121,,6.275210490714155,,2.4904366263205095,,1.8582010112929663,,7.294359829343325,,3.423310585892666,,2.548321757050705
LT_1818,4,fold4,1,,0.00041113816632852226,,6.576211749053173,,2.9104012641006523,,2.2587527954468904,,8.011479048009424,,4.836515520872715,,3.704338094236654
LT_1820,4,fold4,1,,0.0004099944605980531,,6.227558274682845,,2.4274961151630166,,1.8660426681753828,,7.4765569646311345,,3.6580864670142716,,2.709403918566997
LT_186,4,fold4,1,,0.00041993656150496154,,6.929594945991795,,3.158753316865797,,2.4611982272322512,,7.828507083677001,,5.050997334627923,,3.8941274231882352
LT_1873,4,fold4,1,,0.0004136728918147925,,6.2801994259989184,,2.7215832643580047,,2.0589065073693082,,7.5794184657595025,,3.9436485427974226,,2.92958404108509
LT_1883,4,fold4,1,,0.00041201973766059885,,6.008019825305699,,2.444749107735027,,1.9146406861532015,,7.569143665485669,,3.6993394614517605,,2.8459865663115878
LT_1886,4,fold4,1,,0.00041667259691153223,,5.840733319821158,,2.3378643612509737,,1.8112014729664647,,7.45578943094659,,3.0966546127247643,,2.449727814107015
LT_1887,4,fold4,1,,0.0004125204145597472,,6.1995935918578375,,2.6003849126126264,,1.9698967775078613,,7.415555921212772,,3.4471814446834323,,2.6505126804129726
LT_1888,4,fold4,1,,0.00041081245217150335,,6.251157601428193,,2.486493769476982,,1.9372556762530293,,8.035775663497205,,3.861013533568492,,2.9934919972812017
LT_1892,4,fold4,1,,0.00041116094983392575,,6.142430671127663,,4.348874197133204,,3.0871382409897765,,7.309794428071289,,4.453755628102605,,3.4238560936856657
LT_19,4,fold4,1,,0.0004109253473218392,,6.606208855718377,,2.6058106681822397,,1.956568597513146,,7.712903243872701,,3.9243113704044674,,2.916721691031731
LT_1900,4,fold4,1,,0.0004125880088534598,,6.354860630519603,,2.762431448206631,,2.1001277536872163,,7.369061553885977,,3.980444957368174,,3.1203276779448332
LT_1905,4,fold4,1,,0.00041015348119410877,,6.8192528490365225,,2.995377950053139,,2.1888649473928776,,8.39440528808681,,4.404290249523799,,3.2897133758432924
LT_1906,4,fold4,1,,0.0004103309937540569,,6.227220460219706,,2.4679620498751724,,1.8753762689671272,,7.602621599973466,,3.5436774703503264,,2.5543343958221394
LT_1907,4,fold4,1,,0.00040940906171333877,,6.790897612047077,,4.413551136794494,,3.16143444355491,,8.136927036200039,,5.50672153516537,,4.233287555167747
LT_1908,4,fold4,1,,0.00040883787703398927,,6.540677999930581,,2.567695240437209,,1.957613456357091,,7.963073757981932,,4.4397038488889295,,3.312917181508182
LT_1909,4,fold4,1,,0.00041193926790110066,,6.309600594638926,,2.7305797130174794,,1.9888448565403487,,7.598793595229032,,3.5244597757374527,,2.6821323856302937
LT_1910,4,fold4,1,,0.0004108722653240887,,7.86377359154335,,3.44684840319437,,2.591443229014729,,9.605498233918658,,5.154849772389499,,3.93122341112074
LT_1911,4,fold4,1,,0.0004118501980855914,,7.013970570267152,,3.2395230252391185,,2.3835848899152503,,8.54550311502322,,4.722691664276045,,3.589682257875835
LT_1923,4,fold4,1,,0.00041131398036169976,,6.212078449033547,,2.489550601150166,,1.862713736263237,,7.376378653449297,,3.2127792739731666,,2.4023223296054343
LT_1925,4,fold4,1,,0.0004110299265074682,,7.4086243627807224,,5.0130565749497915,,3.403469627657673,,8.867589935504554,,6.510315938749798,,4.903743065072943
LT_1926,4,fold4,1,,0.0004115093026495313,,6.414805942339948,,2.6033656864267143,,1.9385143707902743,,7.510912567514343,,3.609986506764729,,2.6267652910700177
LT_1927,4,fold4,1,,0.0004114983810432054,,6.455099774702196,,2.562049621573498,,1.9712776135508878,,7.365241854545519,,3.5320972250016767,,2.633178202314357
LT_1928,4,fold4,1,,0.0004132557540746807,,6.384850882881958,,2.616919790015066,,1.898983545507147,,7.358460870829349,,3.040140454043715,,2.2542652413622313
LT_1929,4,fold4,1,,0.000411670959979963,,6.599606388004741,,2.758658813188939,,2.057502857824997,,7.982355914187697,,4.363031188824081,,3.3433747247271848
LT_1930,4,fold4,1,,0.00041175147781945774,,6.612757805955559,,2.6476274683047567,,1.9593231936298197,,7.43382981338713,,3.6919197556912766,,2.6787573204439
LT_1931,4,fold4,1,,0.0004111564236699908,,6.460451652069238,,2.6100031982433807,,1.9158202586668436,,7.465192126349217,,3.7005671846056147,,2.6837862807917285
LT_1932,4,fold4,1,,0.0004102833418495634,,6.440998998848595,,2.623931331550303,,1.9731034766077484,,7.367642428763805,,4.09015584365742,,2.9738616593666722
LT_1933,4,fold4,1,,0.00041093284553681865,,6.0319983511360356,,2.4519324182061295,,1.9164352104005888,,7.079212443598644,,3.6769586129112697,,2.7241253924372444
LT_1934,4,fold4,1,,0.00040978464108404507,,6.266444532260594,,2.5549705069145356,,1.9547966082202737,,7.806536230103108,,4.046421295192251,,2.9460685992743048
LT_1935,4,fold4,1,,0.00041080667618472073,,6.245825133771941,,2.652029290558147,,1.9718281523062846,,7.3610914249004935,,3.7489426020532974,,2.8951263536314937
LT_1936,4,fold4,1,,0.00041050317451336686,,6.3600593815519515,,2.565170331576037,,1.927837162522819,,7.419060812067142,,3.728853022586388,,2.702495210477082
LT_1945,4,fold4,1,,0.000409646358354325,,6.177788049402824,,2.4668536994692127,,1.904136393668731,,7.478661166906911,,3.585896131141302,,2.6850309438439766
LT_1946,4,fold4,1,,0.0004116131727337699,,6.86420179086201,,2.939128374683806,,2.119944167465714,,8.002785425539242,,4.376211890626672,,3.1505313248803835
LT_1947,4,fold4,1,,0.00041151302882939077,,6.604731103961919,,2.7208583363762946,,1.9989455890207861,,7.940716397718659,,3.951908709806881,,2.957399049572416
LT_1948,4,fold4,1,,0.00041155468852336306,,7.014230738282534,,2.9166845741160135,,2.172442251663504,,7.930697644434587,,4.397502214940117,,3.2614635286889837
LT_1949,4,fold4,1,,0.00041273394325128283,,6.31333840509668,,2.5339841551245907,,1.8750387467591503,,7.2586463878160625,,3.0967579699745484,,2.26356909754419
LT_1950,4,fold4,1,,0.00040929468935882625,,6.711788560164823,,2.8154879102429042,,2.133318307927781,,8.412363585260332,,4.494307932930178,,3.37708742277748
LT_1951,4,fold4,1,,0.00041006710881654786,,6.739503119224818,,3.096037779913725,,2.3294400179274852,,8.131891360509325,,4.990357257616561,,3.775715573093547
LT_1968,4,fold4,1,,0.0004110868930743989,,6.424317262592562,,2.549813584115714,,1.8716441869208207,,7.346010166073498,,3.2861202453406224,,2.3913356212107875
LT_1976,4,fold4,1,,0.0004112163373860816,,6.074446531805958,,4.448643384717544,,3.1060939682055833,,7.324116295536014,,5.025928883758127,,3.790614880195182
LT_1977,4,fold4,1,,0.0004108971309253334,,6.5884905074063,,4.353384519313327,,3.0470918483628924,,7.259836993944719,,4.7672460300768185,,3.6009715728229343
LT_1984,4,fold4,1,,0.0004103346961414171,,6.304212124238577,,3.119168749244585,,2.383147492297155,,7.678668456979592,,4.610672100058023,,3.6258495093455916
LT_20,4,fold4,1,,0.000413286461771278,,6.352104690548609,,2.5062463443978475,,1.8400417142166976,,7.3496965197514905,,3.224770925237824,,2.4159082494515305
LT_2006,4,fold4,1,,0.0004165967424832641,,5.999636574700532,,2.5327626546843,,1.967708718875864,,7.43520159266361,,3.3188562000224797,,2.541663300264775
LT_2008,4,fold4,1,,0.0004166960183675378,,5.9997518404806165,,2.726627373082837,,2.060166856658735,,7.706352419502391,,4.454755191651918,,3.308522789292097
LT_2009,4,fold4,1,,0.00041663161335686767,,6.615427123042976,,4.609398017656755,,3.302599710920838,,8.11041496888389,,5.619337947496717,,4.381110941855328
LT_202,4,fold4,1,,0.00042355055707519497,,5.772048835720379,,2.4347502941076358,,1.844829673711188,,7.455124134800152,,3.1859522125324866,,2.326323680008885
LT_203,4,fold4,1,,0.00041553795006082743,,5.861402278624225,,2.6536111526431627,,1.9694546272902564,,7.325750910216219,,3.198200490411335,,2.374158913301929
LT_207,4,fold4,1,,0.00041849021940295814,,5.943946328824907,,2.295174990655833,,1.817355041487234,,7.3226149676671035,,3.489110083023296,,2.6163911332059078
LT_209,4,fold4,1,,0.0004121228302625384,,6.012810290570627,,2.4516086171973095,,1.8534693065524461,,6.922650326798994,,3.1591553494004088,,2.3676193274910378
LT_215,4,fold4,1,,0.00042469027559527417,,6.3900056718653,,2.5470245473133613,,1.9179198889455857,,7.840025920520847,,3.86569193701983,,2.7765925794181268
LT_242,4,fold4,1,,0.00041133299073553217,,6.2168967640045825,,2.4595199788699853,,1.8455452608735075,,7.3812111329710195,,4.0611409289061875,,3.10895887723478
LT_250,4,fold4,1,,0.0004315165027248633,,5.889185284704016,,2.216500553691494,,1.6439514371745205,,7.916652631230256,,3.6311771604480847,,2.575754837649006
LT_277,4,fold4,1,,0.00041009713903643157,,6.433080447078981,,2.607527439345876,,2.019356392728734,,7.344969183134311,,3.7207997807492745,,2.8818660643916396
LT_28,4,fold4,1,,0.0004321670770621542,,6.32668977745279,,2.728823300458705,,2.035991903342477,,8.11859560618034,,4.629966152170019,,3.5646344358358664
LT_289,4,fold4,1,,0.0004110184407471445,,6.8701020965970985,,3.032264219611148,,2.2467023264652717,,8.38265362790726,,4.542262611153216,,3.2613817593806584
LT_291,4,fold4,1,,0.00041449254733127994,,6.17259744928071,,2.3888795892122525,,1.8555402734713813,,7.7923360626401275,,4.171308611045624,,3.1093996853631385
LT_3,4,fold4,1,,0.00040986103121768216,,6.782911384273367,,2.9942685736880517,,2.262469802795052,,8.677319878277547,,4.906431270444267,,3.73362691660412
LT_30,4,fold4,1,,0.00041886122941480787,,5.910886567346358,,2.225479093912926,,1.7210632933376302,,8.09401778838123,,3.9656882652934686,,2.897113338464392
LT_301,4,fold4,1,,0.00041097935668462163,,7.040233511682051,,4.778243543919309,,3.3293280001280428,,7.958432990403203,,5.830199547285194,,4.463904457798404
LT_303,4,fold4,1,,0.00041167220810498645,,6.4668157140177875,,4.430879604182099,,3.162108569627846,,7.099793657429014,,4.415768407921966,,3.3517486676582475
LT_305,4,fold4,1,,0.0004320438709601495,,6.4907591341743425,,2.8306829465069177,,2.2008889578020856,,7.713977878188191,,4.747174595915191,,3.697318982677683
LT_31,4,fold4,1,,0.00041968814148001833,,5.861441906891146,,2.222408234133477,,1.7259530342635725,,7.9198802079964965,,3.9558288521589278,,2.870365154641696
LT_316,4,fold4,1,,0.0004274979454180969,,6.292529038975126,,2.755418424242966,,2.02626513469427,,7.317452849584505,,3.3960906316504236,,2.5851003482952364
LT_317,4,fold4,1,,0.0004132337673946381,,6.364830225452035,,2.846041839150695,,2.1920405905616214,,7.782752029331851,,4.645122517994275,,3.5961690414827316
LT_323,4,fold4,1,,0.00041190608891544106,,6.578756506354464,,2.9721249682991813,,2.3252783936207697,,7.972515914408832,,4.618697986504962,,3.7517069125326916
LT_34,4,fold4,1,,0.00041164426109409173,,6.770780614634799,,3.1331614998299506,,2.3469332932550953,,8.045973922946546,,4.64756595944161,,3.365076827324096
LT_344,4,fold4,1,,0.0004107451405010957,,6.52001096380927,,2.607350193539267,,1.9412343286163762,,7.6189491740370014,,3.796813837200074,,2.7447378341766195
LT_35,4,fold4,1,,0.0004107165962706112,,6.245674096049659,,2.6293536162031166,,2.033724715321463,,7.052166161449062,,3.7408172762305303,,2.822798914902937
LT_356,4,fold4,1,,0.00041273211357382815,,6.46409311564858,,2.702341466525053,,1.9473470816281264,,7.462280741316781,,3.2463529397482587,,2.392833615044656
LT_36,4,fold4,1,,0.00041641334015306807,,6.332188510944922,,4.104179201806217,,3.034491833450917,,7.436868798798219,,4.66761102016495,,3.5174593380554007
LT_373,4,fold4,1,,0.00040996862188383797,,6.758575026328644,,3.0053705340721084,,2.2839980316711386,,8.420605188872727,,4.688849581268269,,3.574897907008551
LT_375,4,fold4,1,,0.0004124771165976305,,6.2155718889812475,,2.4794207793093537,,1.8583958303830077,,7.0621748377728135,,3.1785277662844744,,2.4418222231205946
LT_39,4,fold4,1,,0.000433159402752209,,6.783003108672702,,2.9107617473606955,,2.232390410346345,,8.790060488637197,,5.096904093491502,,3.908258448985232
LT_404,4,fold4,1,,0.00041034813057345444,,6.245602390021595,,2.848579738950029,,2.054974943562037,,7.765276996500687,,4.2124030635851035,,3.237619290021318
LT_405,4,fold4,1,,0.0004192226453961657,,7.160998594619657,,3.065109518616797,,2.285447625515568,,8.06230098269266,,5.039299275579672,,3.708924705218281
LT_406,4,fold4,1,,0.0004114102972148301,,6.490235071120921,,2.426705146244396,,1.814971921852237,,7.725984908610967,,3.5066359009057604,,2.5573873991699214
LT_426,4,fold4,1,,0.000410533862830258,,6.476422871868993,,4.3641881274695695,,3.0194807368763374,,7.368211970077348,,4.469578380779631,,3.3030048888083074
LT_430,4,fold4,1,,0.0004120849391949649,,6.603273891625663,,4.411377624604934,,3.1395714088866535,,7.680106267338572,,4.706152923426864,,3.633726424446531
LT_431,4,fold4,1,,0.00041678331969632366,,6.146833883387308,,2.447792611609535,,1.9428164431243586,,7.182630001271332,,3.692027379279109,,2.8248120836739257
LT_434,4,fold4,1,,0.00041190556919130407,,6.182392283146908,,2.1628422822657343,,1.6404081109731208,,7.5051272336781985,,3.0749766765618176,,2.214669259280936
LT_438,4,fold4,1,,0.0004214094490894108,,6.354014504465079,,2.504371506833706,,1.9375791492372825,,7.457809470583365,,4.077394823306033,,2.997941538918203
LT_439,4,fold4,1,,0.0004181600541760429,,6.198665793050816,,2.704164695596053,,1.9759974385201602,,7.497000970034456,,4.100680066304082,,3.0659781075361376
LT_454,4,fold4,1,,0.00041030158048044503,,6.468416341547239,,4.390129168904281,,3.102062627142021,,7.710059957214013,,4.719360428998113,,3.5268141825165533
LT_465,4,fold4,1,,0.00041449984051901943,,6.141511151091346,,2.4491672744073454,,1.8694632012515553,,7.272578952870211,,3.4809305407410847,,2.5704106789338725
LT_468,4,fold4,1,,0.00040864754496790223,,6.491226788142909,,2.587410212132615,,2.0477817084304815,,7.829021707279918,,4.326574572116862,,3.2444535514653987
LT_493,4,fold4,1,,0.00041061512401248217,,6.709628658178279,,2.5089744020429676,,1.88340192200767,,7.867762354124453,,3.895598178178438,,2.8828459822406973
LT_495,4,fold4,1,,0.0004172960556888365,,6.2501800911143395,,2.405169020858056,,1.8606654039791144,,7.604632991778985,,3.176153742632671,,2.3469724180607123
LT_506,4,fold4,1,,0.00041211194829498567,,6.083027445251276,,2.607727418914697,,1.9655712604253917,,7.254383885213828,,3.541995666165984,,2.7334640740844027
LT_507,4,fold4,1,,0.0004175960197733107,,6.035991593056347,,2.471638597979224,,1.9165526976247453,,7.267388389825568,,3.3277603760944015,,2.520366931515124
LT_513,4,fold4,1,,0.00042101488312318996,,6.187690337099577,,4.199068421116815,,3.1169096615545184,,7.677738408727617,,4.312085421372887,,3.322749146785698
LT_515,4,fold4,1,,0.00042144531608860093,,6.028435986802181,,2.3633988036041726,,1.8603644389599165,,7.926864783022046,,4.224873498751589,,3.1848053164250327
LT_516,4,fold4,1,,0.0004214402419629379,,6.07941790962336,,2.4399016208084823,,1.8601336940497768,,7.308574027096375,,3.1329305333687407,,2.3166715562207916
LT_529,4,fold4,1,,0.000410506424368063,,6.83790661977793,,2.716423114776367,,2.018710236384687,,8.158685270422364,,4.141369013014027,,3.0056231694051254
LT_53,4,fold4,1,,0.000412427958029515,,6.580048277185574,,2.674221803542112,,2.002893152196368,,7.367037119025056,,3.4899450045275984,,2.6788107616460852
LT_533,4,fold4,1,,0.0004104165389869699,,6.460947394738654,,2.68017760141149,,2.047604647484891,,7.5107231693916665,,4.301866430835429,,3.3263316197913717
LT_56,4,fold4,1,,0.00041729585186876805,,6.31012961085259,,2.5790950577355654,,1.9879849660860087,,7.026051430751268,,3.156593953600325,,2.478795942118625
LT_574,4,fold4,1,,0.00041035775169336736,,6.695630525777611,,2.5947786874564476,,1.91623572348103,,7.7981420638465,,4.209909454810499,,3.0361257012234613
LT_589,4,fold4,1,,0.00041080486896024823,,6.3031774304098525,,2.4877520931636803,,1.834535989496506,,7.844923812015603,,3.776887546900757,,2.70096465127979
LT_608,4,fold4,1,,0.00041149910665332773,,6.311912058161106,,3.1021728838635583,,2.353676933405281,,8.516443374107878,,4.771239696824816,,3.724186599208689
LT_61,4,fold4,1,,0.00041368152864041524,,6.252591879662407,,2.681170326485862,,1.9700927581369607,,7.120273834293032,,3.272518839987473,,2.5395807832140145
LT_62,4,fold4,1,,0.0004113029886845688,,6.29550120027766,,2.5437352423381037,,1.9311141062774655,,7.444567413282438,,4.014174215952527,,3.0290032087173104
LT_631,4,fold4,1,,0.00041241597540752836,,6.197145236531254,,4.411036892523689,,3.1568404443694518,,7.406698270711639,,4.615668408990032,,3.5684551654439787
LT_656,4,fold4,1,,0.0004121356594763599,,6.04091691891846,,2.665369371979141,,2.00332941845274,,7.803293913733016,,4.321581145804977,,3.2570574944834574
LT_658,4,fold4,1,,0.00041460710463357697,,6.091701791544024,,4.206811846153866,,3.1687252301730786,,7.891425498864008,,5.009400647476688,,3.9600035448134956
LT_668,4,fold4,1,,0.00041076064909260045,,6.542015049328526,,2.6190141457930003,,1.9627948469453878,,7.881685810305055,,3.953388790995698,,2.8402278400390113
LT_690,4,fold4,1,,0.00041138985902126196,,6.5106980724365835,,4.39283329020487,,2.960186105899795,,7.372376914647891,,4.505094012166559,,3.2992698293132983
LT_7,4,fold4,1,,0.0004107813064976422,,6.432258526369886,,2.8270994519304105,,2.028336447484184,,7.32723499111912,,4.064565805090528,,3.0515528976769755
LT_723,4,fold4,1,,0.000411849609205768,,6.422421457370731,,2.5117647287396516,,1.8148525780846496,,7.628760900615058,,4.002463104638994,,2.9175968989875964
LT_731,4,fold4,1,,0.0004100800155495826,,6.113367762238895,,2.5541874958674873,,1.94871358184241,,7.629482783215538,,3.9572428629010132,,2.9349545935151675
LT_754,4,fold4,1,,0.0004135641889806384,,6.165529520403618,,2.240920366120467,,1.6914970507225797,,7.301062755413272,,3.064494765711004,,2.1620505397326024
LT_756,4,fold4,1,,0.0004127727094031704,,5.809371585289203,,2.491377798987384,,1.873189450728734,,7.484968382199738,,3.645649172788591,,2.752194095019601
LT_759,4,fold4,1,,0.0004238583136945955,,6.552943358399345,,3.003144963911206,,2.2389579595399036,,7.923497670188535,,4.76464595957564,,3.605782416237342
LT_767,4,fold4,1,,0.0004121265200394929,,6.5621023762556945,,4.36560509602378,,3.036171856038901,,6.967949419436442,,4.45640306619215,,3.3408524413572165
LT_771,4,fold4,1,,0.00041232312001465883,,6.363670229917301,,4.454909634771705,,3.150493068954227,,6.949334255806535,,4.3670594651172365,,3.285032461276739
LT_782,4,fold4,1,,0.0004100164286734969,,6.854660607282975,,4.485699941032008,,3.188110724379975,,7.853198626418158,,5.395971907061775,,4.167487270304893
LT_795,4,fold4,1,,0.0004106540452137406,,6.731787320895951,,4.576947097931558,,3.26860218093946,,7.5206216009323095,,5.51952523119781,,4.246443198509041
LT_807,4,fold4,1,,0.00041057764980628915,,6.893854195927383,,4.433007917471789,,3.219015868490722,,7.7798193088363226,,5.6423280711543,,4.362727060463737
LT_809,4,fold4,1,,0.00041204358258978453,,6.138214722169555,,4.16664702329309,,3.0840801802367195,,7.80859399420948,,4.75657802047801,,3.759219740313674
LT_814,4,fold4,1,,0.0004172154023379185,,6.392753435164726,,4.082894014304942,,3.0680608721988203,,8.277080301784217,,5.010005637207812,,3.936741396733367
LT_822,4,fold4,1,,0.000417378782893477,,6.786796867126041,,3.1271883811672017,,2.36247456735594,,7.9697534405379695,,4.826586141664835,,3.722857882278311
LT_826,4,fold4,1,,0.0004118813527953843,,6.718632406223691,,4.781316413572569,,3.3809283698852086,,7.462564550472905,,5.799356485128292,,4.455772710715957
LT_827,4,fold4,1,,0.00041819601652636103,,7.092054600168712,,3.1938237984709374,,2.443369874548703,,8.48023199421622,,5.11547613340024,,3.884155285358451
LT_828,4,fold4,1,,0.00041782383229883,,6.07074772738174,,2.5723752190950795,,1.932295683467806,,7.241095868473247,,3.165806146824881,,2.4857650024916786
LT_846,4,fold4,1,,0.00041026192797349176,,6.581002713583177,,2.6470079092298935,,1.978470028688068,,8.063790837070853,,4.419045666151304,,3.151210859157369
LT_847,4,fold4,1,,0.0004111709473148071,,6.305264353397392,,4.2490755890394745,,3.0698784067023546,,7.283121772527716,,4.568956596395898,,3.5615012522339105
LT_848,4,fold4,1,,0.00041116585509451235,,6.92911627986834,,4.725311378818975,,3.3178245910425215,,7.5118648594877,,5.900980073270703,,4.586637557651584
LT_849,4,fold4,1,,0.0004175109587529185,,6.3975763345923236,,4.317412977108116,,3.14621291717856,,7.286885258217003,,4.4971274089342845,,3.399873083051337
LT_850,4,fold4,1,,0.0004104696992921677,,6.521013431918969,,4.420074691470082,,3.057792282745603,,7.11662838472472,,4.903836974537183,,3.6354007242677655
LT_855,4,fold4,1,,0.0004104937131284691,,6.575595726710597,,2.5388694138236794,,1.9018225519217289,,7.596295750100751,,3.684898087460348,,2.7291077910251085
LT_858,4,fold4,1,,0.00041187421933991386,,6.610442870616642,,2.774578255802722,,2.172397748711227,,7.376598940170235,,4.262115222248634,,3.212114105728408
LT_859,4,fold4,1,,0.000411677090896477,,6.331166160325786,,2.6310042102097047,,1.9481710291543428,,7.275531395111369,,3.423327887189831,,2.5478671960630237
LT_861,4,fold4,1,,0.00041117288268856765,,6.285026789552806,,4.040277022973742,,2.954905332279549,,7.512540537305777,,4.155747856167983,,3.1917465943487775
LT_864,4,fold4,1,,0.00041217099750098796,,6.707720312118861,,2.872437572250968,,2.201962183512786,,7.5518510824822735,,4.389120563089795,,3.206467746627264
LT_882,4,fold4,1,,0.0004092224925048762,,6.721878959943901,,2.995025130599619,,2.3249685660161794,,8.116636759310957,,4.8787723531010085,,3.78877676547001
LT_914,4,fold4,1,,0.00040954956697573236,,6.539873207034287,,4.633167955667994,,3.253909299830754,,7.794608823015677,,5.8251763871988995,,4.463531172556298
LT_93,4,fold4,1,,0.0004362510661372332,,5.669549740053436,,2.196914814312838,,1.6812355041431986,,8.809331134197807,,4.272719368896651,,3.2914980239558016
LT_943,4,fold4,1,,0.000417990688816575,,6.395185784640544,,2.6510606657003395,,2.005462190372295,,7.743384434505185,,3.877174337300009,,2.8602755716394705
LT_945,4,fold4,1,,0.00041762888755289204,,6.524120002423772,,4.457092427828205,,3.242120136230706,,7.374646985982441,,4.859224900279237,,3.799415502231812
LT_95,4,fold4,1,,0.0004365507363145345,,5.34474666309915,,2.1694777271842365,,1.6392703344427064,,8.765288554934214,,4.338224148650439,,3.1540600604209836
LT_953,4,fold4,1,,0.0004256353732559684,,6.224840838263724,,2.653206212260478,,2.002780074089457,,8.100305852860462,,4.604488280272648,,3.522653330568572
LT_958,4,fold4,1,,0.0004210139844715889,,6.253275844167403,,2.7776774310644985,,2.0808780027334253,,7.175956957495927,,3.446549156763088,,2.732585205438398
LT_960,4,fold4,1,,0.0004217354340868059,,6.49249494144402,,2.605114396640388,,1.958263903264085,,7.901453032635077,,4.1273690770617195,,3.0205383984768908
LT_961,4,fold4,1,,0.00042520497622352063,,6.131768247221563,,2.367622986776622,,1.8283702182630657,,7.798558988886844,,4.007697925296018,,2.918678897591184
LT_963,4,fold4,1,,0.0004180268062712964,,6.064401764522977,,2.4190031446697025,,1.8298370945293079,,7.364585318418585,,3.2841108347139176,,2.4679181663076357
LT_964,4,fold4,1,,0.00041164425535354654,,6.224039791770298,,4.287158776942818,,3.1570427849968765,,7.623638639428516,,4.90223950249036,,3.760366542896556
LT_970,4,fold4,1,,0.0004242051777508197,,6.000809561570692,,4.184218259224897,,3.127062145428363,,7.675056088847945,,4.781899495247168,,3.5933405412035824
LT_971,4,fold4,1,,0.00041351593850383686,,6.145129064820533,,2.5793763074554525,,1.9157785977726982,,7.3058739485759405,,3.256018279913939,,2.473746096733697
LT_975,4,fold4,1,,0.0004217977644979335,,6.208680155699082,,2.6290731250432784,,2.0372373243194883,,7.833644826523087,,4.605157884792207,,3.4981187450929925
LT_976,4,fold4,1,,0.0004133723963814246,,6.187468460471231,,2.6084958227779635,,2.0597121798917817,,7.866511867005546,,4.457651127997262,,3.4126501140324894
LT_977,4,fold4,1,,0.00041847004106818943,,6.036286540990229,,2.4349140101172546,,1.83816235287115,,7.473357155020885,,3.321715275773879,,2.5238155442428605
LT_978,4,fold4,1,,0.00042587349313477976,,5.962304219055417,,2.500531461704764,,1.9419506102138626,,7.343450969970989,,3.532660154303379,,2.6083651989054313
LT_979,4,fold4,1,,0.000411539163771615,,6.354024219443333,,2.7793232812355444,,2.118485120408864,,7.968811323801713,,4.494140699150542,,3.5439392261441496
LT_98,4,fold4,1,,0.00041907844803804224,,5.75854152371692,,2.2260530484425978,,1.694998123386187,,7.7769007146466045,,4.003397643948866,,2.9162135223115397
LT_984,4,fold4,1,,0.0004218628078420522,,6.16982572342221,,2.558440342306847,,1.981651650034649,,7.920948766107671,,4.641826877776348,,3.4360932996856413
LT_99,4,fold4,1,,0.0004311799654880214,,6.027895357426429,,2.3258053573090725,,1.7262175484702083,,8.196376828896769,,4.196798157306377,,3.0481861774424828
LT_994,4,fold4,1,,0.0004179811899937876,,6.3632732283866345,,2.5467956783039427,,1.9729817152166387,,7.809089392134437,,4.086230477786685,,2.9876635707421824
PCL_32695,4,fold4,1,,0.00043317844242810044,,5.848935297625858,,4.405909784175683,,3.232072185887722,,8.070116709196801,,5.54161276108138,,4.263565855976028
PCL_32742,4,fold4,1,,0.00041880096859968526,,5.6172059092102895,,4.3430245048071905,,3.2516376840202494,,7.771770800649364,,5.812215263253218,,4.743633565725023
PCL_32745,4,fold4,1,,0.00042000825280194033,,6.117183295913133,,4.243989634013358,,3.1941121366982226,,7.204341871783984,,4.980044024384773,,3.987834268973294
PCL_32759,4,fold4,1,,0.0004267257034021206,,5.8534215243050935,,4.345561325632735,,3.3313342940753703,,7.475839044443034,,5.470800383407186,,4.503418966093273
PCL_PCL0194,4,fold4,1,,0.00041344323580382383,,6.06048352935507,,3.874025159879503,,2.9245408076443367,,7.714018768675134,,4.820160282494628,,3.6140770014700805
PCL_PCL0197,4,fold4,1,,0.00040217672128045785,,6.369964722818156,,4.644686833498338,,3.2053774696156347,,8.061517039234015,,5.286302537494883,,3.862337973363976
PCL_PCL0199,4,fold4,1,,0.00040490213969844417,,6.148701213481623,,4.37554641245812,,3.145342789939535,,7.863062441374842,,5.300906707129667,,4.220334375930827
PCL_PCL0203,4,fold4,1,,0.00041126421463853584,,6.279043896409738,,4.337794975561348,,3.0979459865364656,,7.799937680800173,,5.158921483476916,,3.842940013722171
PCL_PCL0204,4,fold4,1,,0.0004064567451643724,,5.632245072820899,,4.2709514629287515,,3.125762507940853,,7.790192239590429,,5.438868802377249,,4.465255305024122
PCL_PCL0206,4,fold4,1,,0.00041311506814857395,,6.297592283575713,,4.3778819374003985,,3.1339570317978285,,7.599132394446178,,5.189431570102629,,3.9131631128763864
PCL_PCL0207,4,fold4,1,,0.0004137380316131707,,6.5260165000248325,,4.540390939423511,,3.2466310002189367,,7.880593625993639,,5.250056389720961,,4.093319596263417
PCL_PCL0208,4,fold4,1,,0.00040387525137808127,,6.00753946383398,,4.487734846209253,,3.25732510948652,,7.548112029569139,,5.971832807254136,,4.566736253739062
PCL_PCL0211,4,fold4,1,,0.000410843385465709,,6.46978850977984,,4.388208322350484,,3.134419280234809,,7.128066986183566,,4.784183022570731,,3.687596080233357
PCL_PCL0212,4,fold4,1,,0.0004033932964470875,,5.936480194493056,,4.251971388417721,,3.0707293965989577,,7.029681422750617,,4.4648775706700645,,3.3061686753428994
PCL_PCL0220,4,fold4,1,,0.0004071442474818561,,5.612413624208915,,4.407746013642132,,3.0527709695634537,,7.341744200279852,,4.909980273093764,,3.6329754431419174
PCL_PCL0225,4,fold4,1,,0.0004202462724798347,,5.47905155475744,,4.309729513147872,,3.2879042880347646,,7.307454493136481,,5.548545881092907,,4.644689160268049
PCL_PCL0226,4,fold4,1,,0.0004308868120919407,,5.553922981709718,,4.318264323992595,,3.2292270906504124,,7.515315690778558,,5.210233356245296,,4.13310082175132
PCL_PCL0227,4,fold4,1,,0.0004240065435680736,,5.7122833974315546,,4.101964194081426,,3.0273586754557913,,7.483133028008379,,4.89173595131135,,3.69247359984893
PCL_PCL0229,4,fold4,1,,0.00043474358561017626,,5.277905753446569,,3.686753009736913,,2.797350697021178,,7.127282929524923,,4.428706984674993,,3.442808016420434
PCL_PCL0230,4,fold4,1,,0.0004172463128840325,,6.413883944985141,,4.453721500273274,,3.1996335486349037,,7.912247791185558,,5.671563307575065,,4.375795137988924
PCL_PCL0231,4,fold4,1,,0.0004162759236281833,,6.526426730029617,,4.181623371515869,,3.083983086376973,,8.082798152578718,,5.207709993027366,,3.9195534582245353
PCL_PCL0232,4,fold4,1,,0.0004156868951822358,,6.31508773574152,,4.202632793724584,,3.1377871061202685,,8.080321752908185,,5.52599261264423,,4.038138092309417
PCL_PCL0233,4,fold4,1,,0.0004174224357363313,,6.617844296479899,,4.330347832225812,,3.1776546000051216,,8.2080825026563,,5.686840803524709,,4.423599918223835
PCL_PCL0234,4,fold4,1,,0.00042361082457889436,,5.628569418662269,,4.416518867580116,,3.3040521371434908,,7.53899988572622,,5.703375727873519,,4.813979999682545
PCL_PCL0235,4,fold4,1,,0.0004181192746798932,,5.778220562862591,,4.460814826421145,,3.34169319307575,,7.290878666984869,,6.147852921872094,,5.025776653060937
PCL_PCL0236,4,fold4,1,,0.00041646898004194313,,6.217870268864299,,4.4711624938054815,,3.348297672978183,,7.578372560238456,,5.819193382707758,,4.853533764785542
PCL_PCL0237,4,fold4,1,,0.0004168038095786319,,6.067619468887946,,4.237175837665238,,3.115581632352405,,7.581649861432292,,5.50471448018273,,4.259727586896958
PCL_PCL0238,4,fold4,1,,0.0004176636323169874,,6.304818078473547,,4.015066348405603,,2.9404272943290977,,7.696746298060466,,4.916232565099243,,3.734082727231185
PCL_PCL0239,4,fold4,1,,0.00043006007947174463,,5.7654827235416235,,4.263121189653855,,3.1835101344416796,,7.635239218419343,,6.056957950507103,,4.655881159106142
PCL_PCL0240,4,fold4,1,,0.0004244079326379095,,5.2867338013193805,,4.2476105497324035,,3.15468021203233,,7.799030754297154,,5.400663680546912,,4.165645930893565
PCL_PCL0241,4,fold4,1,,0.0004217060957489808,,5.853475369044801,,4.035863635424509,,3.0433992652780466,,8.176677712292346,,5.5458244481954395,,4.370179157595922
PCL_PCL0243,4,fold4,1,,0.00042287279332837296,,5.236222329647607,,4.3637956751408185,,3.317130284871871,,7.043489477106919,,5.329402671165185,,4.406867054802313
PCL_PCL0244,4,fold4,1,,0.0004239697660963788,,5.216542108848745,,4.357839450702494,,3.32013704518892,,7.25688783937754,,5.438718043639054,,4.514505460356668
PCL_PCL0248,4,fold4,1,,0.00041638250914404623,,6.74939862234839,,4.285024809214463,,3.1786431850739314,,8.662158020045425,,5.848495138926411,,4.536021608182735
PCL_PCL0249,4,fold4,1,,0.00041317066192579285,,6.554069786343811,,4.302567744761499,,3.194699403724991,,8.046999885671177,,5.590556998526853,,4.351066753086276
PCL_PCL0270,4,fold4,1,,0.00041588491149954256,,6.105740816329626,,4.372514874020703,,3.1089852632071975,,7.374369262744325,,5.075785121099082,,3.9115777528421467
PCL_PCL0271,4,fold4,1,,0.0004172304470925689,,5.834699530044176,,4.162028992511785,,3.045723795039292,,7.324219438431608,,5.008748730310689,,3.9544482803907894
PCL_PCL0272,4,fold4,1,,0.0004169803641984552,,5.705465884004265,,4.149240520583733,,2.966527745533209,,7.963253749543381,,5.257185014098733,,4.083190924376062
PCL_PCL0273,4,fold4,1,,0.0004196593045359843,,6.043865696676595,,4.228579708885151,,3.065549857903172,,7.6816815668314975,,5.346419163163784,,4.166166738296565
PCL_PCL0274,4,fold4,1,,0.00041356564167484636,,6.494319993887261,,4.219725825754816,,3.0581264575572398,,7.8287368130199235,,5.4606851077697245,,4.087683529792134
PCL_PCL0275,4,fold4,1,,0.00041628066571172337,,6.49957863792544,,4.048155905523918,,3.028118311469943,,7.958747488520444,,4.94560568960692,,3.8164760455245528
PCL_PCL0276,4,fold4,1,,0.00042054740664093995,,6.080983390191837,,4.103708706664443,,3.0882297672831305,,7.5593578734047915,,5.2918569606064825,,4.066229978462012
PCL_PCL0277,4,fold4,1,,0.0004116422870897394,,6.323966826970109,,4.15702365862015,,3.0386259143134873,,7.58397531931473,,4.678561968707842,,3.7309162905351787
PCL_PCL0278,4,fold4,1,,0.00041298329217468593,,6.196720126910739,,4.294246565408807,,3.2010089150915966,,8.639753278213744,,5.567057330617487,,4.6287369321658
PCL_PCL0279,4,fold4,1,,0.00042117551506310434,,6.255589430957689,,4.373314066671135,,3.3174196735594315,,7.6646254718374,,5.7064317940265985,,4.584934865168955
PCL_PCL0280,4,fold4,1,,0.000424343181483133,,6.247473299412429,,4.146782821489761,,3.0969990581843088,,7.841693604391697,,5.2902870909480475,,3.976846453965656
PCL_PCL0281,4,fold4,1,,0.00042308142742299333,,5.976894479164748,,4.358641549680425,,3.2566032525990205,,7.716578903658098,,5.6846474873156465,,4.688704981722292
PCL_PCL0282,4,fold4,1,,0.0004170189700234521,,5.576847847332005,,4.071745042567479,,2.980831257853372,,7.891180274277695,,5.015938236448824,,3.9519737480072417
PCL_PCL0284,4,fold4,1,,0.00042874060615526004,,5.7878000461907,,4.220529324344804,,3.213400281609252,,7.71384072726872,,5.770127551741666,,4.5379463667490905
PCL_PCL0285,4,fold4,1,,0.00042040000531623316,,5.832231229811555,,4.301167659599115,,3.2625491194963683,,7.692954509368056,,5.65217167828209,,4.722123226520392
PCL_PCL0286,4,fold4,1,,0.0004158516966524667,,6.21543652614625,,4.044495606620178,,3.005053273730765,,7.774026209182748,,4.8862779551491435,,3.7970694997833623
PCL_PCL0287,4,fold4,1,,0.00041378692363625534,,5.7273775176437,,4.0766262283416275,,2.992697436677516,,7.585174339950805,,5.05852037183273,,3.928456819364391
PCL_PCL0288,4,fold4,1,,0.0004157866893773621,,6.421332425132661,,4.396312306553411,,3.1256884720652067,,8.05771492624796,,5.383533742614643,,4.3237734928802665
PCL_PCL0328,4,fold4,1,,0.000409445137063362,,6.1850376120753205,,2.89931679461676,,2.2189070557328567,,7.613609664003067,,3.999212772016669,,3.045223208610831
PCL_PCL0332,4,fold4,1,,0.0004151254475333512,,6.303045499169992,,3.019194699968039,,2.4026763547432872,,7.17432351302386,,3.702463603868028,,2.939139697010871
PCL_PCL0333,4,fold4,1,,0.00041351281932208196,,5.572539389215657,,2.8655285582761207,,2.100819612126005,,7.937472426889912,,3.6787516439101795,,2.7543898559278905
PCL_PCL0334,4,fold4,1,,0.00041542471714150694,,5.541266344993058,,2.413108011995254,,1.8863583458888504,,7.428304389296041,,3.026609538117933,,2.255339123197049
PCL_PCL0335,4,fold4,1,,0.00040850790020361197,,5.762506499197343,,2.519211586564584,,1.881376171241306,,7.376259019471529,,3.4461568238419926,,2.498991456342436
PCL_PCL0336,4,fold4,1,,0.00040676838093393203,,5.581973989965534,,2.711552581377616,,1.9913286173406433,,7.756603378499266,,3.803716096924083,,2.970347335869908
PCL_PCL0337,4,fold4,1,,0.0004111640994866536,,5.947532194795032,,2.486507106432818,,1.8532295165572585,,7.186447655046649,,3.5109479100035257,,2.549327641871821
PCL_PCL0338,4,fold4,1,,0.0004059021963411999,,6.097250168416882,,2.6719304018993406,,1.9205598538126827,,7.6011373261364445,,3.8661939684246054,,2.7560068028822404
PCL_PCL0339,4,fold4,1,,0.00040768488817334407,,5.517415014847011,,2.2658575280999433,,1.7027706377148828,,7.526916430055203,,3.0688811387776807,,2.2679199528528122
PCL_PCL0341,4,fold4,1,,0.0004071257961487419,,4.894144509370953,,2.119059167812164,,1.622154897357211,,7.312754965292534,,2.8536819780243525,,2.1132188114480175
PCL_PCL0344,4,fold4,1,,0.00040685163658892715,,4.954281903669719,,2.179117321711565,,1.6671244394685765,,7.176690159294178,,2.8713193775363997,,2.033829183719642
PCL_PCL0345,4,fold4,1,,0.000410252214409039,,5.670215279030693,,3.097537968933978,,2.4374924212505107,,6.816997072197255,,3.9899919417190204,,3.0661741655879196
PCL_PCL0346,4,fold4,1,,0.0004055219768445244,,5.548748089694637,,2.1226118748406124,,1.7215451593063156,,7.618750318184226,,3.6063883542996606,,2.8243311507533484
PCL_PCL0405,4,fold4,1,,0.00042551366528855925,,5.749926875110442,,2.7801983816449227,,2.16157280262843,,7.186980557356798,,3.5372113962807226,,2.7820723487124814
PCL_PCL0406,4,fold4,1,,0.00043118290332950365,,5.2369113265782214,,2.5302521283984265,,2.015590468492151,,7.621793899694173,,4.3113571245233935,,3.214407154256636
PCL_PCL0407,4,fold4,1,,0.0004311584824438705,,5.03809323729686,,2.5086620559663504,,2.014134486286802,,7.3674324418074955,,4.252948677379639,,3.305691180388798
PCL_PCL0408,4,fold4,1,,0.0004270921268182421,,5.950208587006208,,3.1367065237496776,,2.459676178491036,,7.770200855038485,,5.234248322651879,,3.9971555065188764
PCL_PCL0409,4,fold4,1,,0.0004239684554913914,,5.86446876023717,,3.0386135282892264,,2.3960307760383763,,7.4504497183037,,5.266689167949095,,4.052842119562185
PCL_PCL0410,4,fold4,1,,0.00040483901912935494,,6.056883802457353,,2.587379903887058,,2.010647083098134,,7.6481335386118365,,4.064197200888234,,2.9981935331193936
PCL_PCL0423,4,fold4,1,,0.00043303903394773836,,5.101991125435324,,2.163884853755373,,1.6374161907948017,,7.221977735211874,,3.122373599684158,,2.2109070318750197
PCL_PCL0424,4,fold4,1,,0.0004336783873682918,,5.436333880459893,,2.581699476890727,,1.8998122004724738,,7.153672594837886,,4.370255905153228,,3.2645531371069016
PCL_PCL0425,4,fold4,1,,0.0004304265651263253,,5.402394334716857,,2.8553072300944,,2.1191951643950127,,7.154097943451203,,4.558743106421954,,3.6410787085904444
PCL_PCL0426,4,fold4,1,,0.00042059791570760174,,5.771279855595398,,2.4332025960858026,,1.8067307115222566,,7.957476635092378,,4.057526311836957,,3.0288234249046284
PCL_PCL0427,4,fold4,1,,0.0004196280217406874,,6.459042890254414,,2.7922986896680033,,1.9850726632415538,,7.758759570326578,,4.23963338513879,,3.226343819106336
PCL_PCL0428,4,fold4,1,,0.0004326379409979389,,5.66661118118941,,2.543074323227271,,1.899612833338371,,7.1971205875191036,,3.9355032492547166,,3.062946623090309
PCL_PCL0429,4,fold4,1,,0.0004314962950750668,,5.71567979086064,,2.5784538895336557,,1.9363973766268732,,7.39412262445313,,3.5587402701365516,,2.6753787405147533
PCL_PCL0473,4,fold4,1,,0.0004217378396364161,,5.61778508898014,,4.238121887352928,,3.1446692762743416,,7.935691012663107,,5.340302269154303,,4.251589275841557
PCL_PCL0474,4,fold4,1,,0.00040888762223709185,,6.2879147394961,,4.493953746363521,,3.24621454130655,,7.39645739655256,,4.169794661354923,,3.2566255449233523
PCL_PCL0475,4,fold4,1,,0.0004202280958867134,,6.436838187381361,,4.633934472664868,,3.3360447430002687,,7.685584097867749,,5.217247714690101,,4.098516327552781
PCL_PCL0476,4,fold4,1,,0.0004325826815430901,,6.092129115928101,,4.576726697833202,,3.267193798104581,,7.461703904910492,,4.882378389114128,,3.80219328328421
PCL_PCL0477,4,fold4,1,,0.0004103034515330617,,7.115745911384629,,4.882882394745286,,3.5175311111496033,,7.9526400814653275,,5.94152586820961,,4.6427545978174996
PCL_PCL0478,4,fold4,1,,0.00041078172117089626,,6.380806779194826,,4.4360432311112215,,3.245492308687752,,7.430580244137303,,4.7170856000358645,,3.612583113471932
PCL_PCL0479,4,fold4,1,,0.0004108404303208666,,6.56125099292607,,4.5698964579079915,,3.3202696879291786,,7.51406454423372,,4.926345259959241,,3.7866484254100596
PCL_PCL0480,4,fold4,1,,0.0004255826019169042,,5.635270121483819,,3.9542230194797927,,2.908639359120663,,6.990447745494772,,3.9818760360303265,,2.9801322114257487
PCL_PCL0481,4,fold4,1,,0.0004256654005871663,,6.17885131048045,,4.2752823414430505,,3.133980969041189,,7.18375706211821,,4.7746423291326625,,3.722571149098617
PCL_PCL0482,4,fold4,1,,0.0004250069265055289,,6.229669823901825,,4.671752448380249,,3.3009782961282816,,7.421062759878644,,4.792197147558056,,3.738296606745828
PCL_PCL0483,4,fold4,1,,0.00042702095123712397,,6.490584849309564,,4.376503063570449,,3.172551107675913,,7.214576350270584,,4.697546374572447,,3.415193424574154
PCL_PCL0484,4,fold4,1,,0.00043125420066556994,,6.539850828426004,,4.639691888518239,,3.3760623765720292,,7.667717370683526,,4.746002912164644,,3.807236664937575
PCL_PCL0485,4,fold4,1,,0.00043069677698741836,,5.894003823542973,,4.382903231637826,,3.3405763676437408,,7.448217701336162,,5.446461429209333,,4.346242633926131
PCL_PCL0486,4,fold4,1,,0.00043619864833417503,,5.3934457436321885,,4.423840080211469,,3.2768969681594173,,7.083717003147046,,4.810810902254843,,3.8531576319431133
PCL_PCL0487,4,fold4,1,,0.0004195275439094776,,5.28643889446242,,4.2228152121538605,,3.2051524712842885,,7.430862295863639,,4.574897269900645,,3.65270935490858
PCL_PCL0488,4,fold4,1,,0.0004200591814579203,,6.2591948712364,,4.457281983578354,,3.1654617310384,,7.264142920304294,,4.231804125547444,,3.2691989841979456
PCL_PCL0489,4,fold4,1,,0.00042450515513599123,,6.155583447884005,,4.388432496594772,,3.1348723022760088,,7.422486807304018,,4.777521221514043,,3.6145421285954686
PCL_PCL0490,4,fold4,1,,0.0004180199728944182,,5.969821535583309,,4.460779398516566,,3.1375689130179683,,7.224005420372174,,4.813899261912903,,3.695218767181551
PCL_PCL0491,4,fold4,1,,0.00041253169132463366,,6.491731818561285,,4.846016716711382,,3.4137385938498146,,8.056431560634469,,5.967670834095558,,4.862663737807895
PCL_PCL0492,4,fold4,1,,0.0004319845574045529,,5.558941445097754,,4.368791632489456,,3.198877785718821,,7.5003646237358295,,4.7485840088288835,,3.7096430294887677
PCL_PCL0493,4,fold4,1,,0.00042872461324383083,,5.570659270860364,,4.513963337371528,,3.288451430692325,,7.4997153222175195,,4.523409813374824,,3.6098790975191197
PCL_PCL0494,4,fold4,1,,0.00043571441757026506,,5.485471055576846,,4.324405372860603,,3.19767424549107,,7.652582343419491,,4.890916383311176,,3.9462194574229343
PCL_PCL0495,4,fold4,1,,0.00042954308515074854,,6.407187742581423,,4.734676009937006,,3.383875359588873,,7.078019382187244,,4.977183934943453,,4.087063697844281
PCL_PCL0496,4,fold4,1,,0.00041326876919823945,,5.834195711818583,,4.216391963475174,,2.967885025180203,,7.361536144576365,,4.452112504844371,,3.336290573970758
PCL_PCL0497,4,fold4,1,,0.00042900185763084485,,5.527565997624624,,4.2377933937844885,,3.2218502197970165,,6.985499964916485,,5.037954333088862,,3.952923656622808
PCL_PCL0498,4,fold4,1,,0.00041629017747557735,,5.7050951807579455,,4.268297877014827,,3.2336720710554765,,7.306067119337738,,4.608071768010118,,3.775704607076234
PCL_PCL0499,4,fold4,1,,0.00042549850959437696,,5.901667663160802,,4.143805545997072,,3.216720248072629,,7.098238132466785,,5.162357427053226,,4.121118263502455
PCL_PCL0500,4,fold4,1,,0.0004120242418472475,,7.646046105622583,,4.916463821829701,,3.514728453398611,,9.079375648335086,,6.441226271210546,,4.837433990180681
PCL_PCL0501,4,fold4,1,,0.0004028730874204838,,7.277130523278697,,4.85747961471824,,3.5251739866747838,,8.863228345313258,,6.158288487576376,,4.902828011383121
PCL_PCL0502,4,fold4,1,,0.00041289634375212686,,6.26810799394126,,4.363028862240024,,3.3519432918239755,,7.225474219576451,,5.548671805266685,,4.442131014852298
PCL_PCL0503,4,fold4,1,,0.0004079868668793087,,7.222331853046857,,4.5398789630911045,,3.3872721660732656,,8.9473272438396,,5.4965462078255936,,4.544399610969467
PCL_PCL0504,4,fold4,1,,0.0004367915116863727,,4.905033862898465,,3.899797790190768,,2.8272270435084756,,7.43019238420259,,4.549453973578477,,3.3710976419739676
PCL_PCL0505,4,fold4,1,,0.00040359313132065297,,6.791770019880509,,4.61612874884864,,3.4144667409027445,,8.294092119834598,,5.668398758290073,,4.636963188477014
PCL_PCL0506,4,fold4,1,,0.00041772634791848937,,6.4341726503461505,,4.178812202270504,,3.0964097168245477,,7.7732668784053525,,5.098179493321488,,3.8822668781518663
PCL_PCL0507,4,fold4,1,,0.00040986094362825687,,6.467010725008209,,4.1705044331377925,,3.094588591281689,,7.559938745966601,,5.0640536132548695,,3.902924981379193
PCL_PCL0508,4,fold4,1,,0.0004059496270071312,,5.996540572511275,,4.779837673718259,,3.5180436683043306,,8.433035874336731,,6.48124132747789,,5.1158295828020135
PCL_PCL0509,4,fold4,1,,0.0004186930535019489,,6.49657988997647,,4.830116257602054,,3.4565447113132577,,7.8228488978626505,,5.927844982155189,,4.724229676179251
PCL_PCL0510,4,fold4,1,,0.00042334799719048917,,6.226723082818774,,4.458611201802373,,3.35928691352121,,7.506204914035026,,5.016498508044681,,3.969280739310363
PCL_PCL0511,4,fold4,1,,0.0004138607399839945,,5.734991492015432,,4.636816036232621,,3.3726795993063567,,7.331631027921337,,4.5783504226952605,,3.560451574763643
PCL_PCL0512,4,fold4,1,,0.00042088332381152657,,6.922360262315405,,4.731829309499471,,3.2769062948567593,,7.5420821107980585,,5.412598160175598,,4.215591963097809
PCL_PCL0513,4,fold4,1,,0.0004062114372801878,,5.8682574586707625,,4.48644377931725,,3.386032889922628,,7.6471687409693345,,5.684601479637025,,4.671368373346194
PCL_PCL0514,4,fold4,1,,0.0004031892801600323,,6.3208863642672,,4.36232938656274,,3.282150733686646,,7.408864640635411,,5.288226184828282,,4.298441715271967
PCL_PCL0515,4,fold4,1,,0.00040253636949349157,,7.016554902545838,,5.098235376956362,,3.446502689516765,,7.999504310114777,,6.582005175985399,,5.117120599201175
PCL_PCL0516,4,fold4,1,,0.0004022192869031285,,7.378904393657964,,5.006000598630442,,3.4036335566262323,,8.868917662367068,,6.436770523054545,,5.006303991579292
PCL_PCL0517,4,fold4,1,,0.00040414847416889166,,7.800485457729349,,4.7098525488751655,,3.469412764130216,,9.429179611680517,,5.887979568339263,,4.8357942040637205
PCL_PCL0518,4,fold4,1,,0.0004315583741141601,,6.31194380181247,,4.523355954547046,,3.435674021179588,,8.450295034939378,,6.1139356785751815,,5.277919745759865
PCL_PCL0519,4,fold4,1,,0.00040500662178319206,,6.8963700196755555,,4.826235334154024,,3.5543829189420157,,7.9009950524639025,,6.091044102283703,,5.061463337971771
PCL_PCL0550,4,fold4,1,,0.000406273263247995,,5.5246255245666465,,4.234733220061636,,3.046097166496835,,7.287291801917775,,4.59996099166377,,3.335687075306896
PCL_PCL0551,4,fold4,1,,0.0004195455833364229,,5.862110816327926,,4.348889544960164,,3.151349958928211,,7.544837831219924,,5.055130664688668,,3.8791600797772445
PCL_PCL0552,4,fold4,1,,0.00041061085617672896,,6.046842659340979,,4.549958191756176,,3.339975608362077,,7.591178025537926,,5.246127863400114,,4.173859614266119
PCL_PCL0580,4,fold4,1,,0.00040479665826984035,,7.191791053886281,,3.0257242075296786,,2.2234868357063204,,9.813525465313896,,5.069493886045466,,4.014701274334156
PCL_PCL0582,4,fold4,1,,0.0004062311132376952,,6.319816933209764,,2.908906564293419,,2.33578093789427,,7.441764726280391,,4.4066302677341715,,3.3788709568195308
PCL_PCL0585,4,fold4,1,,0.00041248385928163364,,6.7081469167026615,,3.2173496255484197,,2.445255673840533,,9.350708288301071,,5.336774014899802,,4.162067121578599
PCL_PCL0590,4,fold4,1,,0.0004100866407967408,,5.6346257218986855,,2.4802774953424924,,1.8895351643047738,,8.109252512267984,,4.366617913411135,,3.3354010230741924
PCL_PCL0594,4,fold4,1,,0.0004313999812019173,,5.587152642233189,,2.8253592647590193,,2.1656627236669808,,7.5545611001852455,,4.548682232063457,,3.4153727525580115
PCL_PCL0595,4,fold4,1,,0.00040405360753657804,,6.00575405033941,,2.647190510252112,,2.0029022729896826,,7.756409969993475,,3.8375848019880876,,2.94983073718528
PCL_PCL0603,4,fold4,1,,0.0004054578868514305,,5.624243479848233,,2.5891340480060916,,1.9194854421086116,,8.161591494858847,,3.9499597095272923,,2.9514305606233227
PCL_PCL0605,4,fold4,1,,0.00040436777703649687,,6.584025109199557,,3.0202740093899685,,2.1738328779011074,,9.974551387457241,,5.4699993271594165,,4.053192913073101
PCL_PCL0607,4,fold4,1,,0.0004025256399539604,,5.913341728467931,,2.713230591344276,,2.0650751897907154,,7.923863120335752,,4.369085868441054,,3.311204438797401
PCL_PCL0619,4,fold4,1,,0.000405504569913364,,6.084669392829001,,2.4543171019185124,,1.8361777477933952,,7.93587277588762,,3.917268777302178,,2.8597832672740613
PCL_PCL0624,4,fold4,1,,0.00040270029249932747,,6.077419714130387,,2.272535667984376,,1.7145585766524356,,7.680860470088825,,3.5734231247511317,,2.7113944797327316
PCL_PCL0625,4,fold4,1,,0.0004030346235191738,,6.5549860269024105,,2.289611152392489,,1.7656920028332415,,8.89957456181528,,4.107326474673014,,3.0305063532035974
PCL_PCL0641,4,fold4,1,,0.0004031366739307117,,6.483950330499995,,2.944386127332671,,2.127047574395267,,8.48254124004439,,4.933210706588427,,3.683538274456577
PCL_PCL0649,4,fold4,1,,0.000404425331002118,,6.143617719110061,,2.77758461414313,,2.024632144158541,,8.003190475072751,,4.568872022530251,,3.3533635523748293
PCL_PCL0662,4,fold4,1,,0.0004028453415589727,,6.340729077960544,,2.183551189776483,,1.6907131063724872,,7.8893145349436535,,3.114352536564231,,2.2360862000429877
PCL_PCL0664,4,fold4,1,,0.00043513114495043366,,5.169457083176326,,3.6674858433247954,,2.75988312704447,,7.04649608315233,,4.565717838718626,,3.6153227159244676
PCL_PCL0676,4,fold4,1,,0.000433246754924824,,5.803477146445947,,2.7460738990922886,,2.0937520759342743,,7.730152066962454,,4.3669677860604645,,3.2549858645286016
PCL_PCL0680,4,fold4,1,,0.00040308495576953096,,7.051138517062455,,3.253202536357383,,2.3493799272440588,,8.57466836746368,,5.147641391175631,,4.081859745092974
PCL_PCL0681,4,fold4,1,,0.0004117543945300582,,6.065386630852042,,2.772809570172729,,2.071624381490233,,8.19757355152559,,4.425119258690713,,3.3599723927523963
PCL_PCL0683,4,fold4,1,,0.0004121972221533335,,5.55867618935865,,2.706978452307861,,1.9928588149016235,,7.800468657755458,,3.9855722526723363,,3.0216034062086052
PCL_PCL0685,4,fold4,1,,0.0004225419564926093,,5.375855734301733,,2.5487789739917073,,2.041632696760819,,7.896870166777706,,4.442209210080983,,3.379075074581417
PCL_PCL0686,4,fold4,1,,0.0004249743877707702,,6.136601239832826,,2.7634197656733623,,2.0208989462251314,,7.721290467094655,,4.263743025953633,,3.253089683661745
PCL_PCL0689,4,fold4,1,,0.00042694185573128804,,6.225789037194404,,2.7288644400701516,,1.9925107798684105,,7.7852096570227385,,3.6104213346749927,,2.8245140902345907
PCL_PCL0690,4,fold4,1,,0.0004239938222620112,,6.1263848976179895,,3.0111027272072763,,2.2275245623255726,,7.943843984901952,,4.667819330805732,,3.57050650454138
PCL_PCL0691,4,fold4,1,,0.00041085418106562646,,6.326406023602625,,2.888167358281548,,2.208377807578821,,7.384747075218992,,4.015523109588805,,3.022670873613081
PCL_PCL0694,4,fold4,1,,0.00041320433349808193,,7.1798030997877,,3.1780669777688177,,2.302382709544968,,9.599709693913214,,4.986395710891545,,3.71998131344302
PCL_PCL0695,4,fold4,1,,0.00041870120672386595,,5.178593540457653,,2.553145730802708,,2.0490301612500845,,7.0907259694621985,,4.253864909336936,,3.247381118539946
PCL_PCL0696,4,fold4,1,,0.0004242344714372494,,5.328349561008297,,2.501186749694727,,1.9137084908421353,,7.532249128409733,,3.6036807219572506,,2.695650865872215
PCL_PCL0698,4,fold4,1,,0.0004180095937513714,,5.567578276187216,,2.6681389725608415,,2.1466486301299805,,7.382259319199605,,4.721598391439817,,3.669942780889362
PCL_PCL0699,4,fold4,1,,0.00042355227877447464,,6.161548493485315,,2.6595402239499757,,2.0257190771399607,,8.143599663468013,,4.589043569190191,,3.532503681773793
PCL_PCL0700,4,fold4,1,,0.0004244007337033829,,6.2123817076869265,,2.8121851517733227,,2.094799856765071,,7.760159835934457,,4.36465871906108,,3.3085390811613165
PCL_PCL0701,4,fold4,1,,0.0004233353196517742,,6.205373533039105,,2.465943278775353,,1.8397456780988333,,8.169450063460971,,4.26320622689621,,3.3209131511869
PCL_PCL0702,4,fold4,1,,0.0004258393621376002,,5.206523653910842,,2.3999490760448405,,1.869779722056641,,7.359743904585028,,4.013482835721012,,2.9433038925622563
PCL_PCL0703,4,fold4,1,,0.0004250815449913705,,5.925746122230677,,2.7268440568772285,,2.1991380718936435,,8.128030358686095,,4.924094527282309,,3.778340128830318
PCL_PCL0705,4,fold4,1,,0.0004178357151885855,,6.249888602909654,,2.7007996629229116,,2.1123840557628952,,8.24212815036383,,4.484369649022555,,3.388633450084974
PCL_PCL0706,4,fold4,1,,0.00042018442536052684,,6.114653592481239,,2.7353158901359476,,2.1254406574459814,,8.14342275032065,,4.829943413514001,,3.644949652486092
PCL_PCL0717,4,fold4,1,,0.00041198984639157984,,5.961772948337939,,2.544381266343019,,1.8798435385695587,,7.858216916083153,,4.196291706181951,,3.0777383839113903
PCL_PCL0718,4,fold4,1,,0.00040661129416286884,,6.003735033287006,,2.9176893115403653,,2.1462908266351137,,7.709416808074251,,4.525911588638439,,3.352728284918171
PCL_PCL0719,4,fold4,1,,0.00041368427709077664,,6.220047447916549,,2.734722702662927,,2.0329083167258504,,8.310081583414659,,4.619067160380033,,3.4063926966811082
PCL_PCL0740,4,fold4,1,,0.000416532360138366,,6.1627567372375465,,2.773352872767023,,2.060401713482386,,7.7917979488832705,,4.064280249980037,,3.146250112398936
PCL_PCL0741,4,fold4,1,,0.00042276160554379286,,5.593304181088937,,2.4429312498008247,,1.9413575368647815,,7.914256256985656,,3.799473647330874,,2.7954853783353366
PCL_PCL0774,4,fold4,1,,0.0004233197969865255,,5.447870905209785,,2.4203081586804873,,1.773182103226214,,7.316637187574011,,3.4047016459347654,,2.550096910551249
PCL_PCL0775,4,fold4,1,,0.00042913972477049735,,5.215231797442672,,2.565207243523743,,1.9914489452598814,,7.286766119261166,,4.073495763286529,,3.126303134851029
PCL_PCL0776,4,fold4,1,,0.0004224221950081108,,5.454147077781219,,2.7294812839566043,,2.1900759559041836,,7.561984541538714,,4.639203135185506,,3.4649090209953144
PCL_PCL0777,4,fold4,1,,0.0004221695634698836,,5.384158067058692,,2.427407834855498,,1.8523501000023115,,7.117431904766124,,3.3913292477198773,,2.5396673410263917
PCL_PCL0797,4,fold4,1,0.00039026359377487477,0.00040238248596483235,4.253480654983976,6.3310560681167845,2.084653733955062,2.8008913152260044,1.5056692346135714,2.0026166940570578,8.0,8.336073098330074,6.113233206460446,4.673430913177057,5.32313095835424,3.426898397705277
PCL_PCL0798,4,fold4,1,0.00040228099173411565,0.00040375559733121444,5.049963209041818,5.823941616070385,1.7594458253302474,2.4630680261149243,1.3937968393378197,1.8524613452747958,10.177060199926093,8.346705221876196,3.298465249580086,3.4277743762053383,2.4802860233219977,2.4599102308491583
PCL_PCL0799,4,fold4,1,0.0003943307339425129,0.00040275059508630175,9.729740855138427,5.664384737467573,4.970991820976198,2.4959788485132988,3.6344994596414555,1.970649482867807,13.88638439317451,7.416805844130609,7.118644814027979,3.604223005156906,5.06725843298122,2.64018545538709
PCL_PCL0800,4,fold4,1,0.00040206727252970316,0.00040221034400724637,4.377548740290778,5.3347761443568125,1.4665584324069438,2.4412325059870614,1.1946600709319881,1.8412247391511098,9.256430391144026,7.599128368983637,2.2823607820359886,3.638712381889735,1.485600714199846,2.73146058608274
PCL_PCL0832,4,fold4,1,0.00041756566020939996,0.0004079020524088983,,5.543408068910655,,2.277534519200845,,1.740079121898261,,6.989706027290169,,2.9408310494656384,,2.1795819738142863
PCL_PCL0833,4,fold4,1,0.0003971128512179227,0.00040589302637958,4.505017531773496,6.0535294780016065,1.7723877943658752,2.0204941644618284,1.4285706201327835,1.5455623191711976,8.882320966964656,7.237357396159772,3.9365097848157227,2.5947792846350417,3.4236777788640147,1.9297048026469343
PCL_PCL0834,4,fold4,1,0.0004019559850608886,0.00040353357944782065,6.0010132351118735,5.624966178025477,4.147195373944175,2.743142191076465,3.334265107002005,1.96597677578634,8.0,7.937698257158161,5.486243596649043,4.3003600461738305,4.297619047619048,3.412294253306207
PCL_PCL0839,4,fold4,1,0.00039787015723795723,0.0004036574340398891,4.496067663159595,6.111712459855756,3.542546536308518,2.696578164803882,3.0134836437136103,1.8860825585681267,5.0,8.382940006439208,3.9823640160196905,4.688561839856563,3.445090063916328,3.482878417192277
PCL_PCL0840,4,fold4,1,0.0004138805873536223,0.0004042687797595479,6.159976831240306,6.304325730858583,3.709096965473195,2.3223415157782545,2.863183483098121,1.7845118730289276,8.0,7.9440189029915755,5.107728833763644,3.8693739457326077,3.949398333847578,2.840682066375334
PCL_PCL0841,4,fold4,1,0.00041343190784756624,0.0004063985038420745,3.721192744665793,5.719144332191553,1.5404048424554473,2.558628221285089,1.329648475054089,1.9971303080940923,5.858358067503017,8.260835100098012,2.721965558869789,3.736938322078022,2.3930961097647296,2.7993400159298156
PCL_PCL0937,4,fold4,1,0.0004227373851886081,0.0004067226056165534,6.849917261265509,6.658821771209212,5.972321581012332,4.409880574118415,4.909665950797033,3.096768859670408,7.814096185724644,8.446968785532283,7.230612269705155,5.531078427059437,6.634146341463413,4.209157242740701
PCL_PCL0938,4,fold4,1,0.0004145772707043359,0.00042043352235100057,,6.008684701405904,,4.411414346638004,,3.1344677329911095,,7.532472081232575,,5.1788622959214115,,3.897325446629611
PCL_PCL0939,4,fold4,1,0.00041328946661858476,0.0004051531177845062,7.248880853537627,6.519231704578819,5.106620175910351,4.346463066436981,3.7184598894998024,3.1446951447623697,8.609213366448241,8.410687264390653,6.159875228127528,5.503314880989623,4.330605564648118,4.2252971583452
PCL_PCL0940,4,fold4,1,0.00041166525164050663,0.00041564918710487557,5.51242049637139,6.356295901601625,3.653345998722575,4.492666523305095,2.8271778546937445,3.3341109535756246,6.207361005402882,8.060366679698491,4.3484949285825465,5.82652549237456,3.552266419981498,4.4944781114386165
PCL_PCL0953,4,fold4,1,0.00041898491855594833,0.0004061610557153997,6.062912273002142,6.795294729873242,4.269241052426944,4.661623951235799,3.296422200014877,3.3251633352398677,6.77138027414166,8.94984689275121,4.84873732917571,6.003232413409115,3.689024390243903,4.942341790893464
PCL_PCL0954,4,fold4,1,0.00041902716943894295,0.0004058270523159945,,7.237874545994521,,4.649936998386476,,3.292309533131191,,10.090696818844153,,5.960166673621254,,4.781902500414643
PCL_PCL0955,4,fold4,1,0.00041779802719448954,0.0004144402514227718,4.273368525466723,6.739137275187489,3.621367206519386,4.527990149123534,3.0509844643226596,3.396317887199038,5.396592364847365,8.386741710084406,5.397739262119493,5.797061597942293,5.351351351351352,4.3847408772752265
PCL_PCL0956,4,fold4,1,0.00041312260833112146,0.0004218404824622886,,6.445595767666315,,4.670497116168206,,3.2737657834715392,,8.304403705273211,,5.666152122732163,,4.422818877762494
PCL_PCL0961,4,fold4,1,0.00041772419269935757,0.00042692774978355004,7.164341614072901,6.156963179193801,5.134141464948872,4.371481011454839,4.045275694507971,3.146668996461263,9.835954151597415,7.498349696267562,6.329102825752238,5.496317357279712,4.9301972685887705,4.012596531638586
PCL_PCL0962,4,fold4,1,0.0004040849551970024,0.00042692774978355004,7.1081728170854515,6.156963179193801,4.269433598881037,4.371481011454839,3.0696982006317435,3.146668996461263,12.05359830827437,7.498349696267562,6.369364237819719,5.496317357279712,4.268794624107517,4.012596531638586
PCL_PCL0963,4,fold4,1,0.0004318172312741516,0.00041505645301820673,5.237596002396298,6.121321113600218,4.597468442552468,4.295080345739082,4.111728410746316,3.1879715459314744,6.172378807820004,7.925491837783835,5.531395730130193,5.566978704344565,5.056179775280899,4.244654408711515
PCL_PCL0964,4,fold4,1,0.0004081196062134771,0.00040559693993562525,6.197616256380132,6.696042772017746,5.398970689743504,4.486090417338492,4.567189953189182,3.2319954543339087,7.827233820374537,7.949284243634611,6.704198405331642,5.317928062167135,6.067778936392075,4.162094727450947
PCL_PCL1130,4,fold4,1,0.0004337912765722898,0.0004311580152973355,,5.13794097126551,,4.259608601280782,,3.2757267442437548,,7.03066747897907,,5.262123338269353,,4.441536141897509
PCL_PCL1131,4,fold4,1,0.00043219475040011894,0.00041723160857342137,,6.304507317089484,,4.570336853675847,,3.468884858314263,,8.041151575483577,,5.9372575503851435,,4.862501429272013
PCL_PCL1132,4,fold4,1,0.00043498285614022435,0.00042742072248402006,,6.39241275344065,,4.453116760480808,,3.3038393910072235,,7.58095479691344,,5.448636232158649,,4.06138628401645
PCL_PCL1133,4,fold4,1,0.0004351727414638696,0.0004323746201956701,,6.827799135674042,,4.998526265658502,,3.5601286730932284,,8.581443421120712,,6.432379835548377,,4.83000566490572
PCL_PCL1134,4,fold4,1,0.00044094094025183274,0.00042094060974029283,,6.417701312767297,,4.558508467137054,,3.407961396260303,,7.707511821719845,,5.786734059379894,,4.883000704916928
PCL_PCL1135,4,fold4,1,0.00041920719045035503,0.00041858882552420207,,6.013027045814909,,4.245280824465677,,3.164863347600285,,7.445967476809092,,5.230997179555123,,4.04161620078802
PCL_PCL1136,4,fold4,1,0.00043501344453263313,0.0004320706007116936,,6.5285901714690215,,4.903187482638665,,3.4484268326236704,,8.396211819694196,,5.813181879801901,,4.489380482514472
PCL_PCL1137,4,fold4,1,0.00042341926675185527,0.0004340278293830657,,6.217330823200501,,4.536640691636285,,3.2410483046366974,,7.5909121720069965,,4.955771648304325,,3.928934477393507
PCL_PCL1138,4,fold4,1,0.00043354392045345265,0.0004309398606225003,,6.552846233918183,,4.974689068880141,,3.5926575901443827,,7.737272503278591,,6.041983531323942,,4.767379774622099
PCL_PCL1139,4,fold4,1,0.0004332043895334686,0.00043348047734954875,,6.234918473824261,,4.415135947015436,,3.2235140076779514,,7.340091869430639,,5.25142958440337,,4.121015572296052
PCL_PCL1140,4,fold4,1,0.0004180189669274237,0.00042474032598128694,,6.581947637396962,,4.548604233067841,,3.3902050775531283,,7.955402919614916,,5.922795225112314,,4.690115332960172
PCL_PCL1141,4,fold4,1,0.0004225379345285024,0.00043190004127391206,,6.198007527101629,,4.551908581912377,,3.2114938479575117,,7.407379412687314,,5.220940325921069,,3.9776809334362784
PCL_PCL1142,4,fold4,1,0.000434379502663337,0.000432100253114593,,6.556473189076111,,4.56360685401832,,3.251780130486301,,7.5487306781371055,,5.173970909480715,,4.084623287151748
PCL_PCL1143,4,fold4,1,0.0004252688073719753,0.00043362823433379383,,6.190812737894341,,4.60984015978859,,3.3164572700470916,,7.495004701847756,,5.081895273178679,,4.089475234722175
PCL_PCL1144,4,fold4,1,0.0004230462789416446,0.00043247387775489227,,6.425752036486721,,4.514613451736547,,3.256506948748489,,7.168290654334336,,4.520709887653144,,3.4570182912550447
PCL_PCL1145,4,fold4,1,0.0004322575584026383,0.00043306380327272874,,6.302329149841273,,4.639435938882401,,3.344639688726098,,7.376065927517835,,5.0684028279096545,,4.090579616506685
PCL_PCL1146,4,fold4,1,0.0004286502828025139,0.0004314794443699369,3.3492574725112423,6.3893702162606685,2.1855006928898653,4.70307776920684,1.5892034814082419,3.2326266901106964,6.188008015307417,7.7564783796899475,4.929256108715791,5.665750733962143,4.082474226804123,4.2723204314493755
PCL_PCL1147,4,fold4,1,0.0004363813104005087,0.00043182899132097365,,6.148761526759481,,4.7751433118900275,,3.4246324302564446,,7.77720165115133,,5.194349954451658,,3.956246601612325
PCL_PCL1148,4,fold4,1,0.0004301857703445951,0.0004314006540171375,,5.972906306859881,,4.4910845816818465,,3.268725180697932,,7.3617845181792845,,5.440398869454133,,4.288505142043892
PCL_PCL1149,4,fold4,1,0.0004280177077886333,0.00043382171622901276,,6.406914002967664,,4.555754881909797,,3.363548644845276,,7.547193284490028,,5.443118770209304,,4.255130064080675
PCL_PCL1150,4,fold4,1,0.00043868281638311337,0.00043327467671774693,,6.3748677891653,,4.349897957555281,,3.1850821831318914,,7.197659141092515,,4.6087253904699494,,3.36954727480264
PCL_PCL1151,4,fold4,1,0.0004367585492306226,0.0004336850764271819,,6.145057106820419,,4.110335423377433,,3.072627593800343,,7.251099309072617,,4.672410776016218,,3.514762214999022
PCL_PCL1152,4,fold4,1,0.0004255839230233925,0.00042754974224389584,,6.199483548688357,,4.4120590806184286,,3.208343670043017,,7.304403487023492,,4.44067330506635,,3.2684298085491674
PCL_PCL1153,4,fold4,1,0.0004345565041639077,0.0004323955042271517,,6.53971765079718,,4.448649980235196,,3.3048169922188064,,7.74984673381639,,5.439613567842017,,4.074384189727143
PCL_PCL1154,4,fold4,1,0.0004314938147518469,0.00042823228151866316,,5.98063234668053,,4.29667004563823,,3.2144928235286354,,7.104971191670956,,4.664695016725558,,3.664598137769227
PCL_PCL1155,4,fold4,1,0.00041813862708111303,0.0004280272850036848,,6.223708683022753,,4.435983767660281,,3.2495395249485095,,7.29262826591332,,4.8734995649085535,,3.6728252021918415
PCL_PCL1262,4,fold4,1,0.00042235642682941267,0.0004051827774698008,,7.861247578015455,,5.009346309764152,,3.5523571298266448,,9.822738219217694,,6.670156343284517,,5.298266678324794
PCL_PCL1263,4,fold4,1,0.0004200216937059192,0.00040512191496999174,,6.054056601295848,,4.324378741706847,,3.2039394703285278,,7.686835365069287,,5.532548428788717,,4.32966311653751
PCL_PCL1264,4,fold4,1,0.00042115962816796144,0.000402630817634933,,6.112067098196653,,4.527483397366836,,3.1785323760420354,,7.874359817453726,,5.884642247167075,,4.470317804443276
LT_100,0,fold0,2,,0.0004140125430507763,,6.442603486776879,,2.851063223456057,,2.294396683923571,,7.9935382331306775,,4.86671309177406,,3.4857606800871017
LT_1000,0,fold0,2,,0.00041139047530266634,,6.629764168945127,,2.7969540797876373,,2.3269680746084225,,8.125681738729327,,4.848285826287119,,3.5694611540032315
LT_1001,0,fold0,2,,0.00041597664742814254,,6.36819086439953,,3.771597487298029,,3.038790765712552,,7.998721042439445,,4.257528746497117,,3.346271648687581
LT_1018,0,fold0,2,,0.00040911987763868514,,7.862778413824849,,3.5604884857470926,,2.8204213158055427,,9.80762638930966,,6.016167926482176,,4.354918367596615
LT_1021,0,fold0,2,,0.0004093339479885449,,6.757470425782537,,2.7299440208591723,,2.281323888174074,,8.395207754644328,,4.425524587130107,,3.2972804210194666
LT_1022,0,fold0,2,,0.0004093297997536851,,6.6205010380750755,,2.7853139672828497,,2.3401776647415593,,8.411338569612719,,4.803237718222601,,3.5344036517200395
LT_1023,0,fold0,2,,0.00040617635361319543,,6.642590078748292,,3.2480447610290706,,2.6161275572119593,,8.551132585769032,,5.745173418955209,,4.182669325662192
LT_1025,0,fold0,2,,0.00041078025455008015,,6.473956813650785,,2.7358800865828075,,2.2326588283903446,,8.127034264573204,,4.72074983639198,,3.399697882029807
LT_103,0,fold0,2,,0.00041417542081108316,,6.556596423403967,,2.7630910658621413,,2.2118331188574523,,8.107680860695766,,4.96470101555881,,3.644215605859625
LT_1031,0,fold0,2,,0.0004099108644319751,,7.216310284168195,,4.169624156800566,,3.2058083192361497,,8.705572982382071,,4.964757623376129,,3.954425202207226
LT_1046,0,fold0,2,,0.00041759041207926374,,6.357902597811165,,2.57903709408898,,2.1026695433920835,,8.098521376175439,,4.7428904289092,,3.563854599819267
LT_1049,0,fold0,2,,0.00041648677078554366,,6.48206509258888,,2.351720710721775,,1.9668402735243269,,8.149146862661352,,3.960859664165108,,2.8548630450129915
LT_1050,0,fold0,2,,0.00041878873551973346,,6.933967217642159,,3.027811371776692,,2.443078440801127,,9.056493336277391,,5.508234616431286,,4.088033840597975
LT_1054,0,fold0,2,,0.0004180893959941506,,6.4066330184016556,,2.6002113528574338,,2.1079727167795954,,7.922695674746835,,4.639992915669408,,3.4283022123192373
LT_1060,0,fold0,2,,0.00041546932319809146,,6.594556650890684,,2.723362250199068,,2.189289390912839,,8.20473048758485,,4.616698974371527,,3.315928015249961
LT_1063,0,fold0,2,,0.00041541364127148546,,6.532628340637042,,3.146117439820861,,2.5815103173358946,,7.976223844388105,,5.6123263039628055,,4.124531925906935
LT_1066,0,fold0,2,,0.00041500460737105976,,6.36694513935603,,2.630778325026062,,2.120356174693252,,8.195097521655669,,4.752439630124025,,3.4163527228915815
LT_1074,0,fold0,2,,0.0004174865687609497,,6.865948682515637,,2.803424400515235,,2.224036199680036,,8.245054787039857,,4.751186634075455,,3.4658584093869815
LT_1075,0,fold0,2,,0.0004154168671733245,,6.749975871044738,,4.107174643069729,,3.3351191151865867,,7.904957462364359,,4.888307901245521,,3.8721323101067804
LT_1086,0,fold0,2,,0.0004105711997762704,,7.147406540733201,,3.2339358653378723,,2.6246917135722825,,9.03306975314709,,5.471448879839967,,3.943134168262297
LT_1091,0,fold0,2,,0.0004124137955994322,,6.852670575601765,,2.9166274747327874,,2.395168293999771,,8.216989190570224,,4.516941458745029,,3.3334127359816184
LT_1092,0,fold0,2,,0.00041574552656283535,,6.254620131965526,,2.8405240122003446,,2.2270216841600443,,8.206515464195467,,4.994780466656503,,3.5436299656882366
LT_1096,0,fold0,2,,0.00041816481406420705,,6.567078988520389,,2.85233307651651,,2.3385604166138045,,8.286786804106299,,4.984161152863569,,3.7034768058970293
LT_1104,0,fold0,2,,0.000417999966564251,,7.991365778957641,,3.183925890778721,,2.5287918372855684,,9.597069848030214,,5.134356321791428,,3.696162016749363
LT_1106,0,fold0,2,,0.0004187034839940526,,7.824680611689981,,3.2685909982886217,,2.6432417370037085,,9.550222528005433,,5.650544826375937,,4.134597842258304
LT_1109,0,fold0,2,,0.0004164705727712423,,7.019118614114599,,3.0336223552902224,,2.4166453850449154,,8.95855800490018,,5.278095346940145,,3.830193664758602
LT_111,0,fold0,2,,0.0004074398946786722,,7.748213666457248,,4.4508578168499024,,3.4311814493206074,,9.63094249177539,,5.690479243508654,,4.321097209901068
LT_1131,0,fold0,2,,0.00041816285711614165,,6.568914414383778,,2.563073517137383,,2.098793362512726,,8.116456847331344,,4.556208174648469,,3.2425103818715315
LT_1137,0,fold0,2,,0.00041142035776442487,,6.937231970907903,,2.7906690732964927,,2.3293118548852325,,8.458765446099383,,4.500992612093769,,3.289111345393298
LT_1141,0,fold0,2,,0.0004116717685832237,,6.699165432978592,,2.9658254772152706,,2.4934847987246433,,8.256223143919136,,5.133983052030758,,3.8309337042810148
LT_1150,0,fold0,2,,0.0004133896565871077,,6.826167600213404,,4.166587782973893,,3.2557221926549333,,8.778978091996393,,5.274245189853377,,3.935054916698374
LT_1152,0,fold0,2,,0.0004116675905842422,,6.837664964980182,,2.881408441288386,,2.4451370793081284,,8.130382476976518,,5.00078864576982,,3.7524199324231526
LT_1155,0,fold0,2,,0.0004133435704050045,,6.721363285717245,,3.923645178861582,,3.152627474754436,,8.149149807263068,,4.433946339440507,,3.4233314836103395
LT_1156,0,fold0,2,,0.0004096262191872566,,6.714152009494447,,3.996159297898028,,3.2277067764323055,,8.239156597936638,,4.651049945544229,,3.588394737526432
LT_1158,0,fold0,2,,0.000414562674372905,,6.743968453989049,,2.9288127411503986,,2.363800093712281,,8.447246459326173,,4.60565778166356,,3.371824161120089
LT_1159,0,fold0,2,,0.00040876685317085826,,6.877097675680533,,2.9082498211876007,,2.4176808703132493,,8.783534144210547,,4.79507997566337,,3.5633383001204484
LT_122,0,fold0,2,,0.00041061636442208185,,6.741165236278201,,2.5079790795002337,,2.01874267053916,,8.456917077497755,,4.372765681516492,,3.1186953426149984
LT_1253,0,fold0,2,,0.00040704383095693797,,6.4802201393679555,,2.7895299179933133,,2.396393735251461,,8.174869337444141,,4.799876971771378,,3.4997135648351874
LT_1289,0,fold0,2,,0.00040680684783765686,,6.572315726413589,,2.727941425868341,,2.3445810101492284,,8.234249664644523,,4.570395800021924,,3.3876088147970034
LT_1291,0,fold0,2,,0.0004071133880898716,,6.712633871769637,,3.264294268958228,,2.6374997597248857,,8.352502134453793,,5.912688622840939,,4.323330302142479
LT_1292,0,fold0,2,,0.0004061911563353598,,6.938189400260133,,4.182461891631732,,3.222418819292197,,8.552955755277257,,5.272556226909957,,4.058510780926655
LT_1296,0,fold0,2,,0.0004063375642455024,,6.716234224595779,,2.9149002986976966,,2.4468163417607816,,8.450520956169788,,4.932285570304414,,3.602946206634263
LT_1298,0,fold0,2,,0.00040612958731418673,,6.905949803424937,,4.135183488586786,,3.2588080038472684,,8.274249951348207,,5.050424152869321,,3.8888032160099546
LT_1301,0,fold0,2,,0.0004062045144734173,,7.2002608727642485,,4.280212471060362,,3.2782057296422975,,8.971967633694552,,5.494264469566165,,4.193058469104922
LT_1302,0,fold0,2,,0.0004063270545432759,,6.969501133756185,,3.0573962590554045,,2.568235432638544,,8.784111071040728,,5.327328822799158,,3.9264615528840117
LT_1308,0,fold0,2,,0.00041446575602291716,,6.498465945502284,,2.683285026831126,,2.175414102897246,,8.08853114578518,,4.8780298927405115,,3.587078768297221
LT_1309,0,fold0,2,,0.00041768737724382464,,6.586772767260766,,4.486727115312541,,3.524117192396624,,8.07452789113658,,5.576274480962675,,4.2286108791392545
LT_1310,0,fold0,2,,0.00041695224449240197,,6.166384992923361,,2.672592740238915,,2.1483249220734946,,7.8845222359510885,,5.041500749525212,,3.671215356736838
LT_1315,0,fold0,2,,0.0004135411424682593,,6.4459021347463175,,2.724412841739521,,2.215384181193178,,8.211667994189536,,5.182585904686495,,3.665717971303469
LT_1327,0,fold0,2,,0.0004062867126775876,,6.896992203451247,,3.0774857844547214,,2.5941148142045316,,8.42505866854244,,5.317048688257002,,3.9193172109936
LT_1328,0,fold0,2,,0.00040765935082118405,,6.457100073771795,,2.994466275654382,,2.5145630583723726,,8.03662131990813,,5.586712460879294,,4.159343554097327
LT_1329,0,fold0,2,,0.0004126585827424218,,6.716400586880296,,2.7888337669724006,,2.2974465792845016,,8.099386860774274,,4.838284207875576,,3.537320148652709
LT_1332,0,fold0,2,,0.00040689070712565147,,6.819208078148124,,2.778371274989533,,2.390113858820097,,8.380039919530796,,4.501864719387671,,3.334780351196452
LT_1340,0,fold0,2,,0.00041289200037277624,,6.559755397067374,,2.661747418015261,,2.214471463622659,,8.184950934832985,,4.655635035189292,,3.295006022275683
LT_1344,0,fold0,2,,0.0004191714413140646,,6.330793426656811,,2.8207104639230973,,2.3107506131676803,,8.032533006963332,,4.913446043212604,,3.5561393914196717
LT_1356,0,fold0,2,,0.00041592387120666964,,6.801279172764768,,4.153722025838254,,3.3046903932176743,,8.226812596305,,5.050684996176797,,3.895732532841081
LT_1359,0,fold0,2,,0.00041562897964606514,,6.512354181199618,,2.723049266783112,,2.23948333131909,,8.05440316400447,,4.755878234227285,,3.504880985720933
LT_1364,0,fold0,2,,0.000406747257108148,,6.8552397252396124,,4.390933371019165,,3.4564307994604975,,8.172987747044068,,5.240031147220232,,4.104617564589269
LT_1365,0,fold0,2,,0.00040688547117857625,,6.774245947877884,,4.190142584188269,,3.3147787182428834,,8.33470129093304,,5.372910613484148,,4.208611919710261
LT_1371,0,fold0,2,,0.0004081096570370431,,6.848921404043432,,4.116054741514988,,3.294646909534951,,8.439020567617913,,5.34980760735228,,4.099572724528663
LT_1396,0,fold0,2,,0.0004098571011383924,,6.7746857701039875,,4.177350001219244,,3.3778649543163373,,8.30571473612082,,5.400038268969351,,4.148711318659753
LT_1398,0,fold0,2,,0.0004116297297216461,,6.759966619173784,,3.980226192401423,,3.176236138577574,,8.23668374484536,,4.7265096033081395,,3.602383725614729
LT_1407,0,fold0,2,,0.0004108902546740619,,6.7509211207160424,,4.135775700252973,,3.3595314647800283,,8.04867697961609,,5.014183365001912,,3.8060716643790395
LT_1416,0,fold0,2,,0.0004057873541011871,,6.850764961505495,,2.821030474331299,,2.4243219070837463,,8.712764642031727,,4.728767036884165,,3.580544247486711
LT_1417,0,fold0,2,,0.000409389103138225,,6.804003042689833,,4.508765787227294,,3.5417877474228154,,8.09319480930522,,5.9293940405547865,,4.488168831222194
LT_1419,0,fold0,2,,0.0004068990041655243,,6.842444572694897,,4.304575474484086,,3.3283907141595805,,8.446649654989853,,5.57036617184148,,4.175709036764313
LT_1420,0,fold0,2,,0.0004097029413442886,,6.521907820961611,,3.1446850447589396,,2.59753716360217,,7.987593202023314,,5.624105761431574,,4.100742171103942
LT_1421,0,fold0,2,,0.0004136387310391936,,6.154600600752391,,2.8175757221292494,,2.343777693148764,,8.019928775852874,,5.345472554058357,,3.938669986924891
LT_1442,0,fold0,2,,0.00041732250115010874,,6.353449885115286,,2.9627793944776837,,2.4345220177443823,,7.7694392747595185,,5.5208515288574995,,4.031112058356182
LT_1446,0,fold0,2,,0.00041222563457015207,,6.593905463218941,,2.668937302673281,,2.216398499037166,,8.079648041264512,,4.69867758875581,,3.44121325661992
LT_1475,0,fold0,2,,0.0004095348770007945,,6.686772017667983,,4.366515296576661,,3.418777695353557,,8.110943237827316,,5.261917689667572,,3.9800092081496086
LT_150,0,fold0,2,,0.00040848107007948435,,6.941577748863089,,4.148163115220428,,3.3389816078129555,,8.284864246990946,,5.3635021544170645,,4.063315173035884
LT_1501,0,fold0,2,,0.0004072098048480237,,7.438968960894666,,4.315066601764307,,3.4177129274981426,,9.133419300944219,,5.530691138553336,,4.252038748457764
LT_1502,0,fold0,2,,0.00040684109588614605,,6.856713218437356,,3.2211815488184548,,2.6702533875626733,,8.478197899707778,,5.473271884467146,,4.040398396920072
LT_1504,0,fold0,2,,0.000407031949671793,,6.606487589697974,,2.7648149539136937,,2.342221450139329,,8.939414809354007,,4.906469660077551,,3.592279414737708
LT_1510,0,fold0,2,,0.0004072259803693055,,6.845163337372825,,3.1473840454315445,,2.628461504294556,,8.667207646997698,,5.305449761447895,,3.8855418806620827
LT_1514,0,fold0,2,,0.0004060594302338436,,7.070519069222209,,3.0830330454927157,,2.5710680893408733,,9.06466381114825,,5.356819752001032,,3.9145696148179394
LT_1519,0,fold0,2,,0.00040877395687699374,,6.904058440522815,,4.4501686593726895,,3.4597210419449707,,8.318964422080494,,5.745039384928452,,4.343795331694285
LT_1522,0,fold0,2,,0.00040624285442989946,,6.75993559480051,,4.459873296093164,,3.416789404221257,,8.505406243178676,,5.44821805173496,,4.20465525498724
LT_1529,0,fold0,2,,0.0004079225932923404,,6.536576908076677,,2.815745448196472,,2.4051626110611095,,8.118059717121387,,4.908868423270162,,3.6779604895512166
LT_1533,0,fold0,2,,0.0004086864527933793,,6.773594306961065,,2.9678122207773003,,2.4850128873626463,,8.525442974739459,,5.145668657406786,,3.8150153438012278
LT_1535,0,fold0,2,,0.0004070552981997929,,6.625331778089812,,2.707312827122955,,2.3187849326707792,,8.186559261665375,,4.459919529499884,,3.318801345988279
LT_1536,0,fold0,2,,0.00040686193806880114,,6.881328444793388,,3.181920401518327,,2.647265092336019,,8.616397119280574,,5.278744283440776,,3.7978117713903567
LT_1537,0,fold0,2,,0.00040875483129241934,,6.665156079643876,,4.1081978482998265,,3.254608513056472,,8.343261158098562,,5.209300749999197,,3.964094514628837
LT_1539,0,fold0,2,,0.00041173850095653497,,6.52158215470485,,4.179135078311224,,3.3304075558028687,,7.869601513138618,,4.835893673646416,,3.674248036345763
LT_1540,0,fold0,2,,0.00040685624105833186,,7.061709392556089,,3.538680150673303,,2.8532450035579395,,8.854317273593363,,5.826382542266783,,4.239170322611619
LT_1542,0,fold0,2,,0.00041591083480599714,,6.647253556986311,,4.1362334304676445,,3.2739448486614,,8.189626810819217,,5.113570671685981,,3.9098443923915585
LT_1544,0,fold0,2,,0.00040902573161708325,,7.0436885322097,,2.864414753966971,,2.374094119723521,,8.981184268894662,,4.677018308406929,,3.4633714569263123
LT_1545,0,fold0,2,,0.0004087797525626838,,7.322937777644809,,3.0770689103423665,,2.4857076586186397,,9.19012477831637,,5.415567017000474,,3.894196535833872
LT_1546,0,fold0,2,,0.0004139130927984895,,6.340135500724429,,2.69514640221698,,2.190405047676877,,8.114592772131628,,4.943504581428159,,3.668299788396782
LT_1547,0,fold0,2,,0.0004088862331865419,,7.015286139039311,,3.05053520239654,,2.5839174975086716,,8.63725440488199,,5.099352411466981,,3.650089731608449
LT_1549,0,fold0,2,,0.00040838804528498494,,7.47364094941869,,4.749048380801044,,3.6009023927512587,,8.923466226170815,,6.1180045992199235,,4.63192071242844
LT_1550,0,fold0,2,,0.0004103813431286917,,6.910121702575365,,2.9158809526703635,,2.4059497628961997,,8.666633898274675,,4.9001172272918945,,3.6554295347583743
LT_1551,0,fold0,2,,0.000412247209155666,,6.843744139295609,,2.9378686074448113,,2.3519710832707155,,8.860216759265837,,5.0308486815681865,,3.646552783058378
LT_1552,0,fold0,2,,0.0004091036576649356,,7.1280610363069155,,3.1802483444425387,,2.629695770230953,,8.973202831886786,,5.408442278015167,,3.98015663418324
LT_157,0,fold0,2,,0.00041554848660404695,,6.6957535227751706,,4.659539210586839,,3.614131681837576,,8.299085095613473,,5.95584494698274,,4.444491801552092
LT_1599,0,fold0,2,,0.0004091459805359906,,6.707924768917473,,4.0883479225889445,,3.2773623848686095,,8.288333734072296,,5.132698532008379,,3.9649189663445585
LT_1602,0,fold0,2,,0.0004111448668361606,,6.634758112177406,,2.8966813695511893,,2.3963244674586797,,8.567783251806345,,4.599757707373384,,3.2981038963111105
LT_1603,0,fold0,2,,0.00041094071198849967,,6.405606694107801,,2.79425845456586,,2.3145855004164018,,8.054409304735408,,5.0388726241481505,,3.7430892582954174
LT_1609,0,fold0,2,,0.0004064424729444457,,6.854184132154591,,2.922216724098666,,2.497695908229383,,8.541608277235522,,5.274235701223015,,3.740104456731499
LT_1610,0,fold0,2,,0.00040665659705904807,,6.954479479346545,,4.669694149144636,,3.5273966883662276,,8.453520052363286,,6.01338814513697,,4.55532700702229
LT_1613,0,fold0,2,,0.00040919875966032374,,6.493864131550882,,2.623735657639654,,2.2481332812851194,,8.18710522938679,,4.221012830053181,,3.14581554836681
LT_1617,0,fold0,2,,0.0004084873750610854,,6.614604329839653,,2.695936597776956,,2.327933907454992,,8.245974960130289,,4.493619942911496,,3.3090629664661306
LT_1622,0,fold0,2,,0.00040619718404451104,,6.6149202316567415,,3.018339637213,,2.5870331251952776,,8.679414074485122,,5.288487293554442,,3.9554858673377122
LT_1623,0,fold0,2,,0.0004062857728690059,,7.080346562560986,,2.982915384658714,,2.5347983945251937,,8.970768364863126,,5.152324453623461,,3.7933541778441886
LT_1624,0,fold0,2,,0.0004176683472810593,,6.449171305698859,,2.901216586076919,,2.3979767667538465,,7.898215061649006,,5.221335401185438,,3.857077899684937
LT_1627,0,fold0,2,,0.0004081503093968618,,6.778011778412658,,2.803540798560229,,2.398062089154668,,8.32387222877517,,4.47602167155512,,3.25026831949741
LT_1635,0,fold0,2,,0.00040803967570400557,,6.476848632476364,,2.737170399203266,,2.361086082321113,,8.188644628433856,,4.430994432702232,,3.278885292542348
LT_1636,0,fold0,2,,0.0004063475401525074,,6.778759688373548,,3.020219679935093,,2.5584382342073484,,9.04766984593915,,5.309142305102599,,3.858789947003935
LT_1638,0,fold0,2,,0.0004065880509445865,,6.684511433894975,,3.3196698954576824,,2.729255713205244,,8.312508566029171,,5.236521749240561,,3.9353339433451544
LT_164,0,fold0,2,,0.00040820261957911184,,6.615257189527504,,2.6983264202428083,,2.2813819876825727,,8.307530163192943,,4.52674935778197,,3.3193335244201365
LT_1640,0,fold0,2,,0.00040651225151595687,,7.0273290839932265,,4.21271888238809,,3.223800240699271,,8.93034397053416,,5.4627792655526015,,4.1598427329947185
LT_1641,0,fold0,2,,0.00040649165814237234,,7.171690073540191,,4.221096808144941,,3.308467116824121,,8.826379477944583,,5.5352684544509065,,4.257624844900416
LT_1649,0,fold0,2,,0.0004121746684308137,,7.091061128738684,,3.617869453825067,,2.8562539639454707,,9.011641791479912,,6.021559982817415,,4.321096199492957
LT_1651,0,fold0,2,,0.00040617868798783346,,6.828935879867691,,2.966106528968883,,2.4775314538370634,,8.792352253308767,,5.16951723458048,,3.7874664456385405
LT_1654,0,fold0,2,,0.00040686531962779056,,6.653477444881878,,4.1412659894904404,,3.2905527988848293,,8.386645351916115,,5.349008993289412,,4.1236641235927
LT_1656,0,fold0,2,,0.0004085355575297305,,7.198285702616745,,3.4385561611585067,,2.857473670986057,,8.848094467590926,,5.8834387855454615,,4.240818391370937
LT_1657,0,fold0,2,,0.0004096427212019905,,6.860708821867,,4.275364403268774,,3.4042954555106766,,8.395001489816247,,5.498722092669224,,4.1853300154556745
LT_1662,0,fold0,2,,0.0004067147137845114,,7.532837923091511,,3.1476740997925154,,2.5999923830739413,,9.978504811504076,,5.33723194970242,,3.9383692766267315
LT_1669,0,fold0,2,,0.000407428573122948,,6.600710544697546,,4.286707824339485,,3.3164819302849704,,8.009146462177414,,5.075545068993949,,3.981732925912073
LT_1672,0,fold0,2,,0.00041193531449459746,,6.538334794672537,,3.152505882798581,,2.5775897801152756,,8.15680001845785,,5.252874398386667,,3.8247237597219903
LT_1674,0,fold0,2,,0.00040592797339988537,,7.003193668989876,,3.073770150505526,,2.5642851179724966,,8.829992184512681,,5.354886254135625,,3.8747319971206475
LT_1676,0,fold0,2,,0.0004104179108168366,,7.441297433319065,,3.075036475930802,,2.5197398287855357,,9.189296567389613,,5.1211873749827905,,3.7415879041180933
LT_1680,0,fold0,2,,0.0004090171373927285,,6.59470398909504,,3.2017454614051726,,2.6443909944777992,,8.348506607713803,,5.866797833214089,,4.252980971370277
LT_1681,0,fold0,2,,0.00040765022882642554,,7.094542703354937,,3.050357133999929,,2.517420268309496,,8.907957331683253,,5.250314433529948,,3.81070804226294
LT_1688,0,fold0,2,,0.00040789165509739003,,6.833510071803034,,3.1374671672614207,,2.613682703263178,,8.37688486246915,,5.145858316241911,,3.791311110181897
LT_1703,0,fold0,2,,0.00041087282634569636,,6.610356380539823,,4.145982603442427,,3.293127065506162,,8.218556122645975,,5.312901329916911,,4.041992555999399
LT_1705,0,fold0,2,,0.00041477545005007103,,6.656768155995636,,3.04879783645731,,2.517358184699236,,8.282483235437034,,4.982199339882211,,3.599240548258245
LT_1706,0,fold0,2,,0.000411596569086653,,6.658129605908946,,2.791313663508613,,2.34419222216444,,8.26777440500999,,4.538045418740493,,3.344318673903349
LT_1707,0,fold0,2,,0.00041339661023284506,,6.437423277141046,,4.1254328290152635,,3.3367997731134396,,7.854302841023917,,5.4666119005929765,,4.145802243463055
LT_171,0,fold0,2,,0.00041210141877582457,,6.595366731303744,,2.9623617120477364,,2.3445846549908334,,8.305584073533243,,5.434608504682878,,3.897045300147996
LT_1710,0,fold0,2,,0.00040657334256339987,,6.96945851182208,,4.261837008267715,,3.3767960497968885,,8.259893188903305,,5.553130032874897,,4.272089810999865
LT_1712,0,fold0,2,,0.0004067036106505575,,6.795093279376919,,3.3348766778372543,,2.7449465137315965,,8.537999493994267,,5.496487896895452,,4.056552926925886
LT_1718,0,fold0,2,,0.00040811266776452464,,6.6963597124247105,,4.003134292510573,,3.265364638778514,,8.08220985153608,,4.884022486984967,,3.833935786063143
LT_1725,0,fold0,2,,0.0004062035690130788,,6.781862565083281,,4.107700260444766,,3.1781998958326847,,8.334915354670066,,5.193157100229531,,4.048428211416202
LT_1727,0,fold0,2,,0.00040716482505836517,,7.0810478353178175,,2.9877391433214675,,2.4717681940310103,,8.50340318972138,,5.229056412695999,,3.7474116010818173
LT_1729,0,fold0,2,,0.00040591613181628974,,6.8776647952062095,,4.186142102014517,,3.241955753714046,,8.39200027316382,,5.187588429633289,,3.964049280788059
LT_173,0,fold0,2,,0.00040749729846569806,,6.920932162962467,,4.137425974687165,,3.2511336821471484,,8.30865660788756,,5.217385680538685,,4.03445317152296
LT_1731,0,fold0,2,,0.0004060033736106045,,7.057972284234175,,4.314235124721684,,3.405182756363632,,8.346357128625893,,5.640645556230944,,4.306775745563761
LT_1732,0,fold0,2,,0.0004064590987418494,,7.196309311910795,,4.227646214682325,,3.2561226425971355,,9.107248723236864,,5.4552315913662355,,4.168901728538292
LT_1735,0,fold0,2,,0.0004069026834996516,,6.823437667857574,,3.034042739377832,,2.5601386901779852,,8.81421940159745,,5.102371842245632,,3.799063545328416
LT_1737,0,fold0,2,,0.0004062779086207117,,6.908560397629505,,3.0138661349902476,,2.499984687546471,,8.922729133738496,,5.364387451215296,,3.93206459585605
LT_1739,0,fold0,2,,0.00040655355176318075,,6.973119945577997,,3.059141126986187,,2.5022856824325004,,9.112170361716379,,5.3853592306079205,,3.955922039777198
LT_1741,0,fold0,2,,0.00040690956098553624,,6.936803496024154,,3.145022221936193,,2.552456907787601,,8.776789532253131,,5.0570095374374615,,3.6973229349370613
LT_1764,0,fold0,2,,0.0004108882082701666,,6.669636666976665,,2.7950690152068693,,2.3303575594557557,,8.34791865259883,,4.907187645825901,,3.614128323214313
LT_1767,0,fold0,2,,0.0004131410909961764,,6.667366874560563,,3.0788547469444905,,2.455305627306153,,7.862029002253536,,5.074764112206984,,3.6311209727381963
LT_1768,0,fold0,2,,0.0004082065376449454,,6.557392050250066,,3.0653579795732395,,2.5520589960145994,,8.248701556896105,,5.42090489071101,,4.0351164539072215
LT_1789,0,fold0,2,,0.0004088311174777655,,6.681616601404176,,2.9325814878921617,,2.4387777177287946,,8.320809829723055,,4.844292359785771,,3.5236282698184587
LT_1790,0,fold0,2,,0.00040781431905759224,,7.086046090358641,,3.348935910916761,,2.7762638766056194,,8.940274603987403,,5.775490827041466,,4.226448647188422
LT_1791,0,fold0,2,,0.000406164621428437,,6.990894115758676,,2.845602353348712,,2.4221040229858795,,8.998214681289628,,4.668005089043418,,3.452984411166978
LT_1792,0,fold0,2,,0.00040918047666581824,,6.639673851931871,,3.0598853545305755,,2.5577564655586844,,8.316388694973009,,5.0694262058650015,,3.7090449861103716
LT_1798,0,fold0,2,,0.00041548439307869875,,6.6311734157722695,,2.7682827166359965,,2.197043375237227,,8.551160869965653,,5.0710235137619115,,3.723944262113991
LT_1799,0,fold0,2,,0.0004099079940270353,,7.185218543645504,,4.209564364849301,,3.266769345390684,,8.756285390286187,,5.447193731409938,,4.167612101884451
LT_1800,0,fold0,2,,0.00041084386222422706,,6.671234724248466,,2.8261599419136987,,2.280528729214034,,8.2410866796776,,5.128234285496504,,3.7398694904509253
LT_1801,0,fold0,2,,0.0004126051714431842,,6.826762787417213,,2.8622648482692483,,2.300213090199701,,8.582231363397735,,5.044091601683655,,3.685890393334019
LT_1802,0,fold0,2,,0.00041219413630384436,,6.810955643611979,,2.8490815846043454,,2.3459187116319806,,8.349170588742991,,5.016304378782917,,3.6065591019542422
LT_1803,0,fold0,2,,0.0004102040813578796,,7.031357280894625,,2.9421091941780517,,2.375053996176787,,8.329214606313041,,5.091327833164797,,3.6997314682947824
LT_1804,0,fold0,2,,0.0004084724012986176,,7.200631453482248,,3.3489378528746516,,2.6892483120903337,,8.744315368659473,,5.7784289820642565,,4.222322037585213
LT_1805,0,fold0,2,,0.00040791006074451797,,7.210959340980139,,3.327781580443166,,2.6519834681804304,,9.079440377507236,,5.629509366637335,,4.082380070608413
LT_1806,0,fold0,2,,0.0004056029600757582,,6.520223419163435,,3.0134025931549444,,2.5609285208036545,,8.21545083988935,,5.274898541897235,,3.9502121651566084
LT_181,0,fold0,2,,0.0004146601726476018,,6.435409151555599,,2.5129508439117147,,2.0966568156078664,,8.102562147342395,,4.316032848084096,,3.0842013306021867
LT_1826,0,fold0,2,,0.0004085611610527527,,6.631517884474674,,2.953426807427749,,2.4842845145980026,,8.276197129723847,,5.086314591430322,,3.6937421047650703
LT_1827,0,fold0,2,,0.0004077138216217885,,6.470477627274199,,3.0916350133491948,,2.5778384909867462,,8.621294276354883,,5.161834652143409,,3.838595757142428
LT_1828,0,fold0,2,,0.0004060005618637154,,6.6785009910226485,,2.883704248128814,,2.450735401090606,,8.857413910552516,,5.007813160409138,,3.6199279673312916
LT_1829,0,fold0,2,,0.0004065508895962685,,7.0136118233645535,,2.7967172749430467,,2.398239066896911,,8.688066918239505,,4.483221503557538,,3.4318898721451023
LT_184,0,fold0,2,,0.0004103117050299962,,6.8766937429075865,,4.132179739045841,,3.2986984517593423,,8.398352091503735,,5.067285999169093,,3.9138708441036725
LT_1842,0,fold0,2,,0.000410060334309445,,7.054368095522487,,4.252751089279889,,3.401267047949355,,8.141063607887348,,5.186073500051382,,4.072445381609776
LT_1843,0,fold0,2,,0.00040864826648010465,,6.56853413161035,,4.0406783054081865,,3.21505964672622,,8.275260750568407,,5.0313527315549464,,3.8269629812668744
LT_1844,0,fold0,2,,0.00040708288170702295,,6.623661860949305,,2.6750315059253187,,2.3466906565794043,,8.259750449712511,,4.510681537097416,,3.3123656807843727
LT_1845,0,fold0,2,,0.00040923583319479005,,6.991730975832209,,4.238036891473946,,3.4337428771064102,,8.178124964928475,,5.264336255814813,,4.114660196445079
LT_1846,0,fold0,2,,0.00040640582954927333,,6.543347072230612,,2.748313902130244,,2.393909718150242,,8.205141313718592,,4.503880496827213,,3.362821065911818
LT_1847,0,fold0,2,,0.000410254100659202,,6.270951491871608,,2.6448610420584466,,2.224605430952734,,7.8641195962755095,,4.492517948864161,,3.2826714117819713
LT_1848,0,fold0,2,,0.0004076803229521118,,6.9402411623203575,,3.137426466671601,,2.6507069681308573,,8.320979227321672,,5.180692182929004,,3.8121273168408782
LT_1849,0,fold0,2,,0.0004107282121930608,,6.7229868220485764,,4.0804522594226516,,3.2787192168731476,,8.093433315287491,,5.101242931154657,,4.001699916401836
LT_1850,0,fold0,2,,0.0004102530413432736,,6.753053214436106,,3.112131146119297,,2.5735995967517478,,8.753367722652596,,5.471314442481906,,3.902038473766387
LT_1857,0,fold0,2,,0.00041928597693781725,,6.617677692991687,,2.7415213729332955,,2.232843870449744,,8.253165593530582,,4.68894289868445,,3.49125605517315
LT_1880,0,fold0,2,,0.00040978826861493706,,7.04348708576572,,2.9771721935202575,,2.4639136833675064,,8.274006349252774,,4.8477043127906425,,3.5168323314561825
LT_1881,0,fold0,2,,0.0004128686296812432,,6.693028169528436,,4.116903681146077,,3.2670542643394183,,8.174866429364178,,5.150481360679217,,3.914014632160086
LT_1893,0,fold0,2,,0.00041601146949526123,,6.579194587436941,,2.90654565853519,,2.343834877353271,,8.011925840960787,,4.979117543750201,,3.675181884706491
LT_1898,0,fold0,2,,0.0004105610424603289,,7.084995604397817,,3.1332408910986036,,2.6148268181634546,,8.52517996085122,,5.283196195068796,,3.849719829985255
LT_1899,0,fold0,2,,0.00041430339591642246,,6.7063970002146345,,3.0335355214119075,,2.4434614766352136,,8.030964350883453,,5.275789944095392,,3.838851285441822
LT_1901,0,fold0,2,,0.0004141666524883434,,6.552016419575037,,2.6162688824926916,,2.159542690889981,,7.998507344598323,,4.52005638029344,,3.1895387982492402
LT_1902,0,fold0,2,,0.0004102836798429068,,6.956627757673655,,2.997855663861369,,2.4680751925038233,,8.436113951462014,,5.218333547846739,,3.760358580678992
LT_191,0,fold0,2,,0.0004068829577950489,,6.745929316253954,,3.0624726115765943,,2.5103405976948294,,8.331166358503348,,5.6352317668931144,,4.082319968949026
LT_1914,0,fold0,2,,0.0004087364627972899,,6.922977526879952,,4.166372089380679,,3.3097708189371366,,8.337646482224216,,5.235854294548474,,4.090082442493775
LT_1917,0,fold0,2,,0.0004066682170477901,,6.861196063872727,,4.297627629147566,,3.3477653496604662,,8.283834623747573,,5.3527724390023135,,4.157271126728072
LT_192,0,fold0,2,,0.00042833385259074576,,6.055757861989856,,2.6596844907392514,,2.154306742042656,,8.756920904491643,,4.709962092854178,,3.342544758371974
LT_1921,0,fold0,2,,0.0004125258613320252,,6.6773504659518625,,4.380361098235257,,3.448380618107403,,7.911155900169798,,5.6195852383737686,,4.2322722088933595
LT_1922,0,fold0,2,,0.0004121854716136533,,7.073209656873785,,3.5456712141030233,,2.853094140662928,,9.083472219700248,,6.009226583221095,,4.299464719531588
LT_194,0,fold0,2,,0.0004077135508427695,,6.8891035499626545,,2.96475821486012,,2.4277318928552027,,8.365084657272538,,5.1594560971942816,,3.7859154940023756
LT_1959,0,fold0,2,,0.00040586484889128943,,6.784101050174328,,2.857902004226507,,2.419193730886987,,8.392520143860215,,5.010240820451558,,3.7072162380594453
LT_1960,0,fold0,2,,0.0004058453028462864,,6.818298602648834,,2.884109636886198,,2.4603650727706214,,8.48169196770564,,5.031011244236582,,3.6993655678773885
LT_1961,0,fold0,2,,0.00040696349477702294,,6.6246872041443225,,3.0225357459071573,,2.554464883762131,,8.45670688610203,,5.191957956613458,,3.8418594561584296
LT_1962,0,fold0,2,,0.000406572717642259,,6.911101169591634,,4.190211342976935,,3.2872529733150126,,8.460489732846412,,5.359598279017944,,4.140601028145763
LT_1963,0,fold0,2,,0.0004058125548335803,,6.975563246996728,,3.0355027229939338,,2.5368992669124335,,8.908961795516042,,5.172040030146117,,3.7991712683941117
LT_1964,0,fold0,2,,0.00040731759970979303,,8.100453224332721,,3.276102895749945,,2.653908458653129,,10.308985058995802,,5.448455449943232,,3.945680371201102
LT_1965,0,fold0,2,,0.0004058479142914403,,6.864670811225047,,3.058794345248724,,2.487727896533948,,9.05269943241149,,5.464312782552306,,3.9468812542691554
LT_1966,0,fold0,2,,0.0004060173401216737,,6.911967777489434,,3.0584849999708874,,2.5606684064561094,,8.402887436157426,,5.273255545187485,,3.910414617010561
LT_1967,0,fold0,2,,0.0004060642732784288,,6.970674525211329,,4.186282861133996,,3.2337206046928038,,9.164618945250801,,5.065254572940948,,3.882241618006428
LT_1978,0,fold0,2,,0.0004135820618151823,,6.6170114926765695,,3.04369683310687,,2.4396345020379795,,8.271029583918178,,4.899456057476707,,3.5394824394355795
LT_198,0,fold0,2,,0.0004060251416909619,,6.773381885198485,,4.164695117363168,,3.2222529475117643,,8.188831453744541,,5.215682558249303,,4.058923907282392
LT_1981,0,fold0,2,,0.0004142874520435876,,6.865599348165946,,2.7648829840762046,,2.264054168216809,,8.618594663823803,,4.322093269703483,,3.1604017527177506
LT_1982,0,fold0,2,,0.00041290974915603185,,6.75899182415863,,2.7047592060051384,,2.268377260632608,,8.343607936257099,,4.277857092941481,,3.1726874231174147
LT_1986,0,fold0,2,,0.0004179760264360153,,6.523029762450999,,2.745519766750669,,2.186512652889346,,8.214614235726957,,4.668454848384907,,3.422602064864493
LT_1987,0,fold0,2,,0.00040919026666071806,,6.969943487626991,,3.3084520921116543,,2.637213299961848,,8.516786937656606,,5.269025478746756,,3.85113347268245
LT_1990,0,fold0,2,,0.0004177421909985178,,6.422116663951408,,4.123449867433972,,3.2981704317185163,,7.908901107701534,,5.500877752621255,,4.192796583199508
LT_1991,0,fold0,2,,0.00041435769506643905,,6.822055753093157,,4.205925625083626,,3.352685160386478,,8.117977943019431,,5.407870381910344,,4.094263027896007
LT_1992,0,fold0,2,,0.0004129548839879194,,6.6720662131695,,2.924795432644703,,2.3977527190933343,,8.099890457467486,,4.848855315298875,,3.5502925184340675
LT_1993,0,fold0,2,,0.00041396011347063014,,6.864137701256599,,4.058105032262223,,3.229661929713024,,8.268105895238712,,4.679738306494136,,3.5939053421735885
LT_1995,0,fold0,2,,0.0004148915422832397,,6.6317621417833745,,4.254356202777219,,3.346722202814932,,8.00712682252386,,5.493658075359952,,4.173385961281584
LT_1996,0,fold0,2,,0.00041075019758103626,,6.846896342551516,,3.4269360229370127,,2.742694168144263,,8.239036359635765,,5.5904096278214075,,4.056734196921023
LT_1997,0,fold0,2,,0.00041176732028363333,,6.914373266742171,,3.1472252104613125,,2.565970600247379,,7.993613193962106,,5.207088846948602,,3.8388947048472537
LT_2,0,fold0,2,,0.00042906349483364317,,6.130411146443203,,2.494041052582202,,2.022004402852874,,8.408864268410078,,4.646629229810836,,3.3671197059078017
LT_201,0,fold0,2,,0.0004168347506325436,,6.07116691592651,,2.5774482088028785,,2.1356552897727012,,8.02679549026424,,4.677933939270428,,3.4118620282677052
LT_2012,0,fold0,2,,0.0004069250760864052,,6.436359376471788,,3.2332545994446926,,2.5821801287984956,,8.087819463875185,,5.498183333072406,,3.9992769674010176
LT_2013,0,fold0,2,,0.00040689744901902664,,6.868944515824987,,3.085638539819979,,2.5238452440258863,,8.511016894388806,,5.090646662859139,,3.705317240961765
LT_2014,0,fold0,2,,0.0004088007064472366,,6.653926520102276,,3.01791672606129,,2.4732432494747596,,8.432310150704764,,5.15067379827644,,3.8447112458439596
LT_2015,0,fold0,2,,0.00040648932739364117,,6.738703212229282,,2.916313176004438,,2.4438227706757187,,8.531310101122218,,4.893550383539126,,3.649738406516166
LT_2016,0,fold0,2,,0.00040702068171422946,,6.657530126148039,,2.7760349953261465,,2.361823281912077,,8.167166319774983,,4.521437975664379,,3.338585539068
LT_2017,0,fold0,2,,0.00040731267908173524,,6.878104164268694,,3.0881511011200273,,2.5461247277721935,,8.522273076276221,,5.220714103566252,,3.8259819719752017
LT_212,0,fold0,2,,0.0004105107680478382,,6.606398241167838,,2.9859704970617456,,2.3911540734476207,,7.962511185102203,,5.264740293675556,,3.782134653931478
LT_214,0,fold0,2,,0.00040824203844536805,,6.94478554249371,,4.179913758433462,,3.3180661331077026,,8.597314296380512,,5.273547059338732,,4.014628892894021
LT_216,0,fold0,2,,0.0004252188041406462,,6.565320375335987,,3.0230799477967243,,2.3939349428750405,,8.421631943296488,,5.777126866538814,,4.078851423304539
LT_22,0,fold0,2,,0.00041712122945301855,,6.493027737990862,,2.466694325918677,,2.024743887994786,,8.236786679914205,,4.291759166913539,,3.0887491562887517
LT_228,0,fold0,2,,0.00041616231161279577,,6.293101887053336,,2.7581506067545365,,2.3030969737946054,,8.192223029973105,,5.620765899760125,,4.057352087667552
LT_246,0,fold0,2,,0.0004135571570378655,,6.5561468339837035,,3.948968993073175,,3.1877921819482227,,8.391412720649209,,4.559932633406639,,3.4882903692589364
LT_247,0,fold0,2,,0.00040921193950593793,,7.379937532580964,,4.777534183601602,,3.6577406246692514,,8.918744640630894,,6.1636122561006585,,4.674306165554626
LT_261,0,fold0,2,,0.00041956725574601034,,6.601243985001799,,3.0159029198703107,,2.4513148230738415,,8.195484078028343,,5.41507394435752,,4.014647323129993
LT_262,0,fold0,2,,0.0004103359092993905,,8.431651516509463,,4.279196853468024,,3.262567781038463,,10.147384148639423,,5.539170848708733,,4.178560295873935
LT_27,0,fold0,2,,0.0004116389297107448,,6.438063484241029,,2.9203848045665737,,2.3617979109094733,,8.152933034650752,,5.351003901956022,,3.951167441142539
LT_271,0,fold0,2,,0.0004211383638408131,,6.4777831780190605,,2.858507825669624,,2.3268167502436468,,7.862618875481742,,4.818291318290489,,3.492102075721778
LT_273,0,fold0,2,,0.00041698100611005026,,6.401100644665893,,2.8949626970244187,,2.357388656277702,,8.134688143934397,,5.015514593921377,,3.5759032276643823
LT_276,0,fold0,2,,0.00042439251539852854,,6.395381920261382,,2.7174042144626562,,2.2624223577779583,,7.900031116211454,,4.933978639275191,,3.70974460504331
LT_278,0,fold0,2,,0.00041526023569599634,,6.457744042769383,,2.479896574164257,,2.0895515857558236,,7.99877491748129,,4.1727451286917585,,3.0238566367663564
LT_279,0,fold0,2,,0.00041716962773894264,,7.190279632742714,,3.1887890882799974,,2.595988414351351,,9.121147547077687,,5.577389134964788,,4.1653375790558265
LT_280,0,fold0,2,,0.0004230322435410782,,6.317375454828688,,2.853086061863083,,2.2649674883092237,,8.449216335917745,,5.412220325242822,,3.9120596664527465
LT_287,0,fold0,2,,0.00040724349375965106,,6.45192262460646,,2.8360242495258867,,2.3614489468301265,,7.82519429112765,,4.706405338973553,,3.4935902807358565
LT_298,0,fold0,2,,0.00041376713868924477,,7.943566138025035,,3.5552471450359833,,2.8025029926812564,,10.018017957150281,,6.159348955577825,,4.428363303055618
LT_302,0,fold0,2,,0.00040957259369867396,,6.614587619105112,,4.113309345741116,,3.3505450460882162,,8.418554929958443,,5.087358075101936,,3.9617723532876434
LT_306,0,fold0,2,,0.00042580280385949923,,6.321838291283618,,3.0503375955041596,,2.392016856694905,,8.375824476834156,,5.478097252052807,,4.038186793557807
LT_307,0,fold0,2,,0.0004136543042115373,,7.456021011178666,,4.778758526730582,,3.593719943228286,,9.395222285633913,,6.293228175925547,,4.74910900200373
LT_308,0,fold0,2,,0.0004165657219123587,,6.509262834393464,,3.845596758420638,,3.0985249165328574,,8.115405934139131,,4.396904336570727,,3.3934022644141075
LT_310,0,fold0,2,,0.0004079138222434619,,7.450628297922681,,3.153529429476827,,2.6108153941887684,,9.626181126051465,,5.235498960801685,,3.8466808061532527
LT_311,0,fold0,2,,0.0004093395432324849,,6.6517713347433185,,4.410951457574305,,3.43235530113947,,7.893195407630478,,5.22729831741661,,4.05842452836834
LT_315,0,fold0,2,,0.00040945501798703675,,6.4097703659235545,,2.5894357852323977,,2.267163339469034,,8.01439293917487,,4.310938242636707,,3.1397974600818643
LT_319,0,fold0,2,,0.0004152332752374154,,6.308073557934598,,2.4587047258358345,,2.075562493401692,,8.053160616638815,,4.2776964130779325,,2.9994217130667744
LT_322,0,fold0,2,,0.0004130123937789009,,6.78393816529421,,2.6451106868858134,,2.250278315828509,,8.28901405401474,,4.496948932575384,,3.13047341889081
LT_326,0,fold0,2,,0.00040929574766440484,,6.822028788159935,,4.110147456482762,,3.2516209033106964,,8.276134184238806,,5.241236477973573,,4.013361248782606
LT_328,0,fold0,2,,0.00041179059024791693,,6.81431523535214,,4.468996345679791,,3.419188101490286,,8.405755893132062,,5.684670655095278,,4.400520866914388
LT_329,0,fold0,2,,0.00040678492372082237,,6.871579231620707,,3.167679605375934,,2.623283368047307,,8.351586899389202,,5.28345888158085,,3.910210361065389
LT_330,0,fold0,2,,0.0004080559058124312,,6.774801978125072,,3.122412034811381,,2.5919410093986577,,8.600189277512673,,5.24232051345344,,3.9119599401989285
LT_331,0,fold0,2,,0.0004124118562368606,,6.455153343051813,,2.8203631218979255,,2.3164014529975283,,7.9506118748804155,,5.125825252902541,,3.7668801544392605
LT_333,0,fold0,2,,0.0004168585820294411,,6.18341565345751,,2.487457354300678,,2.104917532724078,,7.945146178420434,,4.501205213152582,,3.249468588080186
LT_334,0,fold0,2,,0.0004121989718340758,,6.657225657169077,,4.120562907987978,,3.281661072742992,,8.142857457519582,,5.154826639967071,,4.0041579228710305
LT_335,0,fold0,2,,0.00041311047668382735,,6.777987110741655,,3.075412667252997,,2.550332045422798,,8.398995132138817,,5.250338893629368,,3.7865334411651004
LT_337,0,fold0,2,,0.0004185342382015608,,6.396822965826738,,4.205075391153273,,3.3396745228034197,,8.240731467948656,,5.016703492335459,,3.9495364692442068
LT_338,0,fold0,2,,0.0004080483182785054,,6.418958124198137,,2.9562272578807076,,2.441648678963593,,7.940946137199717,,5.4226918577146055,,4.0330159503745735
LT_340,0,fold0,2,,0.0004115398149054147,,6.738442548646475,,4.386874473754055,,3.4967550207048608,,8.076446959973442,,5.587629875672383,,4.318980645663383
LT_342,0,fold0,2,,0.00041374010994238083,,6.691220011722647,,4.431898726291218,,3.450110308862799,,7.807563534377062,,5.2410836324946795,,4.087268838293553
LT_343,0,fold0,2,,0.0004162424390329669,,6.110429878840669,,2.5301598553815285,,2.1029903291439442,,7.996722227638695,,4.582511656968752,,3.3311717429100485
LT_345,0,fold0,2,,0.0004080993324785537,,6.4881507072170175,,2.6906815360011644,,2.3016293773723318,,8.168011995149774,,4.539017950226203,,3.335487694076988
LT_348,0,fold0,2,,0.00041014675316838715,,7.040242928582557,,2.9089663182155876,,2.376643330567778,,8.789004807446375,,4.479040243311814,,3.3523225904806786
LT_359,0,fold0,2,,0.0004162415718326068,,6.566370634936383,,4.084161291107,,3.2504962666424784,,8.052539273579162,,5.048265808228643,,3.9895190312465565
LT_362,0,fold0,2,,0.0004183781790750938,,6.381349611340525,,2.4182702999244547,,1.9991908247907444,,8.070083011625725,,4.004321870333519,,2.9194389550402144
LT_364,0,fold0,2,,0.0004096362054857045,,6.460613366719639,,2.8641353978918755,,2.3120054987915077,,8.123456125204648,,4.977121025351466,,3.6366181853105877
LT_366,0,fold0,2,,0.0004074227498425242,,6.819291498986918,,2.9783993947901184,,2.5054680740449897,,8.387787385656656,,5.072169400304516,,3.710409600344034
LT_369,0,fold0,2,,0.00041224723738671545,,6.330567931356603,,2.6295564411484027,,2.205391231727174,,8.090009058026922,,4.772837821842691,,3.4831217749570715
LT_372,0,fold0,2,,0.00041367548179076924,,6.609203907726276,,3.9388384281931885,,3.2245923695883265,,8.15699531915287,,4.630545110782099,,3.6958634835474715
LT_376,0,fold0,2,,0.0004083342144618682,,7.718143450257616,,3.1765728425333193,,2.608648340160113,,9.814284735417141,,5.291404049609133,,3.8547462109385955
LT_380,0,fold0,2,,0.0004082502881239715,,6.574867585651851,,2.707441047143705,,2.2944501360612586,,8.189569574518908,,4.454369418174414,,3.339769966164118
LT_383,0,fold0,2,,0.00041330690047762346,,7.6854252404331636,,3.2577974397424727,,2.5857401926772616,,9.744786025283005,,5.952252074322326,,4.356736615228126
LT_396,0,fold0,2,,0.000409829268327248,,6.5484665031629365,,2.793644673632509,,2.3160186301368437,,8.113850428528417,,4.987248190579784,,3.6816044218478194
LT_418,0,fold0,2,,0.00041423622341600456,,6.6064834320858,,4.30689784623061,,3.4209929407675035,,7.821107607105177,,5.300574140032252,,4.044812491853748
LT_42,0,fold0,2,,0.00042395814458930786,,6.228367424344417,,2.6257042584476995,,2.1563490197942796,,8.53059113612056,,4.835308137607872,,3.494434978905042
LT_437,0,fold0,2,,0.00040610311600145117,,6.972735879269429,,4.234345743231049,,3.250268640992339,,8.21965639958181,,5.258222305712483,,4.088550744962044
LT_448,0,fold0,2,,0.0004150692986995136,,6.567596520522464,,2.61858809347309,,2.22088421775662,,7.992017676979434,,4.373532724539558,,3.145775415998089
LT_449,0,fold0,2,,0.0004128140017010534,,6.531455709158124,,2.8580743279577163,,2.452637753288165,,8.171514369619759,,4.754961409345793,,3.5443895649924424
LT_451,0,fold0,2,,0.0004107597963332755,,6.618623432905161,,2.6403125686623405,,2.2040610550060045,,8.41269205673662,,4.222905285541602,,3.100508049318653
LT_455,0,fold0,2,,0.0004138073206144642,,6.5738014851461255,,2.7102862809537918,,2.2573461546515676,,8.198886155657139,,4.671815922289088,,3.436807654047324
LT_462,0,fold0,2,,0.0004134347207139476,,6.897598081888342,,2.975301880040265,,2.372174687795991,,8.34195741387495,,4.5857391571301145,,3.334619818443512
LT_464,0,fold0,2,,0.0004099848387244774,,6.789819712506004,,2.976135565987129,,2.4914613732535127,,8.291143907013746,,5.074474937914709,,3.711112332156212
LT_466,0,fold0,2,,0.0004089392773651765,,6.404581279682198,,2.7521968521318043,,2.3274246727811554,,7.958890658158118,,4.8142243849057795,,3.64156079805466
LT_470,0,fold0,2,,0.0004118132168808176,,6.616672194744712,,4.414853870796875,,3.429602728795933,,7.923503959592902,,5.1896272008147655,,4.056157449182308
LT_472,0,fold0,2,,0.00040950663762365745,,6.473505442137387,,2.6112891942458756,,2.1888151747430835,,8.587209629420022,,4.564126641322191,,3.269521119584316
LT_473,0,fold0,2,,0.0004099303104871839,,6.888059131183926,,4.700596031917453,,3.5796336079056945,,7.968378224566449,,6.140449803765991,,4.677742923715811
LT_476,0,fold0,2,,0.0004139360204589264,,7.119670980999382,,4.237711449724925,,3.4095667992212904,,8.331743351256037,,5.383571665106799,,4.051132576312624
LT_477,0,fold0,2,,0.00041443490976728926,,6.633474582354664,,3.9609681798922667,,3.1910931395319193,,7.913237094208952,,4.563672082498844,,3.4722266408039903
LT_478,0,fold0,2,,0.00040713527039285165,,6.911052600341819,,4.633531887872147,,3.6199470538447516,,7.99452277296829,,6.111873190095081,,4.66245060851522
LT_481,0,fold0,2,,0.0004130586052108927,,6.891754994199059,,3.062531687465151,,2.4794820922461036,,8.362570958348227,,5.536358851216225,,3.973143836091951
LT_482,0,fold0,2,,0.0004119023615732336,,7.195602453757906,,3.4356075488186755,,2.7412596172351136,,8.657188206688861,,5.9309663164229764,,4.310948972374078
LT_487,0,fold0,2,,0.00040967089350224355,,6.926898578265767,,4.2694446769884244,,3.3004303752156465,,8.34023602501899,,4.898462968059513,,3.8082913765916326
LT_488,0,fold0,2,,0.00041093352021711986,,7.594968509212409,,4.801460055841184,,3.6181581766514785,,9.195832838047597,,6.338695314087164,,4.7594632690680445
LT_489,0,fold0,2,,0.00040785852943569026,,7.102264458219468,,4.474059738007266,,3.4486589698896513,,8.481022010653918,,5.430694689345878,,4.20241181093417
LT_490,0,fold0,2,,0.0004118536488655379,,6.624823593198333,,2.4299169681561392,,2.0553995229862987,,8.415340788541123,,4.158908654631904,,3.018392938147515
LT_491,0,fold0,2,,0.00040723875318240607,,6.5284308969927585,,3.105339396807307,,2.630037364798365,,8.19953094264684,,5.467186651051487,,3.988192162813867
LT_496,0,fold0,2,,0.00040801707980053434,,6.818799273170735,,4.575274432348199,,3.5002940583354296,,8.026897717703054,,5.4352702704034925,,4.171562561649911
LT_497,0,fold0,2,,0.000418322007905576,,6.430527848657011,,2.4143462667115108,,2.014849888206367,,8.173071674628622,,3.964198953025164,,2.9085478963596425
LT_50,0,fold0,2,,0.00041955857943514266,,6.322877816950041,,2.915583296267459,,2.4254230599593765,,7.859452448134576,,5.3085942821712715,,3.9294827849583807
LT_501,0,fold0,2,,0.000412502057426975,,6.809765012243705,,3.142255423686759,,2.52080730581028,,8.494627674979446,,5.397084518809272,,4.117776924356982
LT_503,0,fold0,2,,0.0004171966607663703,,6.408687759603546,,2.7304870299435833,,2.14986037835966,,8.31291679009296,,4.9676130431550884,,3.6728143890544693
LT_504,0,fold0,2,,0.0004188897459076052,,6.240069938753603,,2.72847199135276,,2.1903423389572017,,8.131229068542076,,5.281815507196834,,3.8269533638639706
LT_505,0,fold0,2,,0.00041846554522637774,,6.431366595839373,,2.509543479504872,,2.0001210393211513,,8.175708491969225,,4.390244955763289,,3.2561632922719372
LT_520,0,fold0,2,,0.00041892988284958355,,6.5913875860283255,,4.057758196417109,,3.215651163767673,,8.215911560130376,,5.0513739404759646,,3.902674193960997
LT_521,0,fold0,2,,0.0004096578030159271,,6.351714523290143,,2.891620902053227,,2.3512751432794277,,7.8463717757595575,,4.767086418981821,,3.404472598227417
LT_525,0,fold0,2,,0.0004152978618006207,,6.999845025045268,,4.157543133688657,,3.300884408197744,,8.198080204398453,,5.005362737309139,,3.856618675311551
LT_526,0,fold0,2,,0.0004155813955322267,,6.925669722519056,,3.2337085485819927,,2.5661181865846596,,8.672655256492776,,5.386151970144858,,3.869848888733696
LT_534,0,fold0,2,,0.00041612564492788696,,6.386427802338851,,3.049581494880836,,2.399493673709041,,8.160105781579373,,5.5768663803738345,,3.9829593749941434
LT_535,0,fold0,2,,0.0004182467638210556,,6.8236303910802665,,4.245916706138472,,3.3666319676349303,,8.354489073710615,,5.652011533168142,,4.35463265759842
LT_545,0,fold0,2,,0.00041222079690979643,,6.48707032863581,,2.953566606063752,,2.312059294433942,,8.129978460420197,,5.078767108501337,,3.695281466264435
LT_546,0,fold0,2,,0.00041477409691979307,,6.678544021060442,,2.928982687058728,,2.373117588380735,,8.036523437014086,,4.653095729799643,,3.343883477019358
LT_55,0,fold0,2,,0.00040664834834194634,,6.334196944673613,,2.7318614095069793,,2.3502545633699765,,8.1750055690865,,4.684259733625104,,3.496434533772844
LT_550,0,fold0,2,,0.0004150482853284669,,6.810040630245216,,2.6659638261232055,,2.1839728065144928,,8.15279935895913,,4.496527438154781,,3.181806518571985
LT_554,0,fold0,2,,0.0004082161883281737,,6.797144795080524,,2.9413512736288956,,2.426505983259889,,8.158286113390357,,5.197023261388329,,3.7611421532700766
LT_557,0,fold0,2,,0.00040567291611948164,,6.865918940333844,,3.121010508085572,,2.590546664022358,,8.87126997785917,,5.491456453227042,,3.9901011030429157
LT_563,0,fold0,2,,0.00041972561960127233,,6.558797425004699,,2.9806001108698728,,2.4140176552692485,,8.229986667879743,,5.000166137273661,,3.569683584707166
LT_568,0,fold0,2,,0.0004070719651006454,,6.979363635067838,,4.449456682482059,,3.518429285405147,,8.269686566271277,,5.6237290419474855,,4.399840672443133
LT_57,0,fold0,2,,0.00041199072799526573,,6.288011522767823,,2.370935510734773,,1.937091747570728,,8.130011164140335,,4.1740426907171475,,3.0153829158815304
LT_572,0,fold0,2,,0.0004062880700208913,,6.545744783794132,,3.0966158231072898,,2.5415056037123493,,8.3003689630246,,4.877739885403219,,3.573754737359132
LT_584,0,fold0,2,,0.00040701241746681285,,6.591251221658806,,2.8392455067730396,,2.4113320243592873,,8.104622953634154,,4.6899651088659775,,3.433324869218611
LT_600,0,fold0,2,,0.00040993900417306446,,6.637264022511129,,3.052344022726797,,2.472204080066758,,7.909551796265862,,5.497015960399422,,4.038847074570635
LT_606,0,fold0,2,,0.0004063546409500997,,6.59093875666666,,2.801405819207454,,2.4284179447420717,,8.141240171050068,,4.9070001427777346,,3.6583390326353014
LT_622,0,fold0,2,,0.0004146713285852078,,6.689835503193261,,2.7494056577069803,,2.184359369069553,,8.400098264243828,,5.175491467379487,,3.7053108005829483
LT_624,0,fold0,2,,0.0004138481008268205,,6.508756649981778,,2.9094182032858975,,2.3694999799368306,,8.108195121097628,,5.413294504747586,,3.9652558833661593
LT_625,0,fold0,2,,0.0004141999380592766,,6.47000473717572,,3.0956234820632966,,2.4939848713458077,,8.027841362599105,,5.574977612460436,,4.091944528241762
LT_634,0,fold0,2,,0.0004165891028859829,,6.2824675536234444,,2.902507151287552,,2.3916933374495732,,8.031343731295705,,5.2074133133793525,,3.8789038223575787
LT_641,0,fold0,2,,0.0004061850115622545,,6.78314614910742,,4.1900992607846295,,3.244174128594911,,8.856939093558411,,5.436005203604745,,4.139195557121135
LT_650,0,fold0,2,,0.0004146494339189455,,6.11595351502731,,2.3703345195159553,,1.9889413471121193,,8.055720787981517,,4.463521555874017,,3.129313676294003
LT_653,0,fold0,2,,0.0004138174514845376,,6.507169480231304,,3.922305170456746,,3.1544037480399814,,8.08214151218038,,4.768072188113969,,3.6166599912395836
LT_657,0,fold0,2,,0.00041421995043145615,,6.477344936811666,,2.61836637347687,,2.099988279683216,,8.438432659759487,,4.761238630914025,,3.361558496154767
LT_669,0,fold0,2,,0.00040811839900046706,,7.007329101776951,,4.313487465474501,,3.320853385588703,,9.34429087252391,,5.6092400839115255,,4.272598814612735
LT_673,0,fold0,2,,0.0004135858910237003,,6.384810960040595,,2.5317579932768806,,2.1298736996060623,,8.105076268159412,,4.3463549667654355,,3.124556751060279
LT_675,0,fold0,2,,0.0004100137604715528,,6.603094086998271,,2.5154278381552513,,2.169066455057144,,8.417170702139117,,4.350450130021691,,3.203624522812573
LT_676,0,fold0,2,,0.00040613952607040926,,6.725463028402819,,3.1501107453942576,,2.566268246890758,,8.42015170800137,,5.536288382054566,,4.042453290548801
LT_681,0,fold0,2,,0.000408281790606679,,7.149330941232193,,3.1972152584639852,,2.6231853903548994,,8.934834132242914,,5.299740254419876,,3.9592710441701398
LT_683,0,fold0,2,,0.0004071869425879768,,6.725934816989585,,4.1610189266878805,,3.297410979277345,,8.131086977163145,,5.281695840812774,,4.151681944711481
LT_685,0,fold0,2,,0.0004128858198019208,,6.5752895740936905,,2.5026494379954842,,2.045762298921515,,8.405897808317777,,4.634930893520711,,3.2238529375541543
LT_692,0,fold0,2,,0.0004143475463779592,,7.67899628931187,,3.1800620305045353,,2.5458619628461823,,9.503856734446728,,5.282831268435372,,3.7984837332848684
LT_699,0,fold0,2,,0.0004073115085243585,,6.70103855629074,,4.08471863486676,,3.2243915442885163,,8.28417366357934,,4.758774465360307,,3.8467423454519896
LT_707,0,fold0,2,,0.00041025602969532726,,6.77797159573792,,2.703814546533599,,2.2577744742709513,,8.458654495165645,,4.5711984386260704,,3.413027483993787
LT_721,0,fold0,2,,0.00041163846606489217,,6.7211890241917365,,2.6918378450514817,,2.236281483888611,,8.590221230825367,,4.32537588907498,,3.2462583189631027
LT_735,0,fold0,2,,0.0004129830442630919,,6.549118420618778,,2.6077181940130942,,2.169985421020739,,8.035148217183806,,4.35000705593108,,3.093390936087534
LT_737,0,fold0,2,,0.00040910931432704654,,6.811689718778268,,4.059949736118997,,3.1339166376638543,,8.362349164969409,,4.885136624997085,,3.818883532853755
LT_738,0,fold0,2,,0.00041001906178212214,,7.077523998990559,,3.1807043627705887,,2.5917670458483206,,8.796665271366903,,5.136886333867415,,3.7753876970496383
LT_752,0,fold0,2,,0.00040886590259945135,,6.817934835549233,,4.094154222148286,,3.1403524913388665,,8.755482050883119,,4.8263356350130024,,3.7352532650183567
LT_761,0,fold0,2,,0.00040711341892538805,,7.022797550153546,,2.9101069563058295,,2.4068764506877156,,9.12456430890912,,4.977983701883078,,3.709434218151157
LT_764,0,fold0,2,,0.00040859139319280625,,6.89228590750072,,2.8732344621701302,,2.377585658730682,,8.497850765983495,,4.629773784377936,,3.468149213546892
LT_765,0,fold0,2,,0.00040951289185462217,,7.252133716012948,,3.1371801521083666,,2.594154115440172,,9.044596696544177,,5.3571583788436,,3.9350238720059454
LT_766,0,fold0,2,,0.00041289245382338316,,6.480215008341033,,2.6316887290214095,,2.198455917689689,,8.181581885808992,,4.224636508787553,,3.142511571359348
LT_774,0,fold0,2,,0.00041034727460537504,,7.066065755911967,,3.204676838219792,,2.6437873994128016,,8.246815693597542,,5.2345352107538545,,3.8975641286212688
LT_777,0,fold0,2,,0.0004104553450058144,,7.47158692162089,,4.500596172328513,,3.543986060973188,,9.409403641737484,,5.742868731879232,,4.4614437841807515
LT_784,0,fold0,2,,0.00040938133207418965,,8.360050853149113,,3.3502543814616854,,2.639862437089733,,10.54192794813994,,5.738132758981002,,4.142803896656379
LT_788,0,fold0,2,,0.00041093914051145916,,7.12036359724153,,4.682895316637138,,3.542647491266684,,8.508670858057949,,5.997438469652718,,4.563999384652932
LT_793,0,fold0,2,,0.00041852990977959796,,6.371095909475694,,2.5405567445620463,,2.104130984616906,,7.858822870449401,,4.0974149310088315,,2.945000593193719
LT_797,0,fold0,2,,0.00041032120077390787,,6.9494529074467835,,3.146014160476961,,2.562225692605804,,8.136780916702103,,5.245425833877193,,3.882598958992941
LT_805,0,fold0,2,,0.000418093889395222,,6.535286115370336,,4.1040634768280375,,3.3086424406089243,,8.126972731661558,,5.099761757037065,,3.9453263339694367
LT_852,0,fold0,2,,0.00041706542379774635,,6.480800156959026,,4.256154942988619,,3.4413154888762447,,7.835914444693902,,5.829211034349008,,4.4441332649213985
LT_854,0,fold0,2,,0.00041032433370211466,,6.858115708012084,,4.347868770832985,,3.4515618428796495,,8.254606131283317,,5.623134767215217,,4.232454451111073
LT_868,0,fold0,2,,0.0004123517540875806,,6.9402224000821935,,3.3939418835788846,,2.7329977639891716,,8.536889017540762,,5.831661933829254,,4.247378472237195
LT_869,0,fold0,2,,0.00041549538169219184,,6.804088594252939,,4.12052647030834,,3.2972533888497684,,8.219473894174492,,5.0339793334693415,,3.896398287168382
LT_874,0,fold0,2,,0.00040995133410346926,,8.243270479039609,,4.749980657176808,,3.591837670561371,,10.122835379397596,,6.2225318751374665,,4.662476676803897
LT_875,0,fold0,2,,0.00041227547868649683,,6.734612232412702,,4.042705671476764,,3.247721823430994,,8.391246330727906,,4.8226527014603064,,3.6469357921889194
LT_878,0,fold0,2,,0.0004121784854679341,,6.719641557427849,,4.110825125570413,,3.2732580380171936,,8.293651440413074,,4.814397437321868,,3.771565087526173
LT_879,0,fold0,2,,0.0004089061860702136,,7.1991938229366985,,4.705736675509327,,3.5685855493688052,,8.714019497375949,,5.902259561478019,,4.461575969625794
LT_880,0,fold0,2,,0.0004147867091493073,,6.811006396746525,,4.021224451962817,,3.1744211420033652,,8.370214665393164,,4.5918993012632505,,3.524919122813903
LT_884,0,fold0,2,,0.00041447565637989583,,7.246693504374153,,3.060632074744539,,2.47786208125487,,9.50564506533769,,5.203043420451271,,3.823769271651811
LT_886,0,fold0,2,,0.0004148491602828826,,6.558708197196157,,2.6947462119483703,,2.1806648552255607,,8.010733196440562,,4.311358898733467,,3.1527068449769535
LT_889,0,fold0,2,,0.00041114945234683835,,6.976785792402892,,4.2211808280510885,,3.3787183692875895,,8.337536228811485,,5.383649958236506,,4.115012150381193
LT_89,0,fold0,2,,0.00041293778914633025,,6.499776236954879,,2.8027093255743956,,2.252802633001714,,8.074497442268832,,4.823116004516228,,3.5838430142904025
LT_894,0,fold0,2,,0.000413278916822293,,6.748535552253072,,4.118000355396798,,3.313645199539633,,8.293934210874061,,5.293161309750329,,3.951926402062897
LT_901,0,fold0,2,,0.0004117558710633098,,6.65796389579109,,4.50160675422959,,3.4311559866796286,,7.876261370771871,,5.658745158902887,,4.308954679288331
LT_902,0,fold0,2,,0.0004090000199546643,,6.707859000411436,,2.774538082663,,2.2994485544060566,,8.30933511702666,,4.55527678699631,,3.3784836390293385
LT_91,0,fold0,2,,0.00041624542811043337,,6.403665031302359,,2.7543123244258623,,2.24777188097951,,7.982782226119975,,4.4931320435368525,,3.2747610821248423
LT_912,0,fold0,2,,0.00040819421571621287,,6.790287972597362,,2.9624753653582183,,2.437580078951768,,8.24459761506127,,4.55796777895328,,3.415132162770537
LT_913,0,fold0,2,,0.00040960826507809196,,7.097266462778229,,4.327197426989505,,3.467797158720678,,8.269734261559169,,5.367942738468316,,4.203565278441599
LT_918,0,fold0,2,,0.0004121665856873548,,6.8384563064733745,,2.9101628968235045,,2.3852982369051903,,8.20242249522575,,5.054935927921022,,3.714427057060177
LT_919,0,fold0,2,,0.0004094969677637169,,6.438383833519163,,2.9107047120524245,,2.4181838763125723,,7.893766420999476,,4.637891607974146,,3.349567445698741
LT_921,0,fold0,2,,0.00041814709463485443,,6.684626821958612,,4.0020752961676465,,3.188639961971033,,8.17604655395059,,4.706007706402954,,3.611637081314454
LT_928,0,fold0,2,,0.00040919799233074365,,6.6682690923243015,,2.887013033720382,,2.3794982346157743,,8.425097074395056,,4.658820629229951,,3.382891414981293
LT_933,0,fold0,2,,0.0004086106501210267,,6.9276712552048565,,3.2839290441968885,,2.633789662619976,,8.51782774761857,,5.788409635937684,,4.238672634098841
LT_939,0,fold0,2,,0.00041337436190861006,,7.99041893953206,,4.282012033201754,,3.360458009237396,,9.595424740422782,,5.429902033357014,,4.0685554892191655
LT_944,0,fold0,2,,0.00041072267469632016,,6.557478779101747,,2.950549012642341,,2.3833665095912555,,8.223163706477441,,5.5050398681477315,,4.0838652652303065
LT_965,0,fold0,2,,0.0004133211778891404,,7.657810129008006,,4.197881462993242,,3.3140378272993054,,9.635351961461128,,5.40573015015193,,4.0882576616299975
LT_982,0,fold0,2,,0.00041360419201938274,,6.573659756860963,,3.9167403133165886,,3.111936752445052,,8.43709040909967,,4.5594750619926625,,3.4243184571353757
LT_990,0,fold0,2,,0.0004071702393232783,,6.918239850081935,,4.605167741358245,,3.542195629037178,,8.201957164254269,,5.670686722217927,,4.353809121642462
LT_999,0,fold0,2,,0.00041197042095934486,,7.418793059891409,,3.185890513768229,,2.5762834798071803,,9.70868960995406,,5.646929706816091,,4.10266317400744
PCL_32479,0,fold0,2,,0.00041314319322452615,,5.483031663063712,,2.604095971006265,,2.131227355945233,,7.65288402861893,,4.471465277456601,,3.456279065951111
PCL_PCL0191,0,fold0,2,,0.0004033225127368159,,6.231636521052608,,3.819428560397428,,3.072123943421033,,9.278004436803016,,5.507254144890053,,4.2962318129510155
PCL_PCL0193,0,fold0,2,,0.0004153390062647481,,6.217754098443176,,3.841485305243888,,3.027496579877599,,8.180509674797976,,5.257308388402075,,3.836249555628737
PCL_PCL0198,0,fold0,2,,0.0004094308329526085,,6.779589128087894,,4.080822395045617,,3.3156640071999677,,7.960041994559265,,4.69191861538352,,3.6602576468216546
PCL_PCL0200,0,fold0,2,,0.0004095669537752811,,5.706651712186607,,3.5845143962654786,,2.839298885653173,,7.815880827784588,,4.815177321590701,,3.7059939010140397
PCL_PCL0202,0,fold0,2,,0.00040856927866387074,,5.853903540058124,,4.274445936556457,,3.414958951409197,,7.641391780281506,,5.59208472956705,,4.398638610900346
PCL_PCL0205,0,fold0,2,,0.00042515908015427345,,5.489361681331673,,3.7931917312639114,,3.1092152162161577,,7.679208059894865,,5.158283650689902,,4.038102816380388
PCL_PCL0309,0,fold0,2,,0.0004306483499238057,,5.81198998284414,,4.0649275896023624,,3.326354719213384,,7.819743458106355,,4.973955110987672,,3.9249133273435612
PCL_PCL0310,0,fold0,2,,0.0004213953634721185,,5.957334681486369,,3.9755764083626843,,3.0858968970578227,,7.382612324113251,,4.763634925505721,,3.6122026260336577
PCL_PCL0311,0,fold0,2,,0.0004294479397423546,,5.536667342514637,,3.9171006095175898,,3.2088079658049486,,7.136511098266991,,4.9035448425486345,,3.7560886618772327
PCL_PCL0312,0,fold0,2,,0.00042103960238445114,,6.2153570735864605,,4.089464546497479,,3.1467375193207587,,7.314011743552377,,5.291011073071636,,4.060951079833887
PCL_PCL0313,0,fold0,2,,0.0004224829130765554,,6.208133162753582,,4.272642304767683,,3.2241667542166597,,7.857584636559171,,5.673866189595289,,4.240748701589116
PCL_PCL0314,0,fold0,2,,0.0004258728311176581,,6.286498979127494,,4.352551806077856,,3.4894803591496477,,7.934022828091392,,5.456277204884483,,4.198415663671978
PCL_PCL0315,0,fold0,2,,0.00042342124638682956,,6.3065369009612,,4.628378454026797,,3.5748288250944995,,7.930217321789643,,5.807097930761548,,4.51005573591135
PCL_PCL0316,0,fold0,2,,0.00041834870228481084,,6.794708566493643,,4.536871283778858,,3.601970290541454,,8.288601244421205,,5.276400066367082,,3.852195716834568
PCL_PCL0317,0,fold0,2,,0.000421091475824642,,6.744845047105618,,4.59933496607445,,3.6044318392010384,,8.176936071351955,,5.351425205848728,,3.952709309347113
PCL_PCL0318,0,fold0,2,,0.00041943298357102754,,6.474857706286987,,4.609322792831767,,3.5734607848011595,,7.918102424412102,,5.840813702602131,,4.504563679209617
PCL_PCL0319,0,fold0,2,,0.00041786661747570883,,6.424227120698665,,4.067689725765902,,3.322782606845889,,7.886441194978102,,4.889504382041236,,3.730849861874829
PCL_PCL0320,0,fold0,2,,0.0004179566073411207,,6.282919812055695,,4.104823818890558,,3.439071328910714,,7.741766066074833,,5.052907559185522,,3.825382289292954
PCL_PCL0321,0,fold0,2,,0.00042084027367515243,,5.892465857818639,,3.700065484841443,,3.037536280023705,,7.5556675779254325,,4.4972567012201115,,3.5734453223650258
PCL_PCL0322,0,fold0,2,,0.0004178379282340182,,6.158338083103819,,4.110713772003811,,3.3892483420466464,,7.780278221148137,,4.975866608614586,,4.0225297909485915
PCL_PCL0323,0,fold0,2,,0.00041515567513317544,,6.130890793875967,,4.171564630034718,,3.354856415403545,,7.880539312193198,,4.75810689914623,,3.7845708336781168
PCL_PCL0324,0,fold0,2,,0.00041995351609199275,,6.486979092798595,,4.221231216324565,,3.3341610607689223,,7.718582608606583,,5.119674873583028,,3.9316229438285477
PCL_PCL0325,0,fold0,2,,0.0004211592596096575,,6.209381890742521,,3.9945371438132526,,3.25201427592795,,7.632369841034525,,4.9620306991505405,,3.843509139634555
PCL_PCL0329,0,fold0,2,,0.00042045980558849845,,5.2910358301422455,,2.5816656742701025,,2.210248574526865,,7.4782345835305355,,4.460583535964314,,3.3275690643815428
PCL_PCL0365,0,fold0,2,,0.00043200699810672094,,6.055752906959661,,3.2356182346166182,,2.517828992190484,,8.198714620262491,,5.615872486870775,,3.9818610930728644
PCL_PCL0366,0,fold0,2,,0.0004317635694844873,,5.480253551447048,,2.7145224681917783,,2.3131598880860413,,8.255161405409993,,5.066517762323337,,3.7889837257265127
PCL_PCL0367,0,fold0,2,,0.00042972132315073804,,5.1798956048714,,2.510298196462087,,2.0819331962323075,,7.729491958229056,,4.823019400924388,,3.522899791074705
PCL_PCL0368,0,fold0,2,,0.00043153119304965674,,6.071274996700368,,2.6782933533932884,,2.1610720399755206,,8.192237392337804,,4.833901462745486,,3.391657841394179
PCL_PCL0369,0,fold0,2,,0.0004268703039790843,,5.735562831728838,,2.791225859734072,,2.26683729076267,,8.249886506879326,,5.086622443773783,,3.7200651732727392
PCL_PCL0370,0,fold0,2,,0.00043094417808156767,,5.287060391190438,,2.677748693948647,,2.1587886633885374,,8.06354633826648,,4.8961161743560755,,3.5296106112106695
PCL_PCL0371,0,fold0,2,,0.00042907241002196686,,5.5434388016189615,,2.7164581170898265,,2.2314351785951745,,8.043297650400314,,5.145471341706545,,3.726913522249765
PCL_PCL0378,0,fold0,2,,0.00043126878589213984,,6.564013041758973,,3.4236040004639605,,2.7190386928644954,,8.267393887623811,,5.8981794517495745,,4.249244648888568
PCL_PCL0379,0,fold0,2,,0.00043127903078095733,,5.700729223458155,,3.0759958738192372,,2.3612604929399263,,7.958204138896799,,5.791149186008506,,4.241727779975301
PCL_PCL0380,0,fold0,2,,0.0004306334538608358,,6.331488080036252,,2.9890674432869444,,2.302557304389176,,8.51633043043474,,5.640598708802943,,3.84138052754557
PCL_PCL0381,0,fold0,2,,0.0004328157042151025,,6.07424576445664,,2.751428794344375,,2.132548762188857,,8.58597147955081,,5.448547911800968,,3.701421342676782
PCL_PCL0382,0,fold0,2,,0.0004292403086001914,,5.9465190366112886,,3.1369034428882876,,2.5281503871937026,,8.144285027105035,,5.772199811207774,,4.367233565025407
PCL_PCL0383,0,fold0,2,,0.0004340847582894568,,5.573272249379642,,2.3034793300567893,,1.8645928008520822,,9.104692074385987,,4.558221264582863,,3.168299556855225
PCL_PCL0384,0,fold0,2,,0.0004327025265489712,,6.558139639020341,,3.012631513972116,,2.3690101065127562,,9.305239095637843,,5.686181093295114,,4.2278567768874575
PCL_PCL0417,0,fold0,2,,0.0004151835858241387,,6.193664301490002,,2.669359801423893,,2.1211415144714607,,7.755864026488009,,4.6272093633558935,,3.269743996604522
PCL_PCL0418,0,fold0,2,,0.0004133479051828728,,5.921938572789573,,2.5620843862671894,,2.1042990936019637,,7.485717066212348,,4.525589122973655,,3.116044847265913
PCL_PCL0419,0,fold0,2,,0.00041392614729251175,,6.8985015827299865,,2.908020057805994,,2.326168658688948,,8.430440202896264,,5.613337742923356,,3.9753312906206193
PCL_PCL0420,0,fold0,2,,0.00041636683103312214,,5.902835575977509,,2.419240610499547,,1.9498037328138509,,7.7222296382909565,,4.292386569073036,,3.005957735883823
PCL_PCL0421,0,fold0,2,,0.00041456205588395745,,5.448328401719711,,2.5170277793820857,,2.0596066792751353,,7.420331371271817,,4.4550918893386084,,3.034582543345205
PCL_PCL0422,0,fold0,2,,0.000412686028801729,,6.640956729347296,,3.135430367526581,,2.390166072245884,,8.115537728088066,,5.740609727055497,,4.063703251513196
PCL_PCL0430,0,fold0,2,,0.00042714724038251696,,6.320075470537976,,3.025671674614162,,2.361861075326358,,8.283490497299013,,5.524264478108434,,3.8917354437363496
PCL_PCL0431,0,fold0,2,,0.0004301805572937533,,6.09537991370669,,2.7924901297104068,,2.277303501623367,,8.057361070105557,,5.358601266583547,,3.8150638889264186
PCL_PCL0432,0,fold0,2,,0.0004314853297783597,,5.9891079882175875,,3.201727741549906,,2.505801510320859,,8.172502204132199,,5.708419163739715,,4.216996872352853
PCL_PCL0433,0,fold0,2,,0.000426555341658778,,5.5829739724649885,,2.9334202727502277,,2.3889411598685713,,7.9192346104858995,,5.726360748500468,,4.175469197330911
PCL_PCL0434,0,fold0,2,,0.00042877823406705685,,6.064237279166432,,2.7792692437394355,,2.1601559552391456,,8.21956688917757,,5.05157349856016,,3.45062291502635
PCL_PCL0435,0,fold0,2,,0.00043198490440409833,,5.948174400603191,,3.0285774235674543,,2.4216351188238905,,8.387952712815949,,5.75146674048923,,4.317632042977411
PCL_PCL0572,0,fold0,2,,0.0004318003265405667,,5.604486533083573,,3.490101634512121,,2.8571510234187945,,9.423996886339287,,5.238571237546698,,3.9485028851701247
PCL_PCL0573,0,fold0,2,,0.00043186692849753183,,6.549674291722742,,4.385492292004009,,3.4271982819198046,,8.622530031592202,,5.917113254096182,,4.255023520296656
PCL_PCL0576,0,fold0,2,,0.00043098948238370384,,6.08122044035503,,4.316579028797661,,3.373889107829303,,8.555714263042683,,5.664106930108254,,4.291697931787158
PCL_PCL0577,0,fold0,2,,0.0004337876740658844,,5.631981437871529,,4.157936615564115,,3.1852720915807193,,8.557252712806664,,5.739340981498434,,4.087291991748775
PCL_PCL0613,0,fold0,2,,0.0004265332356693744,,6.910895149984336,,3.411555934442346,,2.701952318474341,,9.632727161801803,,6.066167657753072,,4.540199375651369
PCL_PCL0616,0,fold0,2,,0.00040450664786128264,,6.436457776471828,,2.983627739183454,,2.535072922194478,,7.936565710633127,,4.765934771208276,,3.42336898841044
PCL_PCL0630,0,fold0,2,,0.00042790940300256944,,5.996774001057929,,2.8577553048193276,,2.418622879216501,,8.002678299412413,,4.6539966641591795,,3.423650918287062
PCL_PCL0639,0,fold0,2,,0.00040766380315522023,,8.087827091571356,,3.069667561597724,,2.3253691526098814,,10.495173346193017,,5.90672363766103,,4.100415979125712
PCL_PCL0642,0,fold0,2,,0.00040741568375327053,,7.956678654893461,,3.074136932842678,,2.564147406174662,,10.243629488083725,,5.245091637299093,,3.5754054252683356
PCL_PCL0656,0,fold0,2,,0.00041327493981713724,,6.535300037697185,,3.0343101542654147,,2.5251531231743267,,7.912534778495556,,5.38030265672429,,4.10005345568691
PCL_PCL0678,0,fold0,2,,0.00041714178611927666,,5.463952131868264,,2.174799719829709,,1.8186408644226395,,7.586918092905624,,3.657715431318265,,2.488039018879893
PCL_PCL0679,0,fold0,2,,0.0004333773411477858,,5.644225967002554,,2.9291208371843127,,2.2436931434507,,8.993324397118998,,5.039020379754915,,3.7522926850829608
PCL_PCL0693,0,fold0,2,,0.00041927865469512833,,6.030040364784301,,2.9408068128954845,,2.4724965954868714,,8.139544584117175,,5.415984638426184,,3.952054611182022
PCL_PCL0711,0,fold0,2,,0.0004270241257778931,,5.821713108900771,,2.9185191849000764,,2.3985116934768866,,8.166733245797923,,5.689557835915831,,4.2276921629827875
PCL_PCL0712,0,fold0,2,,0.00042505278743988455,,5.7491560359538445,,2.946299974859291,,2.414954059945131,,7.881475917968177,,5.696431341640703,,4.305859689129711
PCL_PCL0721,0,fold0,2,,0.0004184761568534357,,6.586505338869687,,2.8864099002132138,,2.3243654468366635,,8.214795607675894,,5.120167812493808,,3.5548754603406056
PCL_PCL0722,0,fold0,2,,0.0004167740046586259,,6.468300453622107,,3.209306532818436,,2.572566263521842,,8.127518941047517,,5.514228223083694,,3.947846807316553
PCL_PCL0723,0,fold0,2,,0.00041829964163865065,,6.435228830340792,,2.821458297174111,,2.317691765197868,,8.011622156782833,,4.480761621527997,,3.1957076779505953
PCL_PCL0724,0,fold0,2,,0.00041709331919945886,,6.173453420855833,,2.7658920100877133,,2.2404707233844916,,7.87816148728267,,4.3063615667016615,,3.0080794647087576
PCL_PCL0737,0,fold0,2,,0.0004281659498832444,,6.039819408483424,,2.8812689551304542,,2.332127368380524,,8.389656226766038,,5.292588392582522,,3.8671376585171693
PCL_PCL0738,0,fold0,2,,0.00043031551088141586,,5.128847470078887,,2.6209776142801324,,2.0528536864756246,,7.803844111282283,,4.9380758622740295,,3.488869938262744
PCL_PCL0739,0,fold0,2,,0.00042613392807144303,,5.673200813139118,,2.8666657759265823,,2.3384293065991146,,7.962519268343282,,5.137220626346903,,3.7537768588559257
PCL_PCL0769,0,fold0,2,,0.00042018530737405156,,5.3083712637719485,,2.4916372447964976,,2.1535456452389723,,7.400998586185485,,5.372212252506833,,4.182755843287688
PCL_PCL0806,0,fold0,2,0.00039590054723811965,0.0004093757709274209,5.210245813743959,5.908442824399453,1.7310727145516813,2.2034575845686066,1.3407268996716184,1.8289596722543697,14.516098162106399,7.976566229766118,4.346147754861435,3.054158369223028,2.666953246396319,2.2729331357043234
PCL_PCL0807,0,fold0,2,0.00039708910930885157,0.0004153687840494809,4.280484574311287,5.670591244673985,1.9525068028170698,2.3211883152204797,1.4754325325530993,1.8998655630217849,9.16511181482374,7.74263557610475,5.096389088229821,3.050131819961995,4.211418880723568,2.255328392435365
PCL_PCL0808,0,fold0,2,0.00041465964709477355,0.0004095077897264994,4.238700316109252,5.884078149028702,2.057492535996446,2.0951176864482286,1.598175799752322,1.835565891873065,5.0,8.219705406904314,2.169397028771049,3.0257323512613112,1.633417649024006,2.206562917877567
PCL_PCL0809,0,fold0,2,0.0003933401642124006,0.00041043286068265065,5.231357686189369,5.297389064329433,1.950809713785133,1.8641336861233895,1.4530883388852953,1.541700858541633,14.921562895978564,7.459225263974798,4.829526700415837,2.813887310821405,3.3047574754288167,2.078212200218217
PCL_PCL0818,0,fold0,2,0.0003954961711667856,0.00040353493255168744,7.692691064295885,5.752992065175634,4.246870789723048,2.196042131937926,3.1875500517198163,1.7733849829387773,13.887617276485008,9.235298101996802,5.967698411764439,4.002677520090269,3.960419252065317,3.105252526359519
PCL_PCL0819,0,fold0,2,0.0004009649238135329,0.00040555445123501184,,5.487807328838376,,2.2469358731854494,,1.8726939519351118,5.0,6.915899688722682,2.6113072868191605,3.2783833697467433,2.0828571428571423,2.303093407802977
PCL_PCL0820,0,fold0,2,0.00039470773684082046,0.0004055822091525718,7.294259631548696,6.280606224199127,3.4692977777706306,2.542897422056499,2.352462266938046,2.0783072816709094,9.856739537372961,8.064058337305738,3.9688311024153133,3.1533923275103932,2.512882176457225,2.366914437928251
PCL_PCL0821,0,fold0,2,0.0003982849406690372,0.0004041441242589646,6.327282226682165,6.308819331579274,2.821883524312541,2.5672707391733187,2.1364102702826955,2.083613033023635,9.884746796800997,8.121068367314557,3.363353443977699,3.460598568482702,2.2617010112643654,2.5569868473697692
PCL_PCL0825,0,fold0,2,0.00039267295166888947,0.0004092590637559436,8.689920726084642,5.663717734930419,3.3404282844921083,2.2397402695702726,2.6658642456353645,1.7886359644710017,11.179731803867785,7.561856765263068,4.227665261573373,2.923170104493214,3.1419754753152374,2.1702037608473432
PCL_PCL0826,0,fold0,2,0.0004171801083696679,0.00040528837936299605,4.377410401026068,5.812950248904578,1.7832944175462457,2.235603875042412,1.41985207356975,1.865601822273601,5.0,8.47572582067432,1.8473454940819711,3.2404512408895254,1.436948988990745,2.378417258989722
PCL_PCL0842,0,fold0,2,0.00039635788200231544,0.00040901429823778264,4.425899753934502,5.781492552505514,3.098922138446158,2.1075118225352005,2.6537003184030543,1.815134205755958,5.0,8.091412262975355,3.3733761221590672,3.1603733530812956,2.8136012814911897,2.26301516069245
PCL_PCL0843,0,fold0,2,0.0003930065184099365,0.00041396874957112806,3.909066373007666,5.584530573748981,1.781425240271162,2.1835552927019193,1.4057006912921646,1.8460202435128987,8.24291154739733,7.858070703171044,4.157336811157897,3.3058654913968115,3.1764500552679054,2.415371312751694
PCL_PCL0844,0,fold0,2,0.000400378039782533,0.00040519979154326514,8.715311180774611,5.925563201970771,4.46690388429681,2.2647475732081666,3.6209843901286365,1.807739520795687,9.857343474595297,8.233569028231141,4.865072883152987,3.1522726256589806,3.876355087705939,2.300450226908392
PCL_PCL0845,0,fold0,2,0.0003900197396255746,0.00040601259090434355,4.791082936514001,5.865676961849583,3.6482712811454214,2.2157701215650873,3.119059789565907,1.803780095570073,8.0,8.224514555648415,5.2804291372594765,3.235800366262707,3.9537254901960788,2.3317102421924654
PCL_PCL0848,0,fold0,2,0.00040341005600290987,0.00040599350659890725,6.3940273848647236,5.71415597243595,3.1432137962634275,2.2548552557347747,2.83115738669629,1.9543740559431066,6.860277868788705,7.348105475141065,3.2410674108614144,3.1274082792191895,2.9065568834360707,2.311169464712037
PCL_PCL0849,0,fold0,2,0.00041043257756815635,0.00040670879662198234,9.22246800603659,5.302969652273897,2.8220964779173583,1.9976320950355577,2.38088560338996,1.6228745003950342,10.912237515729073,8.283900648712349,2.9674513791479264,3.064868014314172,2.438196296019495,2.176347190490955
PCL_PCL0859,0,fold0,2,0.000411991622537981,0.00040853468795756104,7.183146593027747,5.569551822424661,2.830482021780736,2.0281869806890236,1.9035449891901133,1.7520502233827513,8.0,7.747396758178956,3.074995036416806,2.9120970466646012,1.9788184340529202,2.1319427413678174
PCL_PCL0860,0,fold0,2,0.0004015735505424215,0.00040304533662708676,3.86036733397851,5.7003336090006504,1.5374211354443996,2.3602613383354565,1.2449671255014825,1.8706361165352878,8.243870547641537,8.084464563728808,2.911187953179372,3.667469203334728,1.8988616394258426,2.567574293429278
PCL_PCL0867,0,fold0,2,0.00039578037885336083,0.00040958666242021935,8.26595851427971,5.747303582734398,4.738071899939791,1.864892227156507,3.399950121161025,1.5349381607370713,9.428702472276616,8.035125507767951,5.631668586249267,2.8084647411558,4.0882085257966025,2.0577011387567534
PCL_PCL0868,0,fold0,2,0.00041583525672871444,0.00040942324521963357,3.4858560479804046,5.839378504540391,1.4417460906240491,2.0378801831316933,1.2465112222093744,1.651089224425826,6.0,8.708067192707654,2.3218077392954024,3.6030603895174,1.8530876494023905,2.6240829796025547
PCL_PCL0884,0,fold0,2,0.0004109921377866324,0.0004094322332047935,4.075911391985829,5.389209378532111,1.4590131792863172,2.0301188301237536,1.2001603539023284,1.5810222703234955,8.256879430520105,8.221969300900652,2.0188162218813894,3.200115649974589,1.394327813718416,2.382930827744723
PCL_PCL0885,0,fold0,2,0.00040903731928130426,0.00041109350911685237,3.9677361808496077,5.321223427568675,2.089590310900318,1.7362806622423355,1.7596679428281319,1.4776454324630313,7.861672633817087,7.771629883602394,3.3477873174104165,2.589017778011178,2.416506396855924,1.9234896846122045
PCL_PCL0886,0,fold0,2,0.00040064669116587144,0.00040451252664157333,7.454116929190462,5.931372960867746,3.1294362763550865,2.358493774130218,2.1452043255440683,1.9450567303387103,9.0,8.59069926282088,3.469065819699268,3.4933023358136723,2.2304907761921333,2.637174383006681
PCL_PCL0897,0,fold0,2,0.00039466629163543456,0.0004053199464862222,6.107986467762451,6.345567734876265,4.794265318559878,2.5522404428906724,4.253898635181889,2.033958346758836,7.0,9.038848316931485,5.440472803622408,3.5836506029366784,4.979835500132662,2.6611338411330396
PCL_PCL0898,0,fold0,2,0.000382359175111283,0.0004091991883680979,8.777967457129595,5.546918925323004,5.487566392394672,2.03726094543433,4.314312989315718,1.6696259261527804,12.856278335764689,8.065638307253174,8.598125001536323,3.047958905197982,6.601379916180158,2.1403413699016465
PCL_PCL0899,0,fold0,2,0.0003888779191222076,0.00040712502309138074,5.922507812236287,6.262890812630957,2.8439631379511137,2.2072406961060587,2.175184138640878,1.7561573637299477,9.62651482717906,9.830586738570373,3.6375878017737517,3.6721268778433322,2.3787270224929973,2.5877684057747614
PCL_PCL0941,0,fold0,2,0.0004350953093623005,0.00043239754557283967,5.704875204185189,5.628447290972536,4.979694044411862,3.7557557124327694,4.312485733640983,2.749797147414711,8.548997097193205,8.616216041081504,7.951086265515373,5.18175886098198,7.294964028776977,3.686908878495229
PCL_PCL0942,0,fold0,2,0.0004383519012456345,0.00043152571854535894,7.836030332031395,5.979646018730192,3.0466759321312336,4.145278354250226,1.9366911294280993,3.1557449076259085,10.099349646154845,9.001796315606692,3.6560979073793436,5.299915911195781,2.1161651504548633,3.9263767227667734
PCL_PCL0943,0,fold0,2,0.00043554669655091393,0.0004329980099354973,4.390488747707012,5.861721149036304,3.64557171333775,3.7381739504001765,3.114233635370904,2.775889861110619,7.207361005402888,9.160808093280881,5.929052525232004,5.211908255283041,5.189189189189189,3.8338378150934793
PCL_PCL0944,0,fold0,2,0.0004358875620113647,0.0004332522700224682,,5.842236255057719,,3.786783075290916,,2.8641489289149136,6.207361005402882,9.26981927177532,3.9450393287508394,5.5918425963961385,2.823529411764706,4.0843195369495895
PCL_PCL0957,0,fold0,2,0.00043846239929002447,0.000432486805714824,,5.738670236687213,,3.746535706843415,,2.946205028734783,,8.61492483725903,,5.205661842052782,,3.9232807383661457
PCL_PCL0958,0,fold0,2,0.0004393536449250855,0.0004323774215128605,,5.631446569319025,,3.787810070126715,,2.8998418266944967,,9.323344728166488,,5.9472245985932535,,4.346693287095585
PCL_PCL0959,0,fold0,2,0.00043855259407957675,0.00043206851120605565,,5.584625905855743,,3.7894788188508834,,3.057516098069233,,9.420671581365067,,5.761793538844999,,4.287461637389114
PCL_PCL0960,0,fold0,2,0.00043985894434892675,0.0004323341640290832,,5.4755226805186075,,3.6041527224094048,,2.8542880946709954,,8.809827002034542,,5.7683637489422575,,4.223830464044659
PCL_PCL0965,0,fold0,2,0.0004346302817444191,0.00043082309945753107,6.243853838004429,5.724438121822501,3.274003897510142,4.291053352981885,2.0953905261604553,3.4646863953711335,11.038068377928653,7.707674823742378,4.8139990352941515,5.855824190971677,2.6067203028868904,4.474259483884162
PCL_PCL0966,0,fold0,2,0.0004382970500044237,0.00043145809031872734,,5.917336967852425,,4.331912899958866,,3.420426628012367,,7.7842943475875455,,6.002868347329474,,4.494071735381058
PCL_PCL0967,0,fold0,2,0.00041363096243970547,0.0004267264021811778,,6.0766643074537345,,4.448822880510418,,3.456246560788039,,7.901930252064904,,5.950219966031661,,4.344377370190256
PCL_PCL0968,0,fold0,2,0.0004275955627381102,0.00042561854249234185,,5.772291898199838,,4.436116912982834,,3.4464229146896526,,7.86560029089564,,5.784251617047616,,4.286463768519238
PCL_PCL0969,0,fold0,2,0.0004124323484182025,0.00042727239346004343,,5.788834233842912,,4.452382816583776,,3.4571297897762063,,7.748081237507721,,5.720994971543641,,4.249610642285482
PCL_PCL0970,0,fold0,2,0.00041823811104315793,0.00042529406107357295,,5.919173822426372,,4.625760589319296,,3.508863564538829,,8.10194430873783,,6.2234143206916865,,4.526598502466932
PCL_PCL1002,0,fold0,2,0.00044084306856981243,0.0004309872866612354,,5.837676913805048,,4.156356044033144,,3.277295084548378,,8.252823357501919,,5.785730638759243,,4.223433342180049
PCL_PCL1003,0,fold0,2,0.0004356732910617229,0.00042637591797416337,,6.533280668693037,,4.501499704674328,,3.510390225161651,,8.23318161589796,,5.51842632267972,,4.14009539206485
PCL_PCL1004,0,fold0,2,0.00043275398928037194,0.00042700922741898024,,5.8691255416032515,,4.233454238209867,,3.4322979494966983,,7.391121249727798,,5.378175828910555,,4.089968252471967
PCL_PCL1005,0,fold0,2,0.00043507350712080484,0.00043155193399081054,,5.288744969726652,,3.8105747820021065,,2.9507367953234382,,7.89585929782254,,4.782198753861226,,3.4506791099120715
PCL_PCL1006,0,fold0,2,0.00043218040523209305,0.0004324249242159267,,5.579928355051735,,4.138908377568809,,3.3211660522703372,,8.288142545319994,,5.14087382808524,,3.8048194356380316
PCL_PCL1007,0,fold0,2,0.00043138407036843557,0.0004318810224670632,,5.731036224152313,,4.265628796657687,,3.407882866925603,,8.151046593455735,,5.404315282896115,,3.994953994039749
PCL_PCL1008,0,fold0,2,0.00042114750838148955,0.0004226679151519506,,6.16587375246181,,4.323737783145564,,3.3817729929844997,,7.755594902306265,,5.563992769837767,,4.15707189282892
PCL_PCL1009,0,fold0,2,0.00043008489891565167,0.00042944670090648736,,5.811703951120655,,4.3728347062547055,,3.4471308302838306,,8.207923956788255,,5.915201756112357,,4.377692454263542
PCL_PCL1011,0,fold0,2,0.00043512612699434677,0.00043052186547285626,,5.829221263347513,,4.254219472669541,,3.377285653490797,,7.908258123629417,,5.1482944168879525,,3.7389859978279327
PCL_PCL1012,0,fold0,2,0.00043279919712317514,0.0004307351022293203,,6.276485768952093,,4.460672485428949,,3.4621257842653064,,7.9309447495021015,,5.863497170798776,,4.444089868963143
PCL_PCL1013,0,fold0,2,0.0004322449109702506,0.000430486439566136,,5.494184869881532,,3.9810652112463543,,3.274686185004708,,7.87439993692051,,5.152490404400127,,3.9306923184074716
PCL_PCL1014,0,fold0,2,0.0004345305219358603,0.00043099909375499124,,6.110192643996027,,4.107508639174526,,3.2725532881937474,,8.199227334070349,,4.917684105989669,,3.662581760306216
PCL_PCL1015,0,fold0,2,0.00043769458294085203,0.00042882919950850903,3.888233579918228,7.264980897225637,4.152623843503217,4.410662703125327,4.1241642744009726,3.4398222088313903,6.572243286579764,9.69328399045055,6.847843570219058,5.960220281071274,6.685082872928179,4.465344437385325
PCL_PCL1016,0,fold0,2,0.0004306854687501097,0.0004291867161663014,,5.47782994018735,,3.877025226191843,,3.1014961067740012,,8.327232135803541,,5.266166661679305,,3.925366865854966
PCL_PCL1017,0,fold0,2,0.00043826619742662305,0.00043120810007764125,,6.744064686755864,,4.144688446743963,,3.148254324602701,,9.57077950050498,,5.982758414585806,,4.575854712370398
PCL_PCL1018,0,fold0,2,0.00043084366985207006,0.0004295230328144658,,5.698710949038845,,3.8697743143929815,,2.9001626182070424,,7.881279154644541,,5.303566744930354,,3.9168081596053743
PCL_PCL1019,0,fold0,2,0.0004362533749615287,0.0004253423738642421,,7.37270990607444,,4.518633296761631,,3.3813879790764303,,9.366596121522717,,5.930087764020326,,4.466095260214486
PCL_PCL1020,0,fold0,2,0.0004268248036250767,0.00042020210083120596,,6.141582269065192,,4.231826136419711,,3.281842112300822,,7.687593368015545,,5.278309158309205,,3.8271131850708415
PCL_PCL1021,0,fold0,2,0.0004251728721190042,0.0004245381904720985,,6.546627936247083,,4.545302251963759,,3.521237656171576,,8.39055795973865,,6.2020640486997465,,4.561603281710873
PCL_PCL1022,0,fold0,2,0.00042553083190861375,0.0004314726417821088,,5.694118928902249,,4.269491832067738,,3.467269927894472,,8.07184124469739,,5.715889190764956,,4.315425323013897
PCL_PCL1023,0,fold0,2,0.00043068557765015063,0.00043093140214404795,,6.132116659374093,,4.287166726072879,,3.227151955713385,,7.974488015392594,,5.345577359476042,,4.0232302835284885
PCL_PCL1024,0,fold0,2,0.0004261934531327421,0.00043008312857478227,,6.170835956175072,,4.248156349178089,,3.296925231650716,,7.885085361941062,,5.071029070789437,,3.632438896899337
PCL_PCL1026,0,fold0,2,0.0004363729294691058,0.0004300334027338114,,6.73639631584203,,4.151776653546765,,3.34933023230696,,9.101712107684124,,5.19106609967023,,4.091955620675931
PCL_PCL1027,0,fold0,2,0.00043091250862440825,0.00043147211873170895,,5.898954584421025,,4.27154813738145,,3.2742604280364302,,8.113425853814043,,5.476823945661314,,4.068396812808014
PCL_PCL1028,0,fold0,2,0.00043367250747071326,0.0004307450787125692,,6.196568592090731,,4.024343281514987,,2.9748538264900883,,7.823810727531824,,5.211490534526159,,3.8410379806820036
PCL_PCL1029,0,fold0,2,0.0004315766426657837,0.0004314742202800887,,5.73841834393541,,4.1418954053106525,,3.3917308344633508,,8.06887521068386,,5.105012047094687,,3.802966245811882
PCL_PCL1030,0,fold0,2,0.0004286998535307378,0.000429373278630487,5.752619473453646,7.358412488497908,3.647561960399055,4.610117995085163,2.638652953731696,3.5300441967107927,6.7820120229611245,9.504988282677205,4.521984465895552,6.175240424096003,3.3000000000000007,4.583414815555696
PCL_PCL1031,0,fold0,2,0.0004376084903316369,0.0004302371294488648,,6.510472621051661,,4.3154303258246784,,3.2730423325201747,,8.000987861038753,,5.376916024233852,,3.8741240640973724
PCL_PCL1032,0,fold0,2,0.00042981941895334203,0.0004318747653120677,,6.4601508839471915,,4.460802795281164,,3.4017936461546645,,8.659529092147231,,6.144353110899762,,4.534261091939229
PCL_PCL1033,0,fold0,2,0.00043182502391566957,0.00043026133962721126,,5.866192379495326,,3.867778764608102,,3.0122574142060734,,8.039567048970742,,4.643588632435881,,3.5248579870795016
PCL_PCL1034,0,fold0,2,0.00043695461791056183,0.00043025945714810117,,5.6892355757048785,,3.876967090178651,,3.0246260502785582,,7.7667204900507745,,4.744304682642117,,3.3821048884744878
PCL_PCL1035,0,fold0,2,0.0004362206373065846,0.000430621504731896,,5.93093847896611,,4.069799950991235,,3.111742579851975,,7.8851462488798445,,4.832897488151209,,3.5717963096935637
PCL_PCL1036,0,fold0,2,0.0004321238312365821,0.00043191744889432664,,6.0951463935364485,,4.460498357440114,,3.417428550478754,,8.13516559434712,,5.488568893363566,,4.011794281614846
PCL_PCL1037,0,fold0,2,0.00042708732828813917,0.0004292465004803129,,5.582661898005096,,3.3955009507367957,,2.6836115684956026,,7.354298695850059,,4.09232559855463,,3.0122859775841504
PCL_PCL1038,0,fold0,2,0.0004279446443277588,0.0004299161389557174,,6.012058864131786,,4.11266126031404,,3.1504533620281734,,7.7348969093219555,,4.507102459620375,,3.3193969756594357
PCL_PCL1039,0,fold0,2,0.00043554778378567514,0.0004324195909867143,,5.737944390659198,,4.116559984188201,,3.2387198813205544,,8.201754129129059,,5.138719569915387,,3.949301947451987
PCL_PCL1040,0,fold0,2,0.0004312756160308198,0.00043127685373400663,,5.5321438013538415,,4.015718988115561,,3.1598141916204,,8.404750036934852,,5.1847003962328735,,3.8626130805837366
PCL_PCL1041,0,fold0,2,0.00043742937552243105,0.000430441654832827,,5.559198453100038,,3.425751808978386,,2.7983201805899225,,7.12299558722183,,4.717477026026152,,3.6902339937017024
PCL_PCL1042,0,fold0,2,0.000436069043063928,0.00043219562712509645,,6.0988768921722105,,4.17834702740834,,3.1720417317505776,,7.888675568171711,,4.721925500252477,,3.6325352292838673
PCL_PCL1043,0,fold0,2,0.0004305806276881487,0.0004290877599752753,,6.052827344444851,,3.7449542024445353,,2.8897494668041652,,7.775526078857926,,4.792791055005481,,3.6423271301467453
PCL_PCL1044,0,fold0,2,0.00043207829389965957,0.00042942168089839423,,6.151874383623087,,3.5000259157720763,,2.7618050440749093,,7.7923569890040065,,4.091992033321043,,2.8247888051961265
PCL_PCL1045,0,fold0,2,0.0004346053291163188,0.0004299940015263515,,6.065845751889108,,4.070414061270041,,3.2425063792858544,,7.774683580950353,,4.890583821150327,,3.6344277034189374
PCL_PCL1046,0,fold0,2,0.00042778046105799116,0.0004309254937937858,,5.525624767290225,,4.063450815452608,,3.1632457183635223,,8.172276708515412,,5.215477347279248,,3.9045561351278297
PCL_PCL1047,0,fold0,2,0.00043497327017549955,0.0004306307265802053,,5.631411111469589,,3.9256873332646527,,3.103106997861847,,8.142375426745659,,4.726211592336637,,3.4816548939785705
PCL_PCL1048,0,fold0,2,0.00043146634113555425,0.00043157825578626387,,5.752940352848423,,4.132620657772997,,3.2384356597876938,,8.860623360517963,,5.169963748765542,,3.7201433474098398
PCL_PCL1049,0,fold0,2,0.00043235675736619337,0.00043144153256944803,,6.256852779093183,,4.4948236753176625,,3.4699227936156753,,8.355885869867482,,6.105840681512263,,4.517454115166311
PCL_PCL1050,0,fold0,2,0.00043647243352407805,0.000430600761847446,,6.073817205268373,,4.118027673301283,,3.3385748512152484,,7.871235817856006,,4.839908632922046,,3.61547229532343
PCL_PCL1051,0,fold0,2,0.00042523777673113294,0.0004297330030065497,,6.4201872925739405,,4.452596011512352,,3.3122007854311546,5.803330977781661,7.959978304959384,4.887615066560482,5.281152203451577,4.415944540727903,3.974250369751787
PCL_PCL1052,0,fold0,2,0.00043927767154425837,0.0004311525266437258,,6.991437653688872,,4.217211379353523,,3.1932618309717906,,9.2419017295412,,5.214653345950557,,3.9454854561229817
PCL_PCL1053,0,fold0,2,0.0004376272132600371,0.0004316848870198186,,6.161212864726821,,3.8028599377089582,,2.969860119305615,,8.276322146892703,,4.484899938151552,,3.2305509709210547
PCL_PCL1054,0,fold0,2,0.00044001600605496913,0.00043115379417863094,,5.820242553463199,,3.7796155637293927,,2.781865461819456,,8.353920883750893,,4.852230373753695,,3.52954646352141
PCL_PCL1055,0,fold0,2,0.0004378133807621293,0.00043079255101462384,,6.091983910236251,,3.8669978527034274,,2.973761799867172,,8.133215213913191,,4.84734895481578,,3.6302878593733627
PCL_PCL1056,0,fold0,2,0.0004373388759414586,0.0004314285893436496,,5.846819246895889,,3.3901486362886546,,2.6187694473805476,,7.36435697800873,,4.243589762502934,,3.158479084183317
PCL_PCL1057,0,fold0,2,0.0004396914375708614,0.0004321452504050718,,5.300760275762,,3.4920117129214545,,2.7777379152050763,,7.165767433689696,,4.780040992281705,,3.690979464267611
PCL_PCL1058,0,fold0,2,0.0004400829478240671,0.00042979679347350704,,5.395767477231149,,3.356567308833906,,2.667366466677073,,7.411464546562419,,4.644226216437282,,3.4104013400893
PCL_PCL1059,0,fold0,2,0.00044007739523241514,0.00043029626456333667,,5.399140216193448,,3.4265644722622914,,2.732127401196196,,7.565828256613605,,4.547227499403418,,3.436678504337053
PCL_PCL1060,0,fold0,2,0.0004375814371583227,0.00043192065995572605,,5.63123305746948,,3.3190043156004703,,2.6229413349250112,,7.262050793688105,,4.201365321248629,,3.1328239054675757
PCL_PCL1061,0,fold0,2,0.0004377611456182593,0.00043180138046915173,,5.984531490996606,,3.390174572423167,,2.6228748502651213,,8.215532343375255,,4.340426813732687,,3.199552712866953
PCL_PCL1062,0,fold0,2,0.00043845253090767344,0.0004320102068687808,,5.8985882277244235,,3.55899425681835,,2.7704046496932344,,8.347145991247771,,4.5860202560046135,,3.433446073901222
PCL_PCL1063,0,fold0,2,0.00043825155988487047,0.00043157285785579494,,5.441746693594805,,3.499994778960812,,2.698864649245655,,7.799093426640141,,4.523607011840668,,3.268870862103707
PCL_PCL1064,0,fold0,2,0.00044040489452456166,0.00043076647106516514,,5.9544666344177415,,3.5073876815615193,,2.7207615932519893,,7.604603438084224,,4.5495123242232305,,3.4538583625809154
PCL_PCL1065,0,fold0,2,0.00043898089364321276,0.00043201016796564663,,5.8116670174333676,,3.6155863504416406,,2.7891486612493734,,8.69630431701287,,4.630172282865465,,3.299657582188123
PCL_PCL1066,0,fold0,2,0.00044042368471576353,0.00043063674839324655,,5.847807459188236,,3.6968813875562727,,2.924663945878531,,8.025538342517688,,4.729907899081404,,3.430086011174393
PCL_PCL1067,0,fold0,2,0.00043899081045247824,0.0004326355546826182,,5.6082461726150585,,3.520946106737697,,2.712843861220666,,8.526403966734991,,4.358458077378828,,3.2143661879622285
PCL_PCL1068,0,fold0,2,0.00043768527893212544,0.0004298986490444377,,5.572686758819626,,3.560775956163271,,2.8675054157694535,,7.420248441509605,,4.406035259894019,,3.351034447569362
PCL_PCL1069,0,fold0,2,0.00044008240941866066,0.00043219178096012487,,5.481937785736209,,3.3933781162671814,,2.594135981157121,,7.4470854240783995,,4.304223557879702,,3.126697319586168
PCL_PCL1070,0,fold0,2,0.0004383707120008557,0.0004324796999190944,,5.542855298541688,,3.511818128072533,,2.620743949694192,,8.554090489681997,,4.432352496089998,,3.3718027904764805
PCL_PCL1071,0,fold0,2,0.00043990214635642887,0.00043002418271857225,,5.620412267855952,,3.485543127398893,,2.801064328596726,,7.409012860050546,,4.343433034531405,,3.2428903098044906
PCL_PCL1072,0,fold0,2,0.0004399021189564794,0.00042992469901394215,,6.349115748950218,,3.959617310223088,,3.1152046789179275,,8.142183906456369,,4.679022557580264,,3.4189576066735237
PCL_PCL1073,0,fold0,2,0.0004390545994872627,0.0004302001994491763,,6.294085429850038,,4.156117112702428,,3.1337114484909243,,7.94215542093027,,4.797685937728065,,3.5390586172482568
PCL_PCL1074,0,fold0,2,0.0004377743246169916,0.00042978566635529757,,5.917304920724173,,3.728418878632571,,2.9561744531796426,,7.499351614895739,,4.5817582490611155,,3.4982664848795664
PCL_PCL1075,0,fold0,2,0.0004400160060549694,0.00043167711768078883,,5.612404237972933,,3.525883603344935,,2.6870427579406972,,7.339863200570794,,4.670401819226864,,3.496032861683513
PCL_PCL1076,0,fold0,2,0.0004400426355836041,0.00043105944617954396,,5.91112699083344,,3.8249060957742436,,2.851549360739797,,7.871891635403492,,4.596554964174652,,3.5714020647764477
PCL_PCL1078,0,fold0,2,0.0004297500410538106,0.00042952780750400363,,6.629922009948679,,4.492131531712748,,3.41306016978422,,7.929373018607017,,5.17326553796208,,3.8857811464950105
PCL_PCL1079,0,fold0,2,0.0004290925309248225,0.0004295923883983928,5.857286374930657,6.462989340619818,4.3208343148484,4.452455309822429,3.56781507703959,3.3530070095452422,6.1990915667345465,8.110968307250184,4.582636224547301,5.835683339370189,3.71970802919708,4.405049953827125
PCL_PCL1080,0,fold0,2,0.0004319596341222901,0.000428404498602054,,6.666324106911482,,4.635626520335673,,3.506274065031271,,7.972172356506987,,5.523123866042858,,4.177650376825606
PCL_PCL1082,0,fold0,2,0.0004397337819295962,0.0004293957427514948,,6.276146439267335,,4.043963010703934,,3.082159921847723,,8.58713645213905,,5.462846303084744,,4.268748434304321
PCL_PCL1083,0,fold0,2,0.0004303417658900067,0.0004278028182130092,6.861922230570991,6.728604113659866,4.549976225286297,4.540382230638694,3.2512119071052465,3.414998200120108,7.213767441610077,8.162127476340556,5.239094770961648,5.576640392851591,3.9970972423802618,4.3222220253718655
PCL_PCL1084,0,fold0,2,0.000438083829454367,0.000430738258983418,,5.769706926262543,,3.8506084123862045,,3.071619013476406,,8.245627496851652,,4.800620421644248,,3.2871430301176416
PCL_PCL1085,0,fold0,2,0.000437787924629539,0.000428650003194456,,6.137510401275121,,4.208065923383056,,3.1900034112968125,,7.860639787953288,,4.932218604046123,,3.8018578406997223
PCL_PCL1086,0,fold0,2,0.0004374824905809976,0.00042967631250811697,4.80430745284476,5.656945138774516,2.6881825354108178,3.7247038293165757,2.2594384595911143,2.978533530119312,5.240634088342083,7.732105029997173,2.867942227424914,4.580475547734611,2.3992421126843304,3.3508152726315954
PCL_PCL1087,0,fold0,2,0.00043893040248139037,0.00043233817689829895,,5.9199217080554085,,4.273108614763342,,3.1758969652193545,,8.800415376370294,,5.821856486535549,,4.321504120463563
PCL_PCL1088,0,fold0,2,0.0004378000669255301,0.00043018456886666917,,6.101540504869112,,3.7993719676463753,,2.980319253684689,,7.8414248305038905,,4.425446290911279,,3.285637678004478
PCL_PCL1089,0,fold0,2,0.0004359086683914333,0.00043039265303553877,,5.889008205410105,,3.89040943714012,,3.1525121351278145,,7.6215962577170835,,4.777440539745034,,3.6409153126661087
PCL_PCL1090,0,fold0,2,0.0004378067643571055,0.00043017630957751726,,5.895300955834003,,3.9089959250559314,,3.0735820775503693,,7.871946857227362,,4.693961356162893,,3.533833964881838
PCL_PCL1091,0,fold0,2,0.000436497800110925,0.0004292764624902676,,5.718718973122395,,3.7498127709332265,,3.0198020979901,,7.851212405154988,,4.468443877910752,,3.2895942303460686
PCL_PCL1092,0,fold0,2,0.0004336118467493542,0.00042925327094207703,6.583444736457402,6.77526959303457,4.204893958740841,4.716580053152189,3.3720884424523683,3.5864464531552227,7.23074420800565,8.447381271439241,4.487982726628686,5.9841883711026975,3.519123653917564,4.436895285839578
PCL_PCL1093,0,fold0,2,0.00043643942142653413,0.00042978584445931695,,6.410965717745853,,4.259720842546518,,3.148989546041062,,8.059883883418655,,5.194193864397275,,3.713216717562145
PCL_PCL1094,0,fold0,2,0.00043275046932342347,0.0004295832811212069,,6.4290551062483265,,4.17626422087696,,3.061730453913198,,8.35222162670823,,5.1584755664538715,,3.8756755883281446
PCL_PCL1095,0,fold0,2,0.00043772495147815165,0.00042872124449172024,,6.371419367005684,,4.222697618015393,,3.1563153871428047,,7.928963289533411,,4.946750940565009,,3.780530209024396
PCL_PCL1096,0,fold0,2,0.00043984996802571056,0.00042835283595635265,,6.423100165993607,,4.423055701268359,,3.359123165160152,,8.109148953025818,,5.194215045723953,,4.035594468910907
PCL_PCL1097,0,fold0,2,0.00043291066305166983,0.00042848642431287873,,6.452525287155451,,4.755194177542254,,3.5962926096136187,,8.194722817660674,,5.618935063196177,,4.157515307612917
PCL_PCL1098,0,fold0,2,0.0004334094084958139,0.00042948965051320745,,6.014142836196,,4.1078828773274765,,3.1040443049886646,,7.687982409493366,,4.796519557181294,,3.7451642692498086
PCL_PCL1099,0,fold0,2,0.0004373423504081121,0.00042661131112590144,,6.364542286490456,,3.930195467808891,,3.0259268991066386,,8.309594161695266,,4.587008129093297,,3.540707188848118
PCL_PCL1100,0,fold0,2,0.0004388274133340816,0.000429107182088875,,6.26349917747293,,4.563562671573937,,3.442749177530161,,8.21979139528068,,5.785853618183387,,4.229372357672493
PCL_PCL1101,0,fold0,2,0.00043309891098620355,0.0004294207893103079,5.425680351470483,6.591266440210605,3.438169016773288,4.6695723181611415,2.399986778355938,3.6194268848024382,5.810953925065898,8.487923297019211,3.603392102438677,6.175427691890197,2.4350031705770454,4.586146082457044
PCL_PCL1102,0,fold0,2,0.0004380718819087036,0.0004298916837762942,,6.413841816030927,,4.652275484494281,,3.455744691390058,,8.227691451270807,,5.753662646065424,,4.247566736055548
PCL_PCL1103,0,fold0,2,0.00043091880684588364,0.0004285691764990083,,5.980026984655844,,4.255184132609007,,3.216606841370453,,7.751224641662292,,5.2310188161554025,,3.8758851368794764
PCL_PCL1159,0,fold0,2,0.000437661457330006,0.00043425383440971917,3.3785846556418746,5.2444161941500385,1.3025700269379765,2.8875265815382396,1.1676111686187831,2.2608133268343167,9.262278685228404,9.87189462577233,2.2279030446828676,5.564465986586867,1.68696188481583,4.133305151910321
PCL_PCL1160,0,fold0,2,0.00043958060937951925,0.00043496531243418166,3.1578263825368866,5.564975819994428,1.7613199875025598,2.1273243408863927,1.5668800628731152,1.7902022106216786,7.262751552273919,10.90013421590163,2.7715372883039864,4.441304878282232,2.4066259824726135,3.1365586808209107
PCL_PCL1161,0,fold0,2,0.0004370381632435217,0.00043552715843601583,,5.2047706085697,,2.369334533693552,,1.8964595066123489,,10.534609593410334,,5.9396528011517065,,4.348298302549915
PCL_PCL1166,0,fold0,2,0.00043514127918514007,0.0004351600865939477,6.090805009991051,5.251321793140049,3.007063905980271,2.648518196192456,2.490851016969796,2.153253282860217,7.858119365453004,11.352147028587392,4.089085297702692,6.357231984372079,3.221707041323154,4.759867952097272
PCL_PCL1167,0,fold0,2,0.0004371109188109359,0.0004346388044726181,4.084269061379652,5.302077108858466,1.3374047914808613,2.5467573354859776,1.1939383364767049,2.011745214228526,8.889630902147285,11.176938707046377,2.9008572964480837,5.600114216271768,2.294704651908295,4.247864019201502
PCL_PCL1168,0,fold0,2,0.0004385635337061773,0.0004351331883699905,4.843740458479037,5.218755009642955,1.4893140626703676,2.3627999095207373,1.2202694272554755,1.8564743095739444,5.862874906607736,10.704033731530034,1.5031306689486426,5.154305814342308,1.220978497360095,3.8964507877290413
PCL_PCL1178,0,fold0,2,0.0004387748065201295,0.0004353471231815561,4.700235074531506,4.999731489506711,1.3933340466842477,2.005907696138455,1.155804789235169,1.7202010539660142,6.862797610348317,10.348514762875496,1.4173971544627426,4.568162061033367,1.157240615497882,3.2572655509860056
PCL_PCL1179,0,fold0,2,0.00043868491119979124,0.0004349330225992473,,5.123476131007492,,2.7333972741517245,,2.211188386513915,,10.578167182592312,,6.106689244962806,,4.426428403374508
PCL_PCL1180,0,fold0,2,0.00043573132897988307,0.00043520189294568405,,5.027074034774265,,2.524682458806094,,2.0112080233331775,,10.517972871500728,,5.47567780859151,,4.27541046916654
PCL_PCL1181,0,fold0,2,0.00043902598787186076,0.0004353274601756659,,5.311242209944753,,2.204922394531224,,1.7476112374901223,,10.726759016548792,,4.834084251263215,,3.5746974144220083
PCL_PCL1182,0,fold0,2,0.0004373062478894218,0.00043483325416287383,,5.037077228675022,,2.459743100490196,,1.9806179042369645,,11.066999538828922,,5.533371075859361,,3.9655699028185865
PCL_PCL1184,0,fold0,2,0.0004365681142098976,0.0004346182998275095,5.108110869702243,5.2065518301359885,2.527654633069379,2.3338732359199446,1.931850820365724,1.945597279802212,7.0,8.881254879584212,3.3853556269767995,4.110817267410096,2.440779278282046,2.9577178167455984
PCL_PCL1185,0,fold0,2,0.000436678523122219,0.0004342112224575076,2.955044646235194,5.430084827850896,1.285374069151999,2.759600964457728,1.1382441590364762,2.2917551659680324,6.429918493894372,9.219352765670513,2.3965386736340157,5.5496895457136395,1.6843707832018266,4.155598721612962
PCL_PCL1186,0,fold0,2,0.0004380273876832199,0.000433887484175631,,5.418316734007697,,2.8544770650094677,,2.2286870960398915,,8.729902511048323,,5.29677110190397,,4.016470597054843
PCL_PCL1187,0,fold0,2,0.00043557560005166656,0.00043443456742264276,4.932430175045178,5.195549774840986,2.3617988099116665,2.564936108426588,2.0279010663089583,2.0683929913661103,6.857465390881759,10.769821756805545,2.7985976035982194,5.457780963756267,2.2791355883510844,4.1690254176862735
PCL_PCL1188,0,fold0,2,0.0004354666102444251,0.00043437913534759114,4.468003421271886,5.705648050316479,1.7434898148120204,2.8184696484639153,1.3339655158991546,2.2448655758559646,14.889630902146894,10.195216645191865,4.447055847640393,5.126533117982719,2.419083039887823,3.8091838432232255
PCL_PCL1189,0,fold0,2,0.000436500078883526,0.00043371040584000604,6.417569377764046,5.347786149794305,2.008426263724929,2.828092573962602,1.4039595990663671,2.2423272049074647,9.42928998582542,9.435543901862086,2.3723818212603756,5.7976466789417485,1.490477194019898,4.275142372074945
PCL_PCL1190,0,fold0,2,0.0004380328567169997,0.0004343500339882671,4.617208121629263,4.895835177697149,1.6318349826387297,2.5684005956828617,1.3369591151215892,2.012141428967636,7.0,9.711396393123689,1.839656583354726,5.400946105043296,1.3532057697968798,4.017665009707412
PCL_PCL1196,0,fold0,2,0.0004385601180784832,0.00043488064667646445,,5.329968870500638,,2.615098072517145,,2.109479612796184,,10.51475844502918,,5.580063236799885,,4.229807665677668
PCL_PCL1197,0,fold0,2,0.000437195705198811,0.000434793344949733,4.00829400192608,5.240768027757735,1.3582255529871494,2.515849309432387,1.136733793240465,2.1105097292576094,5.428983634659764,11.402508544295562,1.469339930509586,6.034098330950771,1.1734359910600516,4.342807130861664
PCL_PCL1203,0,fold0,2,0.0004344561390569639,0.0004340158696706682,4.609608211947189,5.256110880490485,1.6814492440562028,2.696953131388148,1.308475974046117,2.1720956547687607,9.865208478372175,10.130930237754336,5.043334369709848,5.181681454629983,3.785852090032154,3.7645213061657796
PCL_PCL1204,0,fold0,2,0.0004383713003327775,0.0004342097757023995,4.407907992882841,5.105569500424119,1.3656947327106896,2.793114790148009,1.1373484327311136,2.1914521309963755,5.429597873287084,8.754513724440725,1.3874821890927458,5.491082940864119,1.1386426342115026,4.092883279121488
PCL_PCL1205,0,fold0,2,0.00043924119836342404,0.0004348085540824293,,5.009660596498174,,2.3097290346673693,,1.9740528941392728,,9.29301539646852,,4.267761376597265,,3.0445755595687793
PCL_PCL1206,0,fold0,2,0.00043663414505151115,0.0004350072630106023,4.318055777768786,5.573420345298296,1.9937422209676117,2.585840050530562,1.5263872103954046,2.0247632377658107,7.249488652156401,9.392818663175165,2.8792578754624683,5.264470047875492,1.9923077609516247,3.7328178274193657
PCL_PCL1207,0,fold0,2,0.00043712752647480694,0.00043447790207145655,3.212237174612387,5.389983575984734,2.082537030810146,2.65596858268496,2.032038587138539,2.0889712259106608,5.430938205783059,9.129102289411815,2.2258468379379805,4.88043986757469,2.0827332172834265,3.4323047574862615
PCL_PCL1210,0,fold0,2,0.00043573191896415306,0.0004340275169652571,5.215532303035944,5.547755278962451,2.251569300058813,2.4772907234462886,1.8328576538772872,1.952080289792552,8.888797886889032,9.058153370697845,3.1307635863224705,4.348234188794568,2.4770968494254335,2.9685007283331353
PCL_PCL1211,0,fold0,2,0.00043655790189699726,0.00043418669170231135,5.067123882516843,5.493799014452995,2.089131043314014,2.4684196304286226,1.7804290288824738,2.051614703738802,6.244254593813073,9.413172159119407,2.263298852523144,4.748598752531081,1.854489068663103,3.431048176987513
PCL_PCL1212,0,fold0,2,0.0004358361407479415,0.0004341305933256035,,5.139765334700276,,2.6406230757788696,,2.0280042834869194,,9.880806323368866,,4.772217847825287,,3.303769891542507
PCL_PCL1213,0,fold0,2,0.0004366886751890235,0.00043450630077612046,4.087169382230076,5.351441388106181,2.1515091865100886,2.6795263977724404,1.8600291953613586,2.172004359490292,5.0,9.097025608865156,2.2590835860163416,5.516527272329593,1.9179662465285197,3.9461534192023913
PCL_PCL1227,0,fold0,2,0.00040381125160314323,0.0004131312414538263,7.368783959599026,6.380213545298939,3.981932736678437,4.3467506667737785,2.587226582731669,3.4101468974071154,8.596099438611748,8.14109285296706,4.720995358415764,6.301630976089683,2.918254764292879,5.058838954270327
PCL_PCL1228,0,fold0,2,0.00040525317825325835,0.0004099168089712196,4.641884125130245,6.730663112874103,4.040798310634875,4.446797314889631,3.7389725476261706,3.4473396126739155,6.827233820374534,9.028742984106668,5.364206151506764,5.87757050409858,4.734743694060211,4.490273987980181
PCL_PCL1229,0,fold0,2,0.0004000497635159642,0.0004104869554203659,,6.536094502435705,,3.8086869203662532,,3.038045701598693,,7.601047550689622,,4.971548515946894,,3.892105163070525
PCL_PCL1230,0,fold0,2,0.0003992456890612804,0.0004055312520454893,5.247897984443214,7.091523709916507,3.8728598640736873,4.714204754832384,3.058488099504631,3.538214350628618,7.236939603417814,8.716093284375514,5.428290568977056,6.120478822783026,4.12328375286041,4.8478608402130625
PCL_PCL1231,0,fold0,2,0.0004024672717422941,0.0004124595546530149,7.8113096008887375,7.228214975486693,3.8838785926224197,4.82230291008304,2.806242035564034,3.761874927129926,10.878217734414923,8.262839401036878,5.1146079276853245,6.195358224928349,3.573062261753494,4.774347599607164
PCL_PCL1232,0,fold0,2,0.00040267047988655166,0.00041172676555528004,5.589654078853214,6.708511833378879,3.942925446135995,4.79396147405393,2.916225704151839,3.7851444399147036,6.235314720565588,8.023400338241037,4.564606724625948,6.1869690086133735,3.368546940402632,4.8291037201603695
PCL_PCL1258,0,fold0,2,0.0004034056812988203,0.000406395234112877,,8.090170888871684,,4.981457553464926,,3.794266946421584,,10.263809473885281,,6.318953599517325,,4.926143920259796
PCL_PCL1260,0,fold0,2,0.00040197920407245995,0.0004116685046253732,5.268189553486975,6.133967957021499,3.623763653434958,4.26501129095916,2.871925689956578,3.2351760738636806,6.805259773816397,7.750217166146083,4.1325225283148495,5.2953045824611875,3.1374501992031876,3.9819960064354154
PCL_PCL1261,0,fold0,2,0.0004027224324891968,0.0004140045350277573,,6.030050958556423,,4.402144229282014,,3.561027280092317,,8.112259127934916,,5.711950305078568,,4.5064511524832955
LT_1002,1,fold1,2,,0.0004208167064676527,,6.365945459809068,,2.302073252348922,,2.0328630915271386,,7.77313813553613,,2.8584071482473528,,2.4233225346164473
LT_1003,1,fold1,2,,0.00041686410475219593,,6.6078793107556635,,2.4341513895554336,,2.168679627983379,,7.8102817150211,,3.1456212194095734,,2.622350476123735
LT_1004,1,fold1,2,,0.00041522292956610966,,6.7977977806926555,,4.4800163834195015,,3.6601562665358913,,7.996485868163953,,5.36019054036127,,4.775064450247607
LT_1006,1,fold1,2,,0.00042185392536794354,,6.149832425066065,,2.270581220836668,,2.0446249704091435,,7.9111157862267065,,3.161765647563298,,2.7177907131427625
LT_1009,1,fold1,2,,0.00041845162142552933,,6.432895801716172,,2.3892681307195645,,2.1904972152895312,,8.618795750909698,,3.5641588399048976,,3.075586083336345
LT_1011,1,fold1,2,,0.00041861535910524793,,6.735094944000783,,2.777614672353416,,2.450324967220845,,8.14626624423395,,4.334780972274202,,3.8731714690382644
LT_1024,1,fold1,2,,0.0004142711194788599,,6.731562229107819,,2.6937015862787033,,2.382656440876925,,7.869797329272782,,3.6773754980229465,,3.1994386749185795
LT_1026,1,fold1,2,,0.00041853850544712815,,6.3589923806382975,,2.2818031064479505,,2.0357002791943075,,8.300940200249467,,3.1290598150459425,,2.6867105606417367
LT_1027,1,fold1,2,,0.00041723406130626285,,7.104487788835692,,4.230092967952808,,3.716918160593813,,9.397701562655106,,5.398278088036413,,5.062316527806365
LT_1029,1,fold1,2,,0.00041325843166292557,,7.042203533837425,,2.9591774083224314,,2.5511153559025224,,8.59312143002332,,4.108387452150287,,3.3591996472368035
LT_1038,1,fold1,2,,0.000414118830561477,,7.186129762818774,,4.1760846616985505,,3.4852082055140023,,8.429870021690423,,5.106266669015693,,4.438612296460681
LT_1039,1,fold1,2,,0.0004163058395810163,,6.959153880802439,,4.552350113035172,,3.8140606216123856,,8.237639560918833,,5.650705257305636,,5.186633725986233
LT_104,1,fold1,2,,0.00041698378014809814,,7.268366939414809,,2.9755055588751964,,2.637690109312208,,9.21625839347411,,4.665152828322505,,4.045235278767993
LT_1042,1,fold1,2,,0.0004213069536325685,,6.642700459731093,,4.031576343459366,,3.466289557269456,,7.72872340604299,,4.891786068658724,,4.440349301893915
LT_1043,1,fold1,2,,0.0004193456102071537,,6.438166139705398,,2.4604018752235826,,2.1300671684618186,,7.834298473129326,,3.307934024122176,,2.9280014256489575
LT_1044,1,fold1,2,,0.00041799505102001894,,6.444889265474338,,2.5282916444597032,,2.2908776220027223,,7.820242173066093,,3.2775637149028696,,2.806377918417755
LT_1045,1,fold1,2,,0.0004190473743754912,,6.428938435083761,,2.2407332377189895,,1.9745069408529239,,8.087639509411295,,3.22582125545019,,2.7706159936894745
LT_1052,1,fold1,2,,0.0004174239808954084,,6.4183580619861935,,2.2891318251550903,,2.0608098799112016,,7.7580845336644675,,2.9496345403920805,,2.569982239392973
LT_106,1,fold1,2,,0.000414871019327398,,6.614004453535782,,2.95047702921193,,2.5098417122642247,,7.937927689524473,,4.705945502765972,,4.14850220308118
LT_1065,1,fold1,2,,0.00041585305838407437,,6.758676587456281,,4.31344657587468,,3.5329032123915693,,7.960394871283749,,5.21526131487309,,4.473616003392452
LT_1067,1,fold1,2,,0.0004138607097355796,,6.583139298932983,,2.9076342566035254,,2.5313200658825883,,7.822189430993632,,4.166329560211436,,3.5505591370907412
LT_1069,1,fold1,2,,0.0004157436879319073,,7.282413548217932,,3.125244755608737,,2.7626718735575295,,9.118309068957567,,4.5619229713752,,3.8765423089481525
LT_1073,1,fold1,2,,0.0004137969464445175,,6.921127456746125,,4.81105122494678,,3.821043592351339,,7.787673785032742,,5.96648776890485,,5.356821333877962
LT_1076,1,fold1,2,,0.0004172500139434463,,6.410936459462534,,2.897940400691037,,2.514610776898102,,7.973291402590367,,4.288579420996741,,3.7328667519154264
LT_1077,1,fold1,2,,0.00041699792281200444,,6.25351431447364,,2.804271475120638,,2.4504255215966837,,7.910103384757737,,4.194831861253183,,3.543277224033564
LT_1081,1,fold1,2,,0.0004098653992259827,,6.908384735951756,,2.514764994048265,,2.168223058834339,,8.738999741635874,,3.882412692809074,,2.967814880080795
LT_1083,1,fold1,2,,0.00041446513269183596,,6.875181575924625,,4.378077927139189,,3.6931650118902035,,8.095137732999245,,5.636174240451539,,4.9912880000471125
LT_1084,1,fold1,2,,0.0004100619111969527,,6.769344015327469,,2.4644618266458735,,2.1930715284459064,,8.379082336973413,,3.4239760862736466,,2.775341540715556
LT_1087,1,fold1,2,,0.00040999932876200663,,6.683272692027479,,2.4939251884356852,,2.2172625157011097,,8.681118067353461,,3.808441568328637,,3.049888480105958
LT_1088,1,fold1,2,,0.00041184682761485555,,7.5523332769678175,,3.0612936611843127,,2.5905706840010723,,9.920845359599076,,4.923833800662204,,4.216266820698994
LT_1093,1,fold1,2,,0.0004215364493996166,,6.387185294835238,,2.794397683512316,,2.492940200241762,,8.103717325876683,,4.228156608020033,,3.6310284004621547
LT_1101,1,fold1,2,,0.00041652007227931803,,6.923522603390128,,3.0633551198531843,,2.6450970941648486,,8.677163488196333,,4.429151166737747,,3.7394494448904245
LT_1132,1,fold1,2,,0.00041920963263118033,,6.570526156026372,,2.683701230240607,,2.326811140508944,,8.02766660375332,,3.8009180529765625,,3.2942717650905324
LT_1143,1,fold1,2,,0.0004245156179738356,,6.519060508536522,,2.5132078710182597,,2.197605291573372,,8.148987167012034,,3.6304326260369364,,3.0702890017598206
LT_1146,1,fold1,2,,0.0004188718373857817,,6.505686791371219,,2.463128370961726,,2.225523897699425,,7.927421907227782,,3.747524834897451,,3.35006432436244
LT_1148,1,fold1,2,,0.00041626229422379694,,6.6594139714732465,,4.027819020080651,,3.3727593301478342,,8.009004148702866,,4.708103505841736,,4.020714881727711
LT_1154,1,fold1,2,,0.000420412548986936,,6.489689037011697,,2.2165706521719524,,1.9589887677782352,,8.286035059123472,,2.9746637153824107,,2.52797026351174
LT_1157,1,fold1,2,,0.0004180532042187147,,6.649026540540972,,2.830644159443305,,2.446518689107874,,7.948499755918544,,4.187331461216021,,3.7008106544390884
LT_1161,1,fold1,2,,0.00041579965582234923,,6.671393747832483,,2.586906866378657,,2.266409865733255,,7.976622740995849,,3.7529469357186755,,3.287813975990558
LT_1162,1,fold1,2,,0.0004143416681939398,,6.541572643457609,,2.7151097206483357,,2.4240661609257663,,7.603991734924977,,3.519448737244104,,3.1099447079728173
LT_1163,1,fold1,2,,0.0004151282275042002,,6.554133289227809,,2.5300920783526077,,2.209392240423324,,8.087283185602333,,3.366385600222205,,2.9650318903878463
LT_1165,1,fold1,2,,0.00041962062488027675,,6.1483550749585545,,2.2138677948391217,,1.9620030304481355,,7.92422320587878,,2.9961541498144117,,2.5742620459200474
LT_1166,1,fold1,2,,0.00041920294450895415,,6.554971247344445,,2.5872268192095698,,2.3494592931207268,,8.156392866132885,,3.7319982636603806,,3.308285296707639
LT_1168,1,fold1,2,,0.00041372280166772357,,6.88937883449323,,2.5394447474607467,,2.222981007458865,,8.099920972636745,,3.4732055289440416,,2.817002832011465
LT_1169,1,fold1,2,,0.000415546253853441,,6.4014744473543645,,2.5065042446234616,,2.184145235475374,,7.715400108719528,,3.2148955684260487,,2.8141962616067113
LT_1170,1,fold1,2,,0.0004128352543659123,,7.381785497063213,,4.484265184495213,,3.7372454769643464,,9.171361317525248,,5.737273784948446,,5.030888213244658
LT_1171,1,fold1,2,,0.00041761574364632646,,6.532852987305016,,4.042960967621708,,3.4166964441752397,,8.328594681737766,,5.0296243270354415,,4.234720601366615
LT_1173,1,fold1,2,,0.0004200615119048616,,6.150347078622884,,2.2129396935556414,,1.9313748630337562,,7.797624146693395,,2.73972830871786,,2.2972754716524606
LT_1174,1,fold1,2,,0.0004134140295619388,,7.1179661148151006,,2.85113330666243,,2.46512325736211,,8.607273525987651,,3.970514813558657,,3.212026267814782
LT_1175,1,fold1,2,,0.0004149581650196958,,6.8454295169481245,,2.3702661293432143,,2.1068343065263573,,8.569419881718337,,3.013161673123878,,2.4953162153269095
LT_1176,1,fold1,2,,0.00041827669794464346,,6.624258667832754,,2.705460932048377,,2.3899919214568888,,8.595312635648657,,3.6256463831095287,,3.0828051331435056
LT_1179,1,fold1,2,,0.00041338205555761613,,6.814195727104003,,2.6837069740173995,,2.3379418517351005,,8.503436600538306,,3.711059720831258,,3.0510823504620936
LT_1180,1,fold1,2,,0.00041781992299341417,,6.624033433371256,,2.573404861158998,,2.2893724846239274,,8.233815855920776,,3.7919260661656677,,3.2256918127606076
LT_1181,1,fold1,2,,0.0004186912937685361,,6.661096292328816,,2.3562398918056613,,2.131789465928256,,8.203478544375661,,3.0144565342596796,,2.6563201162960692
LT_1182,1,fold1,2,,0.0004117283454071526,,6.80456361962863,,4.285597406733671,,3.6413165469342887,,8.337726149530594,,5.554682537991865,,5.066318370203594
LT_1183,1,fold1,2,,0.0004152184028311922,,6.173400081145993,,2.300969647148601,,2.0587410343119683,,8.193352361833192,,3.4370743938374737,,2.998760983995024
LT_1184,1,fold1,2,,0.00041374887564611836,,6.801603742633859,,2.4753842391113388,,2.1511256172519144,,8.384806097624566,,3.61238095399662,,3.0014853769873384
LT_1186,1,fold1,2,,0.0004177442724312506,,6.580678861976746,,2.5469976123034854,,2.256987329995275,,7.442092906187797,,3.110374459826607,,2.721632146597838
LT_1187,1,fold1,2,,0.00041849263662096896,,6.54095000801308,,2.3321691904469004,,2.128336892453546,,8.290468889081687,,3.194084737962347,,2.754806430295382
LT_1190,1,fold1,2,,0.0004176433599396307,,6.70705669789261,,2.5429531074529392,,2.2594273222882046,,8.143953972861677,,3.905061320522017,,3.2668355855239133
LT_1191,1,fold1,2,,0.000416850773477518,,6.448203407878761,,2.7529833344378307,,2.4403293276796396,,8.106442951436367,,4.276744812908425,,3.6685100825792634
LT_1196,1,fold1,2,,0.0004138737633986051,,7.214334054562775,,3.2812555542591997,,2.771390487613524,,9.101560839593315,,5.256059986900038,,4.364476186296917
LT_1197,1,fold1,2,,0.0004169876677079243,,6.877479476988998,,2.8934528391951244,,2.4467651470426697,,7.898843235488021,,4.286666048862462,,3.6437781427485025
LT_12,1,fold1,2,,0.0004091018198475859,,7.10363522885896,,2.6515981307999623,,2.3551733821434473,,8.872840225893299,,3.955996624456543,,3.2743092560339986
LT_1201,1,fold1,2,,0.00041773408059554186,,6.617087584726249,,2.474156903412676,,2.159738205958309,,8.178108258580373,,3.216715892849119,,2.666188818751484
LT_1219,1,fold1,2,,0.0004174993816063715,,6.659354846307575,,2.686923609898092,,2.3091859098153917,,8.444141124081087,,3.886114541395338,,3.20638567425204
LT_1221,1,fold1,2,,0.0004108059012554906,,6.714477379991848,,2.530827567089294,,2.262280616811144,,8.590846528362269,,3.5456408091033924,,2.9462427813407515
LT_1222,1,fold1,2,,0.0004123760724607673,,6.894465725961131,,4.464007422562371,,3.4933746311375233,,7.678365455459453,,5.333961476889757,,4.6845488453506245
LT_1223,1,fold1,2,,0.000413233310697517,,6.5290911325440115,,2.6192041129814987,,2.245282206950564,,7.575228603420007,,3.394188377125692,,2.8475359350536458
LT_1225,1,fold1,2,,0.00042135994203710246,,6.699456269052689,,2.880553661998361,,2.583904558627077,,8.362808620948792,,4.242891711187978,,3.6044126405917685
LT_1240,1,fold1,2,,0.0004225414735192067,,6.6753432853099,,2.6677920721093993,,2.369615841209815,,8.075180859577971,,3.7783893349940056,,3.1433384451850483
LT_1242,1,fold1,2,,0.00041657599492177753,,6.883105806420815,,4.036897184268195,,3.3331885861059134,,8.19645075678148,,4.699349327634137,,3.9677825415493895
LT_1257,1,fold1,2,,0.0004167993039794621,,6.5019588047642785,,2.3998950425026897,,2.1466336225840226,,8.213815590406629,,3.511823580882559,,2.868809576205604
LT_1261,1,fold1,2,,0.00041803826851059475,,6.134698601900179,,2.2338212043532715,,1.9360960974955366,,7.835250867210905,,2.9561988926282967,,2.4464976611158016
LT_1262,1,fold1,2,,0.0004143461669858361,,6.868745446962153,,4.53190044885117,,3.712352980854944,,8.224195359812501,,5.5238738795911395,,4.9155205984172365
LT_1264,1,fold1,2,,0.0004206766923482985,,6.92218325293132,,4.232835763080545,,3.69941753058037,,9.063685420062217,,5.3009298315781885,,5.085495803795515
LT_1265,1,fold1,2,,0.00041627011740157094,,6.707275442900206,,4.319353256361438,,3.6685550213372573,,8.312147296855704,,5.411365070236861,,4.772349842298847
LT_1268,1,fold1,2,,0.0004184956752564615,,6.256432004988135,,2.3829618418731275,,2.0921651395102114,,7.6308144066543555,,3.025436185808398,,2.63025136484959
LT_1270,1,fold1,2,,0.00041316593069350496,,7.04537290657645,,4.450024583519083,,3.7423960092321176,,8.704401363573007,,5.627674951073055,,5.0427292937160395
LT_1271,1,fold1,2,,0.00041866670189881147,,6.274327153011947,,3.8017595539544473,,3.2082551291263,,7.826987648580739,,4.472148544887273,,3.9233700610187414
LT_1276,1,fold1,2,,0.0004106265372813972,,6.482928757523681,,2.390883235870079,,2.1627850859228377,,8.731000507267256,,3.6535266762466803,,3.091889369413445
LT_1320,1,fold1,2,,0.00041881400318980085,,6.771480925803712,,4.204549755059209,,3.59097254147018,,7.933635203830111,,5.025277827912021,,4.534499294809887
LT_1321,1,fold1,2,,0.0004161815367215247,,6.502660954480254,,2.3154334733330093,,2.1063318220985168,,7.942123243580711,,3.0693542007717727,,2.667347438266058
LT_1322,1,fold1,2,,0.00041915167816543655,,6.657146526269679,,2.5698814187069012,,2.264737169280242,,8.235646025304629,,3.69031727258777,,3.140152860785413
LT_1324,1,fold1,2,,0.00041710547106688436,,6.404720684785485,,2.337614280632369,,2.0518819689472214,,8.02386763663671,,3.346728697650593,,2.905811750327993
LT_1325,1,fold1,2,,0.0004171718468308633,,7.062040499810475,,2.9392702298878577,,2.5477455987276936,,9.44309676180054,,4.406291870455803,,3.9195663703270935
LT_1336,1,fold1,2,,0.0004190573924776741,,6.623779555309843,,2.495757535530147,,2.2906806341249113,,8.298104731506148,,3.4147658794317453,,2.9864555592684394
LT_1339,1,fold1,2,,0.00041702955667838673,,6.592253354299862,,2.641564724256562,,2.279494126635297,,8.092676329874665,,3.780605919437189,,3.251777556096936
LT_1347,1,fold1,2,,0.00041289105339940325,,6.850243179691116,,2.7859838541333617,,2.4244459440695527,,8.822399217362822,,4.108716680049422,,3.4732961962515727
LT_1348,1,fold1,2,,0.0004148426016487121,,6.80484347170886,,3.9520149081744638,,3.3607958355003653,,8.426876502193055,,5.087648151415198,,4.446994274312349
LT_1349,1,fold1,2,,0.00041527963733493933,,6.592398003782342,,2.514091552473369,,2.1982341330911774,,7.9451793542909,,3.400525885104076,,2.9791714871842885
LT_1350,1,fold1,2,,0.0004168080190782939,,6.368111650094854,,2.2412848124646825,,1.9917364181256099,,8.035208631625748,,3.2306067413358703,,2.76666665185044
LT_1351,1,fold1,2,,0.00041458675341974824,,6.491419874314379,,2.395033961453643,,2.0990093036160054,,8.15732285201224,,3.3614001858887557,,2.905909609954213
LT_1354,1,fold1,2,,0.00041276669938814653,,6.514763930411388,,2.408957461490381,,2.0900106036829564,,8.0449102936575,,3.3569087864391896,,2.880399570556712
LT_1360,1,fold1,2,,0.00041635647902229546,,6.513711648388379,,2.3697254009853395,,2.0725553230035376,,8.242891208464412,,3.2386944128401964,,2.7457553386053566
LT_1361,1,fold1,2,,0.0004101278297010697,,6.706896606997803,,2.4588089412538006,,2.1379296994025223,,8.442024485413013,,3.385574901046809,,2.7427857208357427
LT_1362,1,fold1,2,,0.0004145365197431878,,7.9844953642139425,,3.185764801390878,,2.6858242930211493,,10.219923738702052,,4.8828993477602625,,4.10138769013174
LT_1369,1,fold1,2,,0.0004105047219586863,,6.753500297734146,,4.390448229326795,,3.6637820120037885,,8.796196313924922,,5.605441072501521,,4.978654175554709
LT_1383,1,fold1,2,,0.00041485929479729254,,6.856663385803919,,3.040982960466457,,2.643917887413542,,8.87555821813945,,4.374331193048649,,3.6957770420436957
LT_1387,1,fold1,2,,0.0004122701589989418,,6.771947283185031,,2.915505554767607,,2.6088030613086204,,8.453923634822383,,4.338469868355816,,3.765356690020295
LT_1389,1,fold1,2,,0.00041108259105726574,,6.428249619903812,,2.6079123217465257,,2.27110220648934,,7.460286969786613,,3.257040108965473,,2.791797513923946
LT_1390,1,fold1,2,,0.00041040121635831095,,6.887162744054373,,2.4242084686782803,,2.1592940838261825,,8.442147400647583,,3.477847635858041,,2.8593683863704915
LT_1411,1,fold1,2,,0.00041067664748974456,,6.240782570299172,,2.5467298032379957,,2.2567935754861304,,8.292853281857154,,3.7567997605712713,,3.206150554572776
LT_1413,1,fold1,2,,0.00040969454490732797,,6.779502813150586,,4.26260696709812,,3.5619766544709983,,9.03063262325574,,5.480250614508742,,4.719566836200581
LT_1424,1,fold1,2,,0.00041199690482274405,,6.564914445402064,,2.4127976541598395,,2.1009462485561867,,8.070013154667445,,3.379463443766789,,2.9441721864498027
LT_1427,1,fold1,2,,0.00041129940795766803,,6.589964913457976,,2.7767434768433317,,2.3825544243903876,,7.792127978253322,,3.8800868404399265,,3.319855757784514
LT_1469,1,fold1,2,,0.0004149775012768798,,7.0552073048420025,,2.8650654203163692,,2.462960324966101,,8.775733876494735,,4.2299397033999755,,3.5280585301343947
LT_1473,1,fold1,2,,0.00041248507060793853,,7.195508689757206,,3.191780831793969,,2.7482507944224897,,9.05437406972507,,4.9666384322470405,,4.165251898838826
LT_1476,1,fold1,2,,0.000412219547843623,,7.0450909197173175,,2.5511253998334675,,2.190806499996202,,8.80484769045483,,3.8144129461845266,,3.0421639149824684
LT_1479,1,fold1,2,,0.0004111649306889724,,7.089231946160567,,3.1504612828892538,,2.67545421895411,,8.496317323201218,,5.065796513886534,,4.282045493170029
LT_1480,1,fold1,2,,0.0004147220275864602,,6.568235976032874,,2.380403960666214,,2.0733006384385924,,8.243854608271445,,3.2020044741770683,,2.57827531244915
LT_1484,1,fold1,2,,0.00041248414182283935,,6.606185733538436,,2.511016704642576,,2.1895286776306895,,7.4209358595729515,,3.331857916028273,,2.8083149772196387
LT_1490,1,fold1,2,,0.0004125648359445365,,7.170422539956589,,2.7115218492578994,,2.4145357979411504,,9.19533772320846,,4.140100017794484,,3.3240246485429132
LT_1492,1,fold1,2,,0.0004108082684146485,,6.827872691315852,,2.4991600045054243,,2.1415891824411797,,8.586520051712506,,3.7078020775643243,,2.870739946614335
LT_1493,1,fold1,2,,0.00040981979852352385,,6.871509060322187,,4.267557295766663,,3.437695654278031,,7.899585769070688,,5.446446158493036,,4.58273302453545
LT_1495,1,fold1,2,,0.00041413449439822204,,6.681472136004138,,2.872250607009237,,2.508039791522914,,8.662902566217028,,4.21666908832612,,3.5430604589330716
LT_1496,1,fold1,2,,0.00041043841661078835,,6.843458405101155,,2.859423708821068,,2.521338954662783,,8.779860707843012,,4.341928604099296,,3.6959155498705303
LT_1497,1,fold1,2,,0.0004095254393281494,,6.7328786811091135,,2.7814659903694015,,2.406815212552889,,8.11157743688114,,4.104970301174589,,3.3831018249882394
LT_1498,1,fold1,2,,0.0004112073322829306,,6.616683327882217,,2.628013189849889,,2.224114916982061,,7.8560623163973755,,3.668073745501126,,3.041792915230313
LT_1503,1,fold1,2,,0.0004158112961594254,,7.4212557793329665,,3.1908379734573944,,2.691986233802394,,9.329726300527948,,4.560558359723336,,3.850402635375243
LT_1505,1,fold1,2,,0.0004114638444374843,,6.947112707958236,,4.235480402502532,,3.3892176272141255,,8.566991760576016,,5.104062884940681,,4.309978851053348
LT_1509,1,fold1,2,,0.0004124519318351623,,6.912704535523832,,2.5318124791292,,2.1836293500634407,,8.695514748840665,,3.7629956712527184,,3.0072750710747687
LT_1511,1,fold1,2,,0.0004143162278491576,,6.650288272461234,,2.4503523321907883,,2.1000374701654443,,8.490471994498412,,3.6636637076935497,,2.8106680061586644
LT_1512,1,fold1,2,,0.00041036075645292484,,6.948853764550284,,4.044517200677791,,3.3413995380684853,,8.643831094085384,,4.930379150058848,,4.134004999275185
LT_1516,1,fold1,2,,0.0004103142534622635,,6.844521205104505,,4.046626057176439,,3.2980247033176315,,8.61797092202241,,5.1534358118682295,,4.28202340104136
LT_1517,1,fold1,2,,0.00041383903025307006,,6.457043940679692,,4.107226641899031,,3.422952956675118,,8.590481579868303,,5.003659788528432,,4.2393897931141975
LT_1518,1,fold1,2,,0.0004089434562160772,,7.224896274290009,,2.9840730266091544,,2.6123212021228266,,9.491144220078308,,4.389733107808201,,3.6480144592669
LT_1520,1,fold1,2,,0.00041096606571226595,,6.986341675432708,,2.65534182810934,,2.280123263204097,,8.81019247115701,,3.9268839422713433,,3.1443953167151624
LT_1521,1,fold1,2,,0.00041046168079402097,,6.985950691531412,,2.6950123562422825,,2.292731344414232,,8.824974712426233,,4.0406660601089435,,3.191562078660032
LT_1524,1,fold1,2,,0.0004111872391156894,,7.059902989279149,,3.08787493627746,,2.632796722360885,,8.940350734414338,,4.872189980023466,,4.086582927816554
LT_1563,1,fold1,2,,0.00041040082755994765,,6.91590992062066,,2.611338153833425,,2.3364732949689615,,8.58672583879482,,3.6733856868542705,,3.0235741883657044
LT_1565,1,fold1,2,,0.00041311528762708917,,6.636350235629289,,2.427679746568576,,2.1012278582891315,,8.112620058228664,,3.3304500153647774,,2.87137788227087
LT_1568,1,fold1,2,,0.00041192939745968334,,6.523564482784376,,2.4563385870963326,,2.1874562077077058,,8.739896702612205,,3.509626547762927,,2.805546721360276
LT_1570,1,fold1,2,,0.0004197429322091769,,6.735252296230326,,4.3658337398853915,,3.5326028471576314,,8.011790659903493,,5.266656192799056,,4.783767706715243
LT_1572,1,fold1,2,,0.00041113852119744124,,6.5815380224147955,,4.192910213141378,,3.5757917904601935,,8.608077589357054,,5.564539125078908,,5.0366764868945175
LT_1574,1,fold1,2,,0.00041083917869175375,,6.938135055074216,,2.734675981465841,,2.4215908070265413,,8.460383048688398,,3.902055935383309,,3.2048777511524276
LT_1575,1,fold1,2,,0.00040923798985269093,,7.11058086999336,,3.0284345350947697,,2.618910859972711,,8.757785871027993,,4.737420346565778,,4.022719886831306
LT_1576,1,fold1,2,,0.00040981358671142096,,6.91585471302336,,2.821066788368275,,2.472369743324721,,8.960208217146581,,4.3522788666960635,,3.569366234993669
LT_1577,1,fold1,2,,0.00041137270277522876,,6.401212971279029,,2.4492510557781793,,2.177883073613092,,7.851701284775888,,3.3881062553689176,,2.829238540543854
LT_1579,1,fold1,2,,0.00040878505988646216,,7.137008010584226,,4.615149134161721,,3.746574699881719,,8.861999489063324,,5.965406315078902,,5.171406128652384
LT_1581,1,fold1,2,,0.00041025222207214697,,6.901698658811621,,4.25063435497023,,3.5350778416489126,,8.62621161014466,,5.4675376779804985,,4.759219957777059
LT_1593,1,fold1,2,,0.0004125864380539364,,6.4504577563414545,,2.2360604974073293,,1.9595535111459312,,8.100825212352486,,2.910681454083413,,2.512979579446923
LT_1601,1,fold1,2,,0.0004092623336524482,,7.135080798819382,,2.6884716348356354,,2.337925081182762,,8.646571831955848,,4.004041756477111,,3.2498766817902336
LT_1604,1,fold1,2,,0.00040935873410217344,,7.152369646393894,,2.952028079945211,,2.5496862658334676,,9.141792945203044,,4.6774502896564165,,3.853975197144822
LT_1607,1,fold1,2,,0.00041064526726178677,,6.981817697562783,,2.8681424109833125,,2.526711254550652,,8.568294544723754,,4.620789358890089,,3.829579745326318
LT_1612,1,fold1,2,,0.00041047458743558897,,6.871013967805893,,4.190072843186451,,3.5414971521305625,,8.275643459450318,,5.5358526833320365,,4.91695151373894
LT_1615,1,fold1,2,,0.0004103113052708173,,7.054950101664085,,4.32233766936548,,3.5009203871528896,,8.38875872749266,,5.281219683053692,,4.53447908604426
LT_1616,1,fold1,2,,0.0004087807911264188,,6.945266529272388,,2.629267488559279,,2.333832666025497,,9.187625756530512,,4.146316201037545,,3.303899710375137
LT_1618,1,fold1,2,,0.000410327305945226,,7.22601146127965,,4.412793715157299,,3.7239889992806487,,9.055510332378972,,5.6197190801981725,,5.027081347050775
LT_1620,1,fold1,2,,0.00041003540895873797,,7.580918046280726,,2.9952192501959676,,2.6255684064888882,,10.287651265364332,,4.835020922535347,,3.985194823504439
LT_1621,1,fold1,2,,0.00040999561339008506,,6.818496862264856,,4.152827176992395,,3.4464228944996824,,8.535689077487756,,5.3269624660692925,,4.44999568900505
LT_1625,1,fold1,2,,0.0004109998687063642,,6.799549476204429,,2.3781557268652875,,2.104966045653008,,8.154677836513867,,3.2213743446116103,,2.6208448179982575
LT_1626,1,fold1,2,,0.0004096513232627313,,6.882299259432407,,2.562721534200457,,2.269340876242637,,8.803334543039147,,3.777610414495206,,3.1763054753449556
LT_1628,1,fold1,2,,0.0004104284792601637,,6.963928450996626,,2.5999899642864106,,2.289163050797495,,8.681775220036291,,3.6757519475663485,,3.0011127206035297
LT_1629,1,fold1,2,,0.0004106180503485879,,6.801579660156374,,2.7580305595705683,,2.412962332114533,,8.453995259922353,,4.19077307803095,,3.653096636951482
LT_1631,1,fold1,2,,0.0004112125246616954,,6.435993187350364,,4.2176469325650245,,3.5519076431295433,,8.10120894431144,,5.322979246882118,,4.880839751662784
LT_1632,1,fold1,2,,0.0004140028636023165,,6.607158917316921,,4.202617940634373,,3.4215749511092164,,7.8918547347698045,,5.1085789685847045,,4.5130783393490495
LT_1633,1,fold1,2,,0.0004110870073716702,,6.796968120188293,,2.9615944293509933,,2.5130480635599786,,8.277130869432606,,4.764195116283211,,4.116721241316104
LT_1634,1,fold1,2,,0.0004095618081374902,,6.999828336370115,,4.16905454955959,,3.3899452619351225,,8.645041725152517,,5.143668404059205,,4.399776193402579
LT_1639,1,fold1,2,,0.00041066127217812866,,6.517778950635782,,4.092858532324457,,3.386867854146872,,8.343732523861487,,5.34773526110894,,4.728094691264205
LT_1645,1,fold1,2,,0.00041371964843355154,,7.632161411328941,,3.2226770323971556,,2.7167824111502816,,10.032620496886297,,5.175880151358108,,4.382701824878319
LT_1659,1,fold1,2,,0.0004192139532918186,,6.68696979721517,,3.84101174588503,,3.239722326269821,,7.835850331237063,,4.5561742278110895,,4.0445640573288495
LT_1661,1,fold1,2,,0.0004110360910374901,,7.032287739614939,,2.742698883198676,,2.344652508610533,,8.676012373876569,,3.9872578893363713,,3.1925147453825993
LT_1663,1,fold1,2,,0.0004202050744562275,,6.367128332620249,,2.797602686209095,,2.4366365116779662,,7.929054967317455,,4.135230699033686,,3.5830846746700646
LT_1664,1,fold1,2,,0.00041902544374909124,,6.38711700120175,,2.4227055811690312,,2.1748774210324093,,9.036123811234596,,3.6802188580675517,,2.950984279049333
LT_1666,1,fold1,2,,0.0004195405638102081,,6.701662306439368,,4.04674231778218,,3.552758142814439,,8.559179874050193,,5.132688349703799,,4.609954705949522
LT_1667,1,fold1,2,,0.0004174081771406695,,6.502461642388945,,2.1773065281203006,,1.9215333535534718,,8.376521325134227,,2.8880616162526223,,2.383839758091637
LT_1670,1,fold1,2,,0.00041577964647033887,,6.595482927820089,,2.8502068104935363,,2.435039807825621,,8.081381302935663,,4.231926743841659,,3.7180015489420253
LT_1679,1,fold1,2,,0.00040892407012813395,,7.1187506442567,,4.232456291053812,,3.4292074941215334,,8.723467596522164,,5.339688083999274,,4.513279870280916
LT_1683,1,fold1,2,,0.0004109351592497222,,6.3708862608949115,,2.737441724141015,,2.3273028415101105,,7.590548160994116,,3.5902541534890653,,2.987397843626181
LT_1685,1,fold1,2,,0.0004113514704510504,,7.1103359527071435,,2.4863712023940083,,2.197231653762155,,9.03560728143207,,3.834943459487465,,3.039696537150867
LT_1686,1,fold1,2,,0.00041077511779087465,,6.546660727196451,,2.448975740384927,,2.1536409684600986,,7.6443139983326605,,3.2819897528739346,,2.9038482678742343
LT_1687,1,fold1,2,,0.00041033338443142824,,6.554845775475039,,2.5526177500315312,,2.2595144097884297,,8.39161473836978,,4.252411881428286,,3.5357469168331566
LT_1690,1,fold1,2,,0.0004098215731820152,,6.738886723553924,,4.23263422637879,,3.540630981172672,,8.06573830490798,,5.342407023236621,,4.713748223807047
LT_1692,1,fold1,2,,0.0004100727457318643,,6.784609770083644,,4.444197143749456,,3.57704259805541,,8.324615379767236,,5.593651707617202,,4.934482502753786
LT_1693,1,fold1,2,,0.00041082834139649464,,6.802223017620922,,4.050396546141957,,3.4361258844663998,,8.400673561749342,,5.25160008649518,,4.463549573899604
LT_1694,1,fold1,2,,0.00041203905638946374,,6.875624672743501,,2.4907653855376632,,2.1833901887970866,,8.860881262146576,,3.7539328398744556,,2.9481874997452504
LT_1695,1,fold1,2,,0.0004091748787900945,,7.124149488860901,,4.246766716874758,,3.4705078308983124,,8.906808068757071,,5.3052526926396055,,4.601049222425642
LT_1696,1,fold1,2,,0.0004095238858964779,,7.047600285594333,,4.606876323902256,,3.776990142724244,,7.992644217336996,,5.927028701225548,,5.334031999396731
LT_1697,1,fold1,2,,0.00041116549289683946,,6.416594875496091,,2.486508284452026,,2.145570795278334,,7.6457153328640866,,3.272024671653262,,2.78514049617249
LT_1702,1,fold1,2,,0.0004097795980872194,,6.557609167618611,,2.6143908541013534,,2.2999952269072375,,8.578850682996455,,3.8298225025349737,,3.082294608500272
LT_1704,1,fold1,2,,0.0004102122474554191,,6.753600865458819,,2.5863213870624335,,2.2458250016643038,,7.916859876758356,,3.8927142626527833,,3.2620469669126804
LT_1722,1,fold1,2,,0.00041400751920613564,,6.829725800589185,,2.5377757071612788,,2.2797259975246345,,8.869576846022106,,3.452017738541082,,2.8811900581911836
LT_1743,1,fold1,2,,0.0004125474876408852,,6.6717630451955925,,2.417339778213803,,2.170305081033497,,8.183499091119423,,3.3576339079288315,,2.8436882091968623
LT_1781,1,fold1,2,,0.00041575300960437246,,6.619345975430513,,2.519116026629905,,2.2081639783946065,,8.485120100761199,,3.4392109282999423,,2.85905827883408
LT_1783,1,fold1,2,,0.0004136200771614612,,6.617078138740873,,2.413616636432618,,2.111644401682973,,8.268410386611341,,3.406281333094134,,2.8600282730648483
LT_1784,1,fold1,2,,0.00041408868088061053,,6.885970775524648,,2.6274526756289394,,2.321325887553703,,8.180546378183449,,3.4411229321486525,,2.8074631884113734
LT_1833,1,fold1,2,,0.00041080374377903267,,7.088433616869706,,2.8316523705169505,,2.4340042123188206,,8.715567943485919,,4.158460105316454,,3.4791640705789058
LT_1834,1,fold1,2,,0.00041011712406443385,,7.050852350533706,,2.9849475505595375,,2.6085005791815234,,8.954184108686839,,4.257704395671634,,3.494797599021569
LT_1836,1,fold1,2,,0.0004105613564107883,,6.890306509105928,,2.9253282514864485,,2.568899307978269,,8.78812565058518,,4.6752262764640315,,3.9073780222873364
LT_1837,1,fold1,2,,0.00041130355357022787,,6.53793987390218,,2.5100670804880143,,2.175655814551381,,8.325657009925221,,3.6524663409943896,,3.1338098784989032
LT_1839,1,fold1,2,,0.0004109678923184326,,6.766172884840233,,2.618931428716261,,2.2096772725383875,,8.30722562407345,,3.4863900709800975,,2.8114690720073914
LT_1840,1,fold1,2,,0.00041222691095408985,,6.601025900774819,,2.846873559909296,,2.4348093155224206,,8.5783865032173,,4.000200115433857,,3.2902391978658097
LT_1841,1,fold1,2,,0.0004090035739080528,,6.92627587947871,,4.216885599732961,,3.5211489571878523,,9.055873903610266,,5.435753434455353,,4.710569989519971
LT_1854,1,fold1,2,,0.0004165392272819802,,7.403361641622257,,3.0611930170043684,,2.6792378275143762,,9.734019233335868,,4.435993306168781,,3.75396945442702
LT_1855,1,fold1,2,,0.00041428382489528195,,6.7544167252973715,,2.43060430307922,,2.2043796953844708,,7.928564939868806,,3.391972539187466,,2.881426558897016
LT_1878,1,fold1,2,,0.0004177080420220969,,6.614026535335455,,3.87651916664042,,3.447584482228865,,8.331738236311057,,4.79615707545976,,4.258207439229347
LT_1879,1,fold1,2,,0.0004183545935455991,,6.498116793758701,,2.4471421511778053,,2.2165959568704428,,8.03675074761159,,3.308287152839073,,2.8980005653509333
LT_1897,1,fold1,2,,0.00041600168857273793,,6.422654886233565,,2.435308845300622,,2.1900312995035414,,8.340652399650564,,3.4823379237331595,,3.054792786425008
LT_1904,1,fold1,2,,0.00042090773616805695,,6.309272334975343,,2.4795627916148315,,2.202610079207499,,7.757259358669411,,3.1264675806849245,,2.737851717105152
LT_1937,1,fold1,2,,0.00040921213091848346,,7.369753080862876,,4.535678273928232,,3.7368018832767302,,9.973698148844456,,5.89838586839573,,5.179477109889723
LT_1938,1,fold1,2,,0.00041169317705397855,,6.835272781807757,,3.903252835818762,,3.2307937762379986,,8.814689172195521,,4.720834125124076,,3.9385738191044357
LT_2002,1,fold1,2,,0.0004180033220824043,,6.570767224629643,,4.385319874473314,,3.777420348171569,,8.47476713924994,,5.584768184182842,,5.112161295379999
LT_2004,1,fold1,2,,0.00041829698885996816,,6.482623530397097,,2.482724744506041,,2.250827878168486,,8.363910559652767,,3.5947305453452527,,3.1440207216774
LT_2005,1,fold1,2,,0.0004201690194528436,,6.7603431493442,,3.731873090107632,,3.281924236816875,,8.266858405599981,,4.473532982751679,,3.9118203668968157
LT_2007,1,fold1,2,,0.00041804006640478765,,6.713999790549264,,4.15917646157988,,3.5938691904375517,,8.611566114506996,,5.377004010584278,,4.859687119882885
LT_208,1,fold1,2,,0.000420158802725756,,6.390554564990405,,2.1128236784526946,,1.894953763934384,,8.056918695940192,,2.6902681244173365,,2.2884287115549062
LT_221,1,fold1,2,,0.00041455242056191895,,6.3299317099718015,,2.3911053054576814,,2.1024795461477415,,7.815540767868107,,3.225150767017951,,2.808382385324279
LT_231,1,fold1,2,,0.0004137464472430165,,6.781446449233489,,2.5521191315639755,,2.2008345947219237,,8.34077835661832,,3.3347930187290125,,2.7783139029856962
LT_238,1,fold1,2,,0.0004339377208481595,,6.769033174943042,,2.4899552329202974,,2.176406582631341,,7.590245180108396,,3.282365808286153,,2.769937770387002
LT_239,1,fold1,2,,0.0004123159004085202,,6.796130548045954,,4.144712711521479,,3.4723749142293583,,8.426894522997292,,5.112863252332794,,4.506607779513055
LT_24,1,fold1,2,,0.00041471109916159897,,6.618352618679375,,2.253205283981472,,1.9925724973052101,,7.7277781442532545,,3.1114896192626165,,2.760476850874514
LT_244,1,fold1,2,,0.0004304288740909091,,6.625289357447477,,2.787274906590243,,2.4249062790882485,,7.818882448548195,,4.27828221005441,,3.7166502653579805
LT_251,1,fold1,2,,0.00042269262594130975,,6.39519913485594,,2.2292873436091196,,2.0026257894357724,,7.870956624262472,,3.0378443118181666,,2.662787955353685
LT_257,1,fold1,2,,0.0004139046746023563,,6.881358023863432,,4.168707976026021,,3.512031334318758,,8.60132469535182,,5.187072964942974,,4.585683207561705
LT_260,1,fold1,2,,0.0004159425223990605,,6.487113165764587,,3.986590463669719,,3.495121346074362,,8.86303095327827,,5.207661785635614,,4.598175186755714
LT_281,1,fold1,2,,0.0004187662063030364,,6.4090891663329215,,2.475840189453882,,2.163068519535319,,7.660747470241693,,3.2581203265425045,,2.7001283305586847
LT_286,1,fold1,2,,0.0004167294331784248,,6.732899573390859,,2.7368134103433395,,2.3326663986511225,,8.955504247054392,,4.255495422223535,,3.7019033840702082
LT_292,1,fold1,2,,0.0004209568133897029,,6.509043223330134,,2.624697613562522,,2.2721273787338157,,8.016268875619382,,3.934709249802942,,3.3619910946441367
LT_294,1,fold1,2,,0.00041675477873382924,,6.444111826738294,,2.3229946064047584,,2.0256456489262606,,7.834227155445692,,2.7287028201776584,,2.351615830658493
LT_295,1,fold1,2,,0.0004161584932948683,,6.4372151344227015,,2.667367029014939,,2.336064083437173,,7.79337296268391,,3.4901861399631833,,2.9882065826826203
LT_299,1,fold1,2,,0.00041752806635910605,,6.798719563045981,,2.8172519361793644,,2.4407016015948715,,8.229503937827719,,4.127672617181078,,3.500189698112843
LT_309,1,fold1,2,,0.0004133884521368668,,6.909462339465627,,4.651754213304113,,3.713642893088149,,7.61782922592255,,5.669881602712727,,5.12685829113998
LT_312,1,fold1,2,,0.0004223845571592784,,6.730735611534923,,2.6720539673792234,,2.4324728204592936,,7.945251348050169,,4.215354334631136,,3.6538935623411506
LT_32,1,fold1,2,,0.0004193123992229878,,6.473419653176924,,2.429793425445932,,2.1236045704259903,,7.947333375002296,,3.1481532144401827,,2.708900090477904
LT_327,1,fold1,2,,0.00042116181154155594,,6.55878140766811,,2.306247833694378,,2.0807107554689463,,8.284906573475878,,3.239979517646959,,2.728417618933096
LT_336,1,fold1,2,,0.00042194617424306906,,6.46317492164178,,2.273446232967988,,2.0651857117444363,,7.709840713829158,,2.9620653901090996,,2.5910688536379585
LT_346,1,fold1,2,,0.00041316471096330444,,6.6782664775900775,,4.038662590351062,,3.3851326895588616,,7.928605750431022,,5.088104765924751,,4.325310117482224
LT_347,1,fold1,2,,0.0004140242200041805,,6.506953445348366,,3.880380592439624,,3.186576224840952,,8.108272121073181,,4.5859374044282015,,3.936360826199222
LT_350,1,fold1,2,,0.0004144821297814988,,6.846801895129636,,2.854922569592583,,2.387131255361163,,8.493402676751144,,3.894612480968685,,3.1960653211882994
LT_357,1,fold1,2,,0.00041358866195497987,,6.834163168127306,,4.4135535469657325,,3.606530847918426,,7.812020978543785,,5.57202215354794,,5.131256056310235
LT_37,1,fold1,2,,0.00041476664908480197,,6.5817052337603466,,2.6031405684862046,,2.2578079027896,,8.100433609044297,,3.891612434133621,,3.3839597299875006
LT_374,1,fold1,2,,0.0004186852875558249,,6.386741022542026,,4.0434697362442655,,3.437379752498022,,7.750410089152145,,4.726245579227993,,4.179379647458923
LT_385,1,fold1,2,,0.000410810565616624,,7.618162092145948,,4.547596052351187,,3.753730654968479,,9.744445836013508,,5.714566960881584,,5.147228197636427
LT_388,1,fold1,2,,0.0004122971141744588,,6.775373822854081,,4.118912169769614,,3.4080015259600733,,8.173612143785231,,5.232616756742545,,4.428958472627737
LT_390,1,fold1,2,,0.00041419567593887346,,6.795699145076596,,2.5543969259106105,,2.1721080611128913,,8.591317651958668,,3.608606053634191,,2.8734074591646186
LT_391,1,fold1,2,,0.0004179788994578496,,6.584557693856046,,3.9972194074373473,,3.3336000857066703,,7.915202389144257,,4.74990885482974,,4.040223914155555
LT_393,1,fold1,2,,0.0004155793457390859,,6.802664530479591,,4.052230484803109,,3.358034053696765,,7.605330006192758,,4.869668079182244,,4.2346553296389615
LT_394,1,fold1,2,,0.0004179700242415794,,6.735515640834532,,2.6690621479508567,,2.350489878945856,,7.959675750016652,,3.9315497769629215,,3.447320750696716
LT_397,1,fold1,2,,0.0004140426579695329,,6.333592711210962,,2.176530753103215,,1.8713901814292457,,8.0241017921149,,2.8415844429637294,,2.306183628000365
LT_4,1,fold1,2,,0.00040936891317560654,,6.987178516923796,,2.5486820325750723,,2.24743245742623,,9.156009730530355,,4.070256360489709,,3.2001509748081003
LT_40,1,fold1,2,,0.0004138954266744918,,6.681574156109642,,2.7787964422296807,,2.385498717233973,,8.051055996109056,,4.1094162679687445,,3.690284372573205
LT_408,1,fold1,2,,0.00041884583790651603,,6.47591547311778,,2.7304877940864714,,2.4371066599032982,,7.940079877752607,,4.051979462061414,,3.5906107013421003
LT_409,1,fold1,2,,0.0004140046073903888,,7.075806143076832,,4.224860007357454,,3.429187951371238,,8.743043935429014,,5.0772319101831345,,4.308254209304028
LT_41,1,fold1,2,,0.00041324959425980724,,6.557344896807844,,2.6562572893084546,,2.276230811625254,,8.191600555888135,,3.980863806397145,,3.52565013800732
LT_412,1,fold1,2,,0.0004131482959855333,,7.156779958484861,,2.6622504117195414,,2.360587282581939,,9.094749966843244,,3.9091664749250374,,3.220973650022495
LT_416,1,fold1,2,,0.00041549330902135827,,6.628717739086615,,2.3834064472896217,,2.0924524103216067,,8.273961024805837,,3.2320304555934003,,2.7472014982416124
LT_419,1,fold1,2,,0.0004192723556243564,,6.515805271081224,,2.944754893132478,,2.587076913169533,,8.110768011711459,,4.3507697240735155,,3.7526338711826797
LT_421,1,fold1,2,,0.0004145287091882263,,6.447651018930192,,2.502525364101595,,2.1994702637184056,,8.053717579825369,,3.6306781392266414,,3.1831637797935155
LT_422,1,fold1,2,,0.000416113131328482,,6.701960747575354,,3.9510727585036576,,3.4203385073309174,,8.068977224425566,,4.635476932278031,,4.1800271070581765
LT_423,1,fold1,2,,0.0004150193483029897,,6.825228033498354,,2.4790825049757603,,2.1553745153315442,,8.442294089635894,,3.2675410569781325,,2.595762721894893
LT_424,1,fold1,2,,0.00041272504945360014,,7.4147825273679775,,4.503134252922299,,3.700471766304195,,9.119828881726704,,5.687673552031903,,4.956598666696471
LT_425,1,fold1,2,,0.00041351133036162876,,6.993691315926724,,2.4999342260972512,,2.1505376331855985,,8.78720734022356,,3.7519066285629155,,2.937024952000489
LT_427,1,fold1,2,,0.00041204933540106396,,6.788284290430821,,2.5937668222712804,,2.3043372617461317,,8.309036346915951,,4.036604010240561,,3.547007024582972
LT_432,1,fold1,2,,0.0004159259313098653,,6.242699890337783,,4.079387390178985,,3.4842160733809533,,8.168337708195216,,5.044777556165226,,4.494372673458858
LT_433,1,fold1,2,,0.0004124541376098797,,6.674132936699967,,2.8208435999744172,,2.456475284323545,,8.45993546900512,,4.250668385814722,,3.6408870662062034
LT_435,1,fold1,2,,0.00041451051673630467,,7.1697338381145475,,4.2177491918729215,,3.4398726447763996,,8.464181596134182,,5.026435847991035,,4.273536239061892
LT_436,1,fold1,2,,0.000421637450895471,,6.337882149294897,,2.2601299011110094,,1.9939060264123247,,8.115676454449384,,3.4334035241214633,,2.8828865294832795
LT_44,1,fold1,2,,0.00041102004949039074,,6.607197943528161,,2.600065600114642,,2.2347461491756078,,8.481580026799229,,4.249992493310615,,3.6205318817929557
LT_442,1,fold1,2,,0.0004148831111624573,,6.351879442903599,,4.118084118015633,,3.5642583372148313,,8.222865650763541,,5.321166953237064,,4.836848977658813
LT_443,1,fold1,2,,0.0004142124049577676,,6.741198938496117,,4.111615268826209,,3.5327243728898514,,8.07150196864966,,5.110911225314601,,4.67313757297285
LT_445,1,fold1,2,,0.0004137030013074156,,7.175602075575357,,4.291626585237988,,3.72886509522739,,9.589801029048267,,5.471643805787755,,5.0985493687049255
LT_446,1,fold1,2,,0.00041305135204764733,,7.469043266632569,,3.0847736835879425,,2.654028249970384,,9.487482575294134,,4.873688462474652,,4.046890908527167
LT_450,1,fold1,2,,0.0004174234539793594,,6.606261374510712,,2.173819905992007,,1.8871635456891334,,8.123136617615893,,2.7403919628116955,,2.252358259774139
LT_452,1,fold1,2,,0.0004119619331982502,,7.0071207633505965,,2.707652930850398,,2.3483628659697504,,8.861026051898268,,4.128291795593597,,3.3207225608433117
LT_453,1,fold1,2,,0.0004143012023723469,,6.473335741900392,,3.8050596056594057,,3.1818085880400284,,7.939741537714763,,4.50790551946732,,3.9886532873776677
LT_456,1,fold1,2,,0.0004100668234764595,,6.7876475842130475,,2.561082161040805,,2.2726736047102905,,8.874507145740337,,3.733917387148091,,3.1468961907869635
LT_46,1,fold1,2,,0.00041601159461982645,,6.793933182741022,,2.995718850840268,,2.587425524376039,,8.184169352928555,,4.941557362449028,,4.207760464337507
LT_463,1,fold1,2,,0.0004135632100201996,,6.4619954096781145,,2.6486773236534265,,2.2963815353228028,,7.861239554179484,,3.6513104775450893,,3.0614480272745275
LT_467,1,fold1,2,,0.00041224902201421505,,7.149441842809081,,2.9276925656391968,,2.4725592195426804,,8.54755842391452,,4.621519014159444,,3.806576240966294
LT_469,1,fold1,2,,0.0004115589964418156,,7.054867043357224,,4.082586933801824,,3.299831605402805,,8.737639672575034,,5.164440120531872,,4.302449075950589
LT_471,1,fold1,2,,0.00041254156121013803,,7.856585374303409,,4.725748171288089,,3.798338423750257,,10.092633394418433,,5.9962292749081785,,5.380989653098939
LT_475,1,fold1,2,,0.00041375979541556293,,6.528876655104254,,2.357999779113582,,2.006975985298758,,7.711859028082311,,3.229572182967061,,2.720282681287983
LT_483,1,fold1,2,,0.00041103823502915485,,7.171113336740056,,4.435731532646429,,3.5995936176905943,,8.654954594506224,,5.59427416348817,,4.8751737726646125
LT_485,1,fold1,2,,0.0004126188115019785,,7.139600303056328,,4.200048092515705,,3.414383279674736,,8.656704346788489,,5.2568488279442045,,4.4175388323891704
LT_486,1,fold1,2,,0.0004124719379253912,,7.410888729733885,,4.719158298596266,,3.87324377462978,,9.23772336897173,,6.012387494472744,,5.299811911692962
LT_49,1,fold1,2,,0.0004172717936125926,,6.2430843496615065,,2.7096573067928276,,2.35049443936516,,7.949590652482919,,4.004642870622107,,3.511466597823041
LT_492,1,fold1,2,,0.0004201362061357107,,6.193016393670268,,2.4070395830111657,,2.135401827885843,,8.971692354261862,,3.667256571656951,,2.9560805272052626
LT_498,1,fold1,2,,0.0004194603341538452,,6.45930925876542,,2.3851079480306003,,2.023352548018963,,7.6579987865460755,,3.2094476804384415,,2.717008745519766
LT_500,1,fold1,2,,0.000412898936413884,,7.125640933456926,,2.628099419178782,,2.2289970961670993,,8.638944537964482,,3.7822718523099943,,2.955747145955461
LT_502,1,fold1,2,,0.0004132932425643752,,6.772586513332423,,4.350653224122226,,3.7269311442852433,,8.143583498172472,,5.347951499291886,,5.051311974441446
LT_508,1,fold1,2,,0.00041379414519243825,,6.916385862813201,,2.7196810662662347,,2.3455443949211356,,8.989794901850432,,4.336855692333501,,3.530084508740826
LT_509,1,fold1,2,,0.0004139471970105082,,6.408974913571553,,2.374718499460581,,2.1503258863043957,,8.06851763638773,,3.518330973763026,,3.114370561550148
LT_51,1,fold1,2,,0.00042041562535846677,,6.491412784573444,,2.4167427733446964,,2.062672795599089,,7.977607903781324,,3.1383329446498043,,2.6632761146967123
LT_510,1,fold1,2,,0.00041016080556375255,,7.047826945962586,,4.563808106404795,,3.689533158822197,,8.630860125020519,,5.611539926774436,,5.173979791433478
LT_517,1,fold1,2,,0.00041553549464179267,,7.823683503835335,,4.562632043976721,,3.7231260764722354,,10.112969208220926,,5.778708741695093,,5.177457401337195
LT_518,1,fold1,2,,0.0004130652563924808,,7.319217759983079,,3.0146053729818414,,2.55372798182198,,8.857364471739244,,4.579409287308134,,3.6495703290671893
LT_519,1,fold1,2,,0.0004129975734680647,,7.119693258958622,,2.8630693797974107,,2.3853385036889687,,8.53438389893787,,4.052501616802284,,3.226451908919173
LT_523,1,fold1,2,,0.00041498741321884317,,7.019269431540241,,4.115604432676002,,3.397960110233178,,8.765169456428355,,5.159370428903449,,4.235723042572443
LT_524,1,fold1,2,,0.0004122441089476729,,7.134528800514157,,4.31529669689014,,3.5205228967927877,,7.999206263551557,,5.3937076186186115,,4.579434058699141
LT_527,1,fold1,2,,0.000416060628303452,,6.474441997426778,,3.702085420924505,,3.1917041694843515,,8.301051970498555,,4.666446838457035,,3.999213236290511
LT_528,1,fold1,2,,0.00041319593317181054,,6.384129067320827,,3.8786293707378476,,3.2350646800765173,,8.145698814662188,,4.769388626230887,,4.128557712429328
LT_530,1,fold1,2,,0.0004099378240395128,,6.952055398609565,,4.087710574956994,,3.3783082443936925,,8.512719750686035,,4.923282352870965,,4.23683007329224
LT_531,1,fold1,2,,0.0004127692191501827,,7.379083221398561,,4.26748925519697,,3.452868565336937,,8.947045099899164,,5.455275250518167,,4.572218797060894
LT_536,1,fold1,2,,0.00041602783834671954,,6.79749409840867,,4.592889954347002,,3.7733180542652547,,8.101206181315819,,5.4711829777658,,4.971667316050155
LT_537,1,fold1,2,,0.00041402845772517925,,6.877553105428993,,2.5398185166896288,,2.1511276397844923,,8.627156449712889,,3.6381507636342962,,2.8308535808565134
LT_539,1,fold1,2,,0.0004173451188700019,,6.353889295138099,,4.090691047989293,,3.441704345628109,,8.06029955870744,,4.9566783929873255,,4.3053222955680175
LT_540,1,fold1,2,,0.00041017396093330667,,7.024901254677521,,2.7811336940631177,,2.3337841056208677,,8.639568891084876,,4.080973129653323,,3.356541330846264
LT_543,1,fold1,2,,0.0004172205944104543,,6.210044805867041,,3.767749929143959,,3.1518678337422394,,7.9516344109953065,,4.346159847839079,,3.751810613578844
LT_544,1,fold1,2,,0.0004113228986881469,,6.536340567879566,,2.4861074990734107,,2.2169879123124243,,8.510059139514619,,3.4044923836209753,,2.7925469963398593
LT_547,1,fold1,2,,0.0004116344461686152,,6.415367626432631,,2.321990051151277,,2.029541099201536,,8.780940835118384,,3.7132374888211537,,3.0845148286419213
LT_548,1,fold1,2,,0.00041032227154699785,,6.658696633429002,,2.4247675513582325,,2.1719788890346585,,8.44738639000018,,3.551451709273101,,2.9254568390834863
LT_551,1,fold1,2,,0.00041568818855852556,,6.596660193350909,,4.0940146573704235,,3.415872184683128,,7.82728192412853,,4.756651642172854,,4.240450591471815
LT_553,1,fold1,2,,0.00041859170970419586,,6.4453552155409,,2.254737445576981,,1.9726155719996956,,7.926856017370269,,2.9888545172161907,,2.551895604394821
LT_555,1,fold1,2,,0.00041959276615834325,,6.459093641165965,,2.374015181965008,,2.210079878221166,,8.416363770335842,,3.5239477955294514,,3.023765831600263
LT_558,1,fold1,2,,0.00041606668325768793,,6.688364800913404,,4.192414738890989,,3.5902127751850417,,8.334524740729718,,5.013102464776258,,4.61901465157946
LT_559,1,fold1,2,,0.0004115950417020696,,7.333617317974941,,3.0132006638003634,,2.5652654146420515,,9.136718760645893,,4.789878238259103,,3.9901067422047483
LT_560,1,fold1,2,,0.0004101465729790914,,6.987863468074012,,2.5681549515909188,,2.2509620939841284,,8.519447742321963,,3.790480970365105,,3.1326044789873375
LT_564,1,fold1,2,,0.0004140886768795298,,6.499849133291849,,2.639086030593957,,2.3116416271917486,,7.445355873717552,,3.312309300214931,,2.7864550340792094
LT_565,1,fold1,2,,0.0004146744914883139,,6.489658404455747,,2.4017743941605367,,2.111588701344894,,8.06509909950598,,3.1475714370432883,,2.7060619284967706
LT_567,1,fold1,2,,0.00041884254693018604,,6.34904713796618,,2.3085266881446236,,2.050365537397137,,7.965955737249215,,3.0634017802596594,,2.5944099330974684
LT_569,1,fold1,2,,0.0004142544397373899,,7.135182401854061,,4.251760156892858,,3.527782501642478,,8.097452589254145,,4.914049825156154,,4.196445953986668
LT_573,1,fold1,2,,0.0004131396077585135,,6.446828986883987,,2.2335425125626247,,1.9268939088180606,,8.146523670772066,,3.0864529848886435,,2.6108774837096473
LT_58,1,fold1,2,,0.00041164153517194574,,6.666795475056421,,4.158752850880404,,3.2694799683047027,,7.662214481440403,,4.856761736896217,,4.181732506920611
LT_585,1,fold1,2,,0.00041701903017805214,,6.955778618611148,,2.557410391908887,,2.226113551361564,,8.729109740205718,,3.7424341197366795,,2.9848968097784834
LT_586,1,fold1,2,,0.00041163896396841614,,7.1814699364707195,,4.445150844612764,,3.657952585330621,,9.11911957253838,,5.836665303252287,,5.185532248057409
LT_587,1,fold1,2,,0.0004104411317183247,,7.207842262225368,,2.6442488181560124,,2.35320800937352,,9.39373532600504,,4.37986622363509,,3.5356820013174897
LT_59,1,fold1,2,,0.0004120178458292007,,7.127277774929667,,3.1171335388293504,,2.6786632393403327,,10.104237006890466,,4.738497116470004,,4.018262458755373
LT_590,1,fold1,2,,0.0004090397542543967,,8.117945842124152,,4.591658112677952,,3.8040316754795365,,10.75467057220697,,6.130375300531082,,5.451125797041689
LT_592,1,fold1,2,,0.0004155182478930014,,6.099243961984098,,2.232837753162014,,2.0318269925355446,,8.158953878145473,,3.11419046200508,,2.7048805067810155
LT_593,1,fold1,2,,0.0004123138681611082,,6.918699875885437,,2.5019585997278733,,2.1584193562045537,,8.656916301528325,,3.8669533844123833,,2.969905127864727
LT_595,1,fold1,2,,0.0004150394864180038,,6.7165325852929,,4.371577319297616,,3.7384591238872247,,8.705612653588265,,5.547679015091085,,5.019636965230889
LT_597,1,fold1,2,,0.0004141347513431943,,6.743784429765338,,2.8534149090619456,,2.4277784793984023,,8.68174306029538,,4.040283849222495,,3.3020382888236437
LT_598,1,fold1,2,,0.0004162232881603292,,6.8981700437471,,2.6342322857450853,,2.4122738305391143,,8.533219148522678,,3.40264321753253,,2.8949790576320447
LT_601,1,fold1,2,,0.0004172358837841953,,6.744797561276037,,3.9755205613328854,,3.3435264433187206,,8.032470973319535,,4.673599097775553,,3.9832854087271903
LT_604,1,fold1,2,,0.00041456101937989605,,6.330509264704638,,2.2300367936172516,,1.9667809886466263,,7.652863635665167,,3.02888051716686,,2.5054464450446314
LT_605,1,fold1,2,,0.0004123507261411981,,7.194542018947708,,4.327747193393797,,3.4861479971907605,,8.711086413122404,,5.276417257820907,,4.4823563498078585
LT_611,1,fold1,2,,0.0004114952190634319,,6.611643073290772,,2.9450011515865175,,2.5208529428762447,,7.594495982379969,,4.435416371920781,,3.9434714956976618
LT_612,1,fold1,2,,0.00041324498813652584,,7.156528314672776,,3.0366499800529816,,2.6125459915625893,,8.617442189514424,,4.61669588181032,,3.8545440871472887
LT_613,1,fold1,2,,0.0004110158465588515,,6.975202847092932,,2.8587014930136245,,2.4251943156473597,,8.484433128502195,,4.00462392124846,,3.258109616773252
LT_614,1,fold1,2,,0.00041262095588572197,,7.172956845162069,,4.400095321148707,,3.626429164561412,,9.359560118401843,,5.8783050243054396,,5.054967944455124
LT_615,1,fold1,2,,0.0004136692023965823,,7.075184199532956,,2.698546941355488,,2.4599428547693534,,8.789876257748036,,3.7631908506043836,,3.157693406893932
LT_616,1,fold1,2,,0.0004133827967459005,,6.976129487347844,,2.6642180822641515,,2.2431381287859224,,8.689200778618448,,3.823203093382161,,3.092174244778006
LT_617,1,fold1,2,,0.00041248420959249556,,7.349757778740761,,4.4111836317004265,,3.6879269964088524,,9.500308934923938,,5.707044031108749,,5.026748284402876
LT_626,1,fold1,2,,0.00041354697799103265,,7.14719621356598,,2.654843906259674,,2.330471748130592,,8.956435557103157,,3.935434211517049,,3.220632976279263
LT_628,1,fold1,2,,0.00041259442674351776,,6.961241162047205,,2.5324428658028784,,2.2489683100306883,,8.581609825706764,,3.7055824693548973,,2.9129245474316843
LT_629,1,fold1,2,,0.00041237458806585477,,6.909713464565083,,4.379218072563161,,3.4781246757974396,,7.989968117872955,,5.509045516482844,,4.647438586754211
LT_63,1,fold1,2,,0.000418649470667597,,6.423006140101501,,2.37276679945581,,2.0702484404453405,,7.905110108685961,,3.0202140484110522,,2.559763975710551
LT_638,1,fold1,2,,0.0004106674708571449,,6.605404556610256,,2.5926515726981063,,2.2441466566371218,,7.999180055907159,,4.193099273592344,,3.5156232790000455
LT_64,1,fold1,2,,0.000413843929943836,,6.659289043666319,,2.6565529784068933,,2.3070928455586053,,8.162780303688017,,4.000292542861254,,3.4946571544888827
LT_642,1,fold1,2,,0.0004099047814224554,,7.10700775864302,,4.088240369385018,,3.3716149934293207,,8.83291065041845,,5.132236002922504,,4.278047766616478
LT_643,1,fold1,2,,0.0004127173621928607,,7.436301698502469,,4.6550527686786625,,3.803437763507053,,9.090267664746243,,5.877700195154682,,5.21572375756605
LT_644,1,fold1,2,,0.0004135751341306868,,6.717487077127479,,2.9068799286738867,,2.5180175892788808,,7.835248398190659,,4.018366070795342,,3.353035180998191
LT_645,1,fold1,2,,0.00041374677059064814,,6.676707159663053,,2.4834981865004466,,2.2059665050476203,,8.459047055770114,,3.6087310166682585,,2.878036275798594
LT_647,1,fold1,2,,0.00041304378892150113,,7.158258231132368,,4.154863333526553,,3.5118946532991355,,9.003092343891153,,5.448393511460062,,4.678390480685152
LT_66,1,fold1,2,,0.00041616915727862684,,6.520416876313641,,2.706628169100466,,2.388661446346136,,8.008644544628874,,4.263636896706783,,3.719362024895522
LT_660,1,fold1,2,,0.00041374138248974693,,6.755484869193463,,4.018451628584255,,3.2806510096508643,,8.299452149575837,,4.689760739353848,,3.927532350062412
LT_661,1,fold1,2,,0.00041268483552354095,,6.7572915389748145,,2.552346115356809,,2.2329135392359465,,8.67166024075312,,3.931790234138076,,3.154333146702383
LT_662,1,fold1,2,,0.00041321989907990193,,7.032872248977875,,2.461789115918917,,2.14618302726185,,8.695011925450766,,3.4155684859793425,,2.7752988000117744
LT_663,1,fold1,2,,0.00041285750167224106,,6.6619429998383435,,2.449549379249689,,2.145704498712631,,8.349771203392063,,3.041371183695278,,2.6374499189499585
LT_665,1,fold1,2,,0.00041143305857238056,,7.032182021727109,,3.0193527786846404,,2.6339753009097135,,8.722403320065062,,4.6111546147320475,,3.9328527870251575
LT_67,1,fold1,2,,0.00042739060637006845,,6.175473666415626,,2.2736326758447687,,2.0058055439868463,,9.396398323479874,,3.7250875935090884,,2.996618845226771
LT_678,1,fold1,2,,0.00041269068879498487,,7.599231003486489,,4.465701884735606,,3.688279531099387,,9.343559710397724,,5.8371221266540205,,5.052531184887611
LT_682,1,fold1,2,,0.00042089940289832296,,6.894232465832701,,2.840905861979942,,2.4383888164917167,,9.660656036855318,,4.49265118431733,,3.7270635403657297
LT_684,1,fold1,2,,0.0004155998029334168,,7.101345941200755,,2.82001122210998,,2.405641797235963,,9.373413530376213,,4.360200730529921,,3.802454364894401
LT_686,1,fold1,2,,0.0004176864742716311,,6.504016858458099,,2.1971251300583168,,1.8695642607385394,,8.05167770175916,,2.6564925186772026,,2.231835706152195
LT_687,1,fold1,2,,0.00041849076892280963,,6.58243106454139,,2.2514608679955166,,1.9934654146978517,,8.140321647262335,,2.705154028945067,,2.282080336606933
LT_688,1,fold1,2,,0.00041314820869164937,,6.634810767620265,,2.719468007805784,,2.342278127024377,,7.969035217107169,,4.032362647203173,,3.5062513465537295
LT_695,1,fold1,2,,0.00041334276539184943,,7.197180968568078,,2.947213664242469,,2.51733871404033,,8.798375894342032,,4.2798331524251285,,3.4353501951569254
LT_70,1,fold1,2,,0.00041667464706635765,,6.467428788046932,,2.3771228038095926,,2.0691555287949748,,8.074989473539256,,3.153705926083413,,2.6959437888067064
LT_700,1,fold1,2,,0.00040976043022335207,,6.892250730000455,,4.314308850319421,,3.5308843825574314,,8.262335894664277,,5.50114400229912,,4.758470614469912
LT_701,1,fold1,2,,0.0004098151419513075,,6.961701480195149,,4.451499474722495,,3.7035958517799736,,8.953191816160993,,5.822737782167796,,5.124439646929874
LT_702,1,fold1,2,,0.00041028086547121277,,7.290323161683065,,4.443432271554127,,3.600119675953958,,8.842640333244793,,5.8418999401731115,,5.062465553522734
LT_704,1,fold1,2,,0.00041338843609866303,,6.898700673157257,,4.381386734737379,,3.5796796575260195,,8.222293950658168,,5.546740167437679,,4.791780875237969
LT_705,1,fold1,2,,0.00041285997898935986,,6.692524793974516,,4.36328158511367,,3.590903358451149,,8.85400505188906,,5.361372755505852,,4.729654377718558
LT_709,1,fold1,2,,0.0004098753159725594,,6.442933502049786,,2.4255333548417344,,2.1726342356825072,,8.069699602607512,,3.574680570186757,,3.0294648875629404
LT_71,1,fold1,2,,0.00041946967637400585,,6.294935253015715,,2.468702346895402,,2.144769299081368,,9.109168133626108,,3.8355922298454175,,3.1781223310586815
LT_710,1,fold1,2,,0.00041435549047186965,,6.491595141504675,,2.763756250433617,,2.3277878339623506,,8.213385327966988,,4.396784736973055,,3.7731071911069156
LT_712,1,fold1,2,,0.00041031552025271555,,6.7581414231242904,,4.03666871661053,,3.3600660157198257,,8.396418562718324,,5.065769367690342,,4.2556052747579525
LT_713,1,fold1,2,,0.00040956260024056085,,6.708674992302601,,2.564243509090364,,2.3337143794688626,,8.416199914249917,,3.621959143121107,,3.007049511063705
LT_714,1,fold1,2,,0.0004116376919203867,,6.506863156544731,,3.8917870308043034,,3.3252861279674275,,8.468958037850902,,4.998109123532175,,4.466272566288052
LT_717,1,fold1,2,,0.0004103463438023137,,6.679657565723628,,4.059436114467787,,3.3443904113353384,,8.214893180518668,,4.95859352114059,,4.2239654989699575
LT_718,1,fold1,2,,0.0004117984866868901,,7.27673506658443,,2.8824481895761447,,2.500106307663802,,9.297274435884711,,4.6467548852351515,,3.916076465537088
LT_722,1,fold1,2,,0.00042240231069578735,,6.403134143750495,,2.1661562274326425,,1.9473939935283473,,7.799487327651403,,2.7998268844823224,,2.359300671211078
LT_727,1,fold1,2,,0.0004107700602654814,,7.294136593904418,,2.782839992944143,,2.5093885489165064,,9.145467274407029,,4.199334774138099,,3.4289109219648406
LT_730,1,fold1,2,,0.0004101061342578066,,7.092957252535198,,2.660784565177136,,2.3114177927738107,,9.24018341993007,,4.198174456727519,,3.3827922668324417
LT_732,1,fold1,2,,0.00042058357122224874,,6.318325218233539,,2.6161706639499096,,2.2602014723099324,,7.878334438149669,,4.137215084558343,,3.5826768364920367
LT_733,1,fold1,2,,0.0004165150967189047,,6.5812693699734615,,2.799032201149607,,2.4270722503381537,,8.002104722132998,,4.202092595507573,,3.7291568506292028
LT_734,1,fold1,2,,0.00041073241828783885,,6.802911688987576,,4.230915065361821,,3.407911520784327,,8.30160712753218,,5.122459001607659,,4.322330962784187
LT_736,1,fold1,2,,0.00041890295063947043,,6.490769129257432,,2.3864422960352862,,2.1784345987578946,,7.8979937985872395,,3.367683421735774,,2.8083553487126776
LT_739,1,fold1,2,,0.00041386752593772745,,6.558198759864041,,2.2813507624279077,,1.9868243909225543,,8.05750902550056,,3.161979590325674,,2.748947971099121
LT_740,1,fold1,2,,0.0004123033879133639,,6.347232265615127,,2.3878305897695205,,2.0758243157736467,,8.45487810149281,,3.759203195286495,,3.1415906065950536
LT_741,1,fold1,2,,0.0004145209377901301,,6.684563355622455,,2.358033253600178,,2.016864905658315,,7.372529240835288,,3.1853878385839742,,2.6722878900314004
LT_743,1,fold1,2,,0.0004159032825523899,,6.430613725672172,,2.2308364412827313,,1.940092026949661,,7.648713101290132,,2.9289000724089482,,2.4466817520099857
LT_744,1,fold1,2,,0.00041158442204441807,,6.594318177806003,,2.5940407512532455,,2.2632905436752484,,8.02530561982438,,3.827266291397519,,3.2486087006237154
LT_747,1,fold1,2,,0.0004177293223707485,,6.3830321632693465,,2.1843814667675603,,1.9175978134533491,,7.834430723051105,,2.778299867893002,,2.2904147226938556
LT_748,1,fold1,2,,0.00041525665534340034,,6.706895934820199,,4.003407245733105,,3.393542242950648,,7.471574723310587,,4.757274133552703,,4.267138634455972
LT_75,1,fold1,2,,0.0004114514893070343,,6.920215162116501,,2.897410572659508,,2.4635376410804826,,8.67821259791077,,4.18189345125491,,3.3605196504826194
LT_751,1,fold1,2,,0.0004196880465694459,,6.604346707696906,,2.2386226303976433,,1.9887780553283567,,8.235974247864217,,2.9683127654645234,,2.5925946058827645
LT_77,1,fold1,2,,0.00041471247400287105,,6.293638506154437,,2.332072205798472,,1.9989008137356203,,7.751304114156746,,3.013653810929558,,2.5781607699568387
LT_779,1,fold1,2,,0.00041920856679314965,,6.833672558054799,,2.401814899416014,,2.1136563466924314,,8.352260828041521,,3.1422650200229736,,2.538008152644272
LT_78,1,fold1,2,,0.0004163218790356679,,6.237857682845195,,2.4001509423719742,,2.109350133742698,,9.092492146979641,,3.8597413719462934,,3.236547513546934
LT_781,1,fold1,2,,0.0004126370862205797,,7.338288092388138,,3.006083481566021,,2.603775933448378,,8.90054732282861,,4.588076255718406,,3.8073775197923503
LT_786,1,fold1,2,,0.0004132884432953461,,6.738554675760743,,2.8266652150564537,,2.5108530952796784,,8.843517257292385,,4.396942529886081,,3.7785635269114306
LT_789,1,fold1,2,,0.0004142868047713726,,6.902434703821793,,3.972612769943056,,3.307208649721524,,8.709183530351643,,4.811366103522038,,4.055869854027491
LT_79,1,fold1,2,,0.0004217215917425472,,6.5127057420924395,,2.4114855299047444,,2.088706337881998,,8.05579833937345,,3.12485843310034,,2.647599933529143
LT_790,1,fold1,2,,0.00041690892193377294,,6.916503856560909,,2.612483630713365,,2.232470300238416,,8.522656661018631,,3.6872060748660385,,2.9392486045161057
LT_791,1,fold1,2,,0.00041329829204302983,,7.1922045722610894,,2.6390526431751393,,2.3082002998284663,,9.10095866135543,,3.8896746019990487,,3.161396926498403
LT_792,1,fold1,2,,0.0004119679331995186,,7.026562252655299,,4.050774254979398,,3.4285517910631076,,9.010402723764539,,5.007999582918273,,4.339396178524272
LT_800,1,fold1,2,,0.000409924172588309,,6.660030868662328,,2.545342526126153,,2.240168761754152,,8.365822463033755,,3.5470571679750984,,3.020555580747515
LT_81,1,fold1,2,,0.00041462504172701253,,6.903875881504726,,4.081177694175053,,3.300618293758881,,8.263238095549967,,4.810048568785879,,4.006876104413391
LT_810,1,fold1,2,,0.00041197588691636866,,6.8544860331147826,,2.526229855880466,,2.2171356933960955,,8.489527074730695,,3.717584602655434,,3.0254388589722883
LT_811,1,fold1,2,,0.0004129487382545302,,6.701303667962742,,4.062012163451397,,3.4448536775625556,,8.12677026548562,,5.099277733436804,,4.610311547960578
LT_812,1,fold1,2,,0.0004112241968301667,,6.784562197839517,,2.572503351443095,,2.2553940677708004,,9.18109622023269,,4.201050869525449,,3.401731473984436
LT_816,1,fold1,2,,0.00041146268000335183,,7.40044952413642,,2.8969783356603314,,2.5613948082861926,,9.368424090033269,,4.716397008937451,,3.854838327999397
LT_817,1,fold1,2,,0.00041189951031577084,,6.870037276293033,,2.8607352000064035,,2.459485082336769,,7.8934352603208255,,3.9858258001048195,,3.4311130994411534
LT_818,1,fold1,2,,0.0004135278035674525,,7.06102945788556,,4.490717277788723,,3.6578260871311383,,8.534477720415612,,5.657485613344168,,4.963044234217252
LT_821,1,fold1,2,,0.00041237488589976334,,7.0564749333211525,,2.577826587961506,,2.2543250566220263,,8.813331647510877,,3.977695980147903,,3.2365293495301537
LT_823,1,fold1,2,,0.00041376645208585777,,6.907969573440408,,2.462186255410503,,2.161993973130979,,8.437355851987416,,3.5212927535285954,,2.838173763170728
LT_829,1,fold1,2,,0.00041406396184098457,,6.909215986676418,,2.567845485866993,,2.2117122161815894,,8.537774677276573,,3.5914535560956495,,2.8279509314852334
LT_830,1,fold1,2,,0.0004133664792456658,,7.154257480257737,,2.906875252725376,,2.5130990490325447,,8.817143751880328,,4.123538876848029,,3.4366013374777724
LT_836,1,fold1,2,,0.00041631418006013443,,7.095613829528262,,2.6084792586227117,,2.3267418504235526,,8.724194367650586,,4.004634435092504,,3.274711564542986
LT_837,1,fold1,2,,0.00041268110317844303,,6.54267249404885,,2.7791412923481396,,2.311678551503853,,7.793347944322399,,3.960431087935185,,3.205878720819464
LT_839,1,fold1,2,,0.0004106744922338923,,6.74625937632456,,2.5759946790600745,,2.25606842647793,,8.312223545461462,,3.618141116323946,,2.884782816134315
LT_841,1,fold1,2,,0.0004168450030569027,,6.426856066640824,,2.4491820164518643,,2.195558980407505,,8.572378189456192,,3.737360402797515,,3.0928794024114397
LT_843,1,fold1,2,,0.00041336499345724816,,7.319783888911102,,3.183862602988247,,2.7183062421573707,,9.235351296090004,,5.049175061341045,,4.297755056995271
LT_844,1,fold1,2,,0.00041608885795833134,,6.274453864133964,,3.697520945183807,,3.0512094374242706,,7.75485278664313,,4.305507638550028,,3.6395687460641315
LT_85,1,fold1,2,,0.0004153132030002907,,6.370471896842101,,2.3906055929158345,,2.090178165079149,,8.10825374143889,,3.283792029311376,,2.834080969386591
LT_851,1,fold1,2,,0.0004132189752286339,,7.189625191843507,,3.0208505971905084,,2.515954618389342,,8.803074207237469,,4.487213778323845,,3.684505531490281
LT_853,1,fold1,2,,0.0004171352078320128,,7.319099153792022,,2.9812573349551412,,2.568198736423734,,8.803491588734204,,4.551015777758513,,3.7723039153993954
LT_856,1,fold1,2,,0.00041140558379694665,,6.927636149419513,,4.392341840992731,,3.6186745001942127,,9.164286967581123,,5.74318641905717,,4.954669912944035
LT_860,1,fold1,2,,0.00041701228503349813,,6.302147370837547,,2.3848763174833247,,2.1690613642176086,,8.137280062174806,,3.4386957045384396,,2.9704933611088182
LT_863,1,fold1,2,,0.0004104317954721822,,7.22080663269724,,4.549254589120842,,3.701063292999821,,9.089345584253103,,5.5972941406677466,,4.967928366665854
LT_865,1,fold1,2,,0.00041044126444833746,,6.662443245491236,,4.095583956538528,,3.4171913721226796,,8.585545318591832,,5.301060382030946,,4.523884546818456
LT_867,1,fold1,2,,0.000421104309609472,,6.636352428476179,,2.6894319279241268,,2.4176016335341903,,8.27629882973104,,3.9773211048385355,,3.404657043793226
LT_870,1,fold1,2,,0.00040897631884714847,,6.984209228298139,,2.6912317804770294,,2.360753106987843,,8.656355875168884,,4.0966075089164855,,3.328218443227583
LT_877,1,fold1,2,,0.00041181784563334815,,6.5272787959911085,,2.3461704207706653,,2.027648448809778,,8.275626138039913,,3.202039818616126,,2.6091227616162054
LT_88,1,fold1,2,,0.00043370020097657606,,6.188331289316494,,2.1804871675243773,,1.9075025060511408,,8.030295753299086,,3.000542817817012,,2.5483182277131204
LT_888,1,fold1,2,,0.00040977846144102555,,7.010861506614733,,4.215878757028639,,3.5254561613182243,,8.769460369600333,,5.443753949387733,,4.610919594018856
LT_890,1,fold1,2,,0.00042059594069072774,,6.284394428782488,,3.9046330442400574,,3.3838481959925364,,7.793657135033414,,4.824236647333402,,4.351842080854144
LT_892,1,fold1,2,,0.0004117340164586109,,7.032669658498049,,3.0970197682405014,,2.6100140606732514,,8.160245844390422,,4.819539033975745,,4.107499011665589
LT_896,1,fold1,2,,0.0004118283695367271,,6.736557049278194,,2.7295981119979533,,2.3245550350365995,,8.138593936325337,,3.6978699474703522,,3.0512390579312094
LT_898,1,fold1,2,,0.00041241418737030314,,6.680879124372507,,2.622098105646169,,2.309193906137548,,8.695735760976797,,4.065602765986909,,3.3038718580143196
LT_899,1,fold1,2,,0.0004123836930339884,,6.733435225132578,,2.373336991339196,,2.1324418451684384,,8.740554687102595,,3.070176710930373,,2.5104010239714993
LT_9,1,fold1,2,,0.0004104211244691184,,7.130622329890399,,2.6633312848881263,,2.2934987288616435,,8.821802776070637,,4.001781514731706,,3.268399986665861
LT_903,1,fold1,2,,0.0004142053546641808,,7.139010567525398,,4.331456352951332,,3.619184017724732,,8.621427815523615,,5.40656774915549,,4.8324851697962234
LT_908,1,fold1,2,,0.00040941844379822553,,6.796095365934009,,2.619111185671758,,2.2349970325153694,,8.332325318202765,,3.8551044207080025,,3.1245783351311642
LT_909,1,fold1,2,,0.00041107192051082105,,7.205921000559602,,2.894458205966269,,2.4749508403432556,,8.94936764090538,,4.478773216030504,,3.7106073103135757
LT_910,1,fold1,2,,0.0004131319152489762,,6.9791133032530865,,4.116937358620521,,3.338290227059608,,8.389197713900177,,5.092202799509962,,4.167093261065843
LT_911,1,fold1,2,,0.0004128482590951398,,7.892599401560436,,3.1337114944380926,,2.630963837495328,,10.005544194007571,,4.946260377525738,,4.187613476733879
LT_922,1,fold1,2,,0.0004144919161889419,,6.927546027477432,,2.4924759700725545,,2.1568173202822045,,8.524323367924696,,3.272573429260753,,2.622319714971015
LT_923,1,fold1,2,,0.0004141655306863553,,6.928141844157865,,4.144737918539128,,3.3824223813238707,,8.58839682237462,,4.8408012943116345,,4.095365580933358
LT_924,1,fold1,2,,0.0004122434931316792,,6.363769295471575,,2.475941806722132,,2.1739133127972003,,8.350047941698358,,3.9395723574136268,,3.3748505640363105
LT_926,1,fold1,2,,0.0004156071368256742,,6.799613520434644,,2.427793521110609,,2.138206992120566,,8.394567527224481,,3.414121541570918,,2.841897379804001
LT_927,1,fold1,2,,0.00041216260652712777,,6.922636490401579,,2.7926813288264047,,2.411932529479286,,9.115767050257784,,4.140606789886432,,3.398824138332417
LT_931,1,fold1,2,,0.00041453959953476234,,6.6715463174975005,,4.092006272902576,,3.3476090919130197,,8.296442581043305,,4.902663502214532,,4.205859986823315
LT_932,1,fold1,2,,0.00041047174114629097,,7.521504520629464,,4.449233073028496,,3.727821118527809,,9.91577309003375,,5.803283833631663,,5.10933424818727
LT_937,1,fold1,2,,0.0004140725421942944,,6.936743321320062,,2.466780966709265,,2.1374698253679063,,8.66038238446055,,3.358572557043978,,2.6748556997001804
LT_938,1,fold1,2,,0.00040886392251831584,,7.292994617455931,,3.012641982293073,,2.647607323098726,,9.438183448404839,,4.996832494150523,,4.140768143704037
LT_940,1,fold1,2,,0.0004129886796647511,,6.895149580400515,,2.4909284662811584,,2.163774096322949,,8.337808376090475,,3.4185509087036645,,2.7616099498214153
LT_941,1,fold1,2,,0.00041578365638267854,,6.466390802928588,,3.749481924648556,,3.267823048840071,,8.26863900383881,,4.742803354099401,,4.139760122033858
LT_942,1,fold1,2,,0.00041071796130246266,,6.995469730662409,,2.656343198583397,,2.375299847100497,,8.873079793170227,,3.8758088363509233,,3.240233910372815
LT_946,1,fold1,2,,0.0004130672955375402,,6.827633522163619,,4.574255509842139,,3.6945931008558626,,7.803726254175781,,5.647300756699582,,5.019025394419619
LT_948,1,fold1,2,,0.00041531155437098816,,6.370202934893232,,2.311077339286735,,2.0136938268516147,,7.941159153031451,,2.972203060848783,,2.591250681124758
LT_956,1,fold1,2,,0.0004179303193482947,,6.700299952012874,,2.5032578218664634,,2.241997738905644,,8.618869028517304,,3.39542666254451,,2.7766233666468216
LT_957,1,fold1,2,,0.00041457255508587157,,7.071980364901039,,4.342926609939996,,3.6702820736729636,,8.951901901794447,,5.340581125900054,,4.697360490850857
LT_959,1,fold1,2,,0.00042095293975293047,,6.340595664552044,,2.4602038081641164,,2.161654528130716,,7.6365265961597295,,3.3854021169974327,,2.862390940625776
LT_969,1,fold1,2,,0.00041631451813006586,,6.441118387538723,,2.282405561451028,,2.04585343047819,,7.930708419823714,,2.948939325585841,,2.59595354579534
LT_972,1,fold1,2,,0.00041412175732576453,,6.7497944756269685,,2.7265528143155064,,2.3746764502731343,,8.498409016172282,,3.8711334377928277,,3.370004573329623
LT_973,1,fold1,2,,0.0004186358223421307,,6.860989934228638,,2.9543102315441,,2.6330896781444295,,8.709464269265125,,4.433666617245572,,3.861171351234937
LT_980,1,fold1,2,,0.00041923532719681,,6.658177663350178,,2.4395069809418573,,2.1925218501446,,8.686052096966058,,3.1068761507302765,,2.5355177468723946
LT_987,1,fold1,2,,0.00041606784489901794,,6.438501714961395,,2.312188294583035,,2.062233287919351,,7.86321333004798,,3.0052237975297187,,2.6731767951386893
LT_995,1,fold1,2,,0.00041568043095462776,,6.494782383447264,,2.522453214464406,,2.206876813541413,,8.4050503273317,,3.723869111274816,,3.151789700453899
LT_996,1,fold1,2,,0.00041640614393951246,,6.4592708924581705,,2.4492708006021315,,2.1695313625334878,,8.306628745709133,,3.7006321061116605,,3.2403760601096665
LT_998,1,fold1,2,,0.0004142388203698579,,6.4428057012012685,,2.794256628187041,,2.3989329932347623,,7.715365085858461,,3.6769483893013475,,3.114204247643696
PCL_32532,1,fold1,2,,0.0004119788117178981,,5.913640645058917,,2.465195658249537,,2.091886818558453,,7.707874178531948,,3.289095891713225,,2.7500500141771735
PCL_32644,1,fold1,2,,0.0004156009736974702,,6.085225223056511,,3.7602719770834834,,3.210877223236046,,7.4323341623254,,4.498462553412132,,3.8642118078624175
PCL_32645,1,fold1,2,,0.0004153055498860754,,6.202963343292508,,3.964798827495497,,3.373324731061572,,8.19630367239672,,5.1376628807509634,,4.731922830694366
PCL_PCL0161,1,fold1,2,,0.0004363392780574668,,4.774664435517163,,2.5412098558861866,,2.158032966053358,,7.895707058550457,,3.329157830612431,,2.8087761543777763
PCL_PCL0162,1,fold1,2,,0.0004364785990700979,,4.682165899064867,,2.2461581135966346,,1.92473521602498,,8.238440805782517,,3.5647932484918536,,2.8863504580285397
PCL_PCL0163,1,fold1,2,,0.0004365951370122641,,4.740171367657886,,2.212270055026703,,2.0161992459567286,,7.759263421602763,,3.2842922467323583,,2.7482056472463277
PCL_PCL0164,1,fold1,2,,0.0004352684952108419,,5.741824846941481,,2.395904107518587,,2.1026540829642673,,7.840902261811136,,3.2182454121429385,,2.6061674497466587
PCL_PCL0165,1,fold1,2,,0.00043640138756466385,,4.996233321014721,,2.563590042441543,,2.1765038526339557,,8.2470394699345,,3.8572819395945923,,3.108996936444204
PCL_PCL0166,1,fold1,2,,0.00043645678934165107,,4.972671126754282,,2.730361866022512,,2.3499755366728357,,7.978437611980092,,3.9695637923757454,,3.2681987187488764
PCL_PCL0167,1,fold1,2,,0.00043492743106059335,,5.395113711047388,,2.425056745808833,,2.1833092664126936,,8.169755811145816,,3.8791172106380643,,3.0899292653244506
PCL_PCL0168,1,fold1,2,,0.00043599379400085375,,5.008966244973947,,2.2739466995112214,,2.0277612707360504,,8.487699997277817,,3.777256812917347,,3.0798141507727657
PCL_PCL0169,1,fold1,2,,0.00043614311130314547,,5.037244519305262,,2.387501865275315,,2.0618571144404303,,7.916240234069985,,3.7985493933053185,,3.155798245664586
PCL_PCL0170,1,fold1,2,,0.0004359828185340961,,4.971208761704448,,2.4327724519207385,,2.1338886935520454,,7.857846451727475,,3.8515756527668805,,3.3331575017750668
PCL_PCL0171,1,fold1,2,,0.0004363599094325491,,5.096206674308771,,2.3378355039607204,,2.056266661070223,,7.972996435143693,,3.6357533665834736,,3.02304161050809
PCL_PCL0172,1,fold1,2,,0.00043622677533309596,,5.0278071648371405,,2.1021712780154167,,1.8724951586093217,,7.621416165349382,,3.3349367685116986,,2.787715584479463
PCL_PCL0173,1,fold1,2,,0.000433049727818359,,5.390069857212995,,2.275367177281566,,1.9689152302545219,,7.649018138678433,,3.2068746356652276,,2.7489219674659933
PCL_PCL0174,1,fold1,2,,0.0004361126349341042,,5.129817246186735,,2.1323849364412353,,1.8533953455295364,,7.184645691365639,,2.856975309666015,,2.3825454562993027
PCL_PCL0175,1,fold1,2,,0.000434050332733903,,6.083261100961718,,2.711859394702775,,2.364830055504414,,7.648587041384862,,3.842082116863833,,3.24831713689025
PCL_PCL0176,1,fold1,2,,0.00043474104885665894,,5.754265348232598,,2.3547196899341936,,2.140045026725207,,7.998469899562946,,3.3708892535754544,,2.8593380655556624
PCL_PCL0177,1,fold1,2,,0.0004341900110468068,,5.896199718053696,,2.278975156376811,,2.0523426836415797,,7.723628849696445,,3.247674379838076,,2.775578499729024
PCL_PCL0178,1,fold1,2,,0.00041685466016692235,,6.132667435340548,,2.5865667547292075,,2.3287688639872943,,7.884847633864939,,4.070680384229084,,3.4851935457645054
PCL_PCL0179,1,fold1,2,,0.00043131538970573105,,6.713217066571162,,2.8174675554172746,,2.509138900668057,,7.939378396440421,,4.014494133556864,,3.4826642361499185
PCL_PCL0180,1,fold1,2,,0.0004357530020641445,,5.997630714604423,,2.4338842164399925,,2.088247403924846,,7.940221609754223,,3.3230342052913824,,2.8620309301896807
PCL_PCL0181,1,fold1,2,,0.0004307731906396852,,5.967802512257867,,2.6075148203912812,,2.261194560911593,,7.567776688335551,,3.355530760253753,,2.8618150537754277
PCL_PCL0182,1,fold1,2,,0.00043640139454705247,,5.03047450622799,,2.5646796065110635,,2.22273694530833,,7.881561503580169,,3.7244230863058316,,3.156400656773736
PCL_PCL0183,1,fold1,2,,0.00043659707269253466,,5.0061732706501365,,2.335004020462953,,2.029033286852076,,8.42327488810042,,3.5271286551492524,,2.9717041953454606
PCL_PCL0184,1,fold1,2,,0.00043649699077581185,,5.23334039411897,,2.080661564787539,,1.8326147558613728,,8.44429708867388,,3.2973615083919765,,2.7203296539602264
PCL_PCL0185,1,fold1,2,,0.00043569778980112606,,5.456914569511082,,2.553711551969801,,2.2595486480973443,,8.426519732987192,,3.973886353731957,,3.220627238091809
PCL_PCL0186,1,fold1,2,,0.0004357663849305169,,4.913771071916335,,2.5591608378697,,2.22950636015129,,8.270138335817265,,4.052035080255763,,3.107232904234156
PCL_PCL0187,1,fold1,2,,0.00043632812461576187,,5.11142892222147,,2.4487037284856057,,2.1408422024935705,,7.916485408660812,,3.752537463285606,,3.10011586036749
PCL_PCL0188,1,fold1,2,,0.0004359590091794936,,5.114400757917711,,2.1403918246350733,,1.8950792444838829,,7.645704949233266,,3.042075028042773,,2.6254580073922558
PCL_PCL0189,1,fold1,2,,0.0004342325269409055,,5.667549000040022,,2.6245623406281573,,2.2534307709232078,,7.448443835359169,,3.7367566070838567,,3.1704827494711774
PCL_PCL0190,1,fold1,2,,0.0004360281054986183,,5.079019972758591,,2.641195274930279,,2.261292887811675,,8.125947512422613,,3.93405674374396,,3.2952273992919277
PCL_PCL0250,1,fold1,2,,0.000428627328724597,,6.167618263530578,,3.9407551268509726,,3.395733919071464,,8.336270451014393,,5.337296552932274,,4.595698316346688
PCL_PCL0251,1,fold1,2,,0.00042855042163824665,,6.3958354367602475,,3.6857206942958136,,3.1174497842216917,,8.103455483300088,,4.995903827514837,,4.257632463638296
PCL_PCL0252,1,fold1,2,,0.0004212650946124174,,6.422974739904999,,3.8874028731512555,,3.242589805721401,,7.626075065586685,,4.941778142650012,,4.312163496430537
PCL_PCL0253,1,fold1,2,,0.0004201809495975855,,6.515939427392882,,3.914467623072951,,3.4022981232226344,,8.264283071339083,,5.043743900424478,,4.483342248037825
PCL_PCL0254,1,fold1,2,,0.0004194198580141119,,6.758709121243519,,3.8454171265272112,,3.246858154222081,,8.412405669390393,,5.169090160736352,,4.329355626667446
PCL_PCL0256,1,fold1,2,,0.0004272812042598242,,6.771667137150437,,4.354241552902122,,3.796537414122517,,8.59558218023887,,5.816687249173756,,5.114767600667012
PCL_PCL0257,1,fold1,2,,0.00043229103358382627,,6.029840330591265,,4.178509050263929,,3.692650531234746,,8.26328620093329,,5.633648650788712,,5.175213295249119
PCL_PCL0258,1,fold1,2,,0.0004245236688867702,,6.520181057742768,,4.4094371715354965,,3.749644154474389,,8.276540595421464,,5.719651655969301,,5.012934383438161
PCL_PCL0259,1,fold1,2,,0.00041812116943683135,,6.237437404683055,,3.897603813971764,,3.2577439346251666,,8.428383946189832,,5.398652036973607,,4.65603763460312
PCL_PCL0260,1,fold1,2,,0.0004204674119026742,,6.597030146294163,,3.7879426517804906,,3.1418573001725294,,8.019760350275398,,5.04721065201546,,4.211124229175738
PCL_PCL0261,1,fold1,2,,0.0004270599852737051,,6.192010974376541,,3.9174993618699037,,3.3558057124794964,,7.930205403403312,,5.0490838341252,,4.369219057859939
PCL_PCL0262,1,fold1,2,,0.0004196033705909843,,6.381693184656234,,3.873700647675541,,3.30980393646788,,8.152219383675895,,5.009133032854937,,4.439178320908697
PCL_PCL0263,1,fold1,2,,0.0004307638603682027,,6.394520378303964,,3.8466505004892144,,3.2913456127966216,,8.158033698609362,,5.022180020218679,,4.302571007521411
PCL_PCL0264,1,fold1,2,,0.00043092012099557944,,6.561819370343635,,3.9583364952669613,,3.252890816390453,,8.15836288092043,,5.080022025623745,,4.35303885448574
PCL_PCL0265,1,fold1,2,,0.00042060722242597687,,5.97837427432083,,3.92419149638983,,3.3143395275375327,,7.892638941474935,,5.30629286253828,,4.527097586217582
PCL_PCL0266,1,fold1,2,,0.00042076465828256963,,5.919452717151559,,3.7330161364584717,,3.195450381267683,,8.250504892596943,,5.290899880225257,,4.322366087956472
PCL_PCL0267,1,fold1,2,,0.0004213587594709082,,6.289274736748324,,4.025804777151539,,3.5677409427279665,,7.7927819085788785,,5.254353490976492,,4.498948525828417
PCL_PCL0269,1,fold1,2,,0.0004197020127376296,,6.377227517493877,,3.7307989912393587,,3.183018384559275,,7.776120632767782,,4.982214463409515,,4.239392895573379
PCL_PCL0326,1,fold1,2,,0.000418461158014527,,5.92571598849685,,2.7194784735270057,,2.371855633287033,,7.505630867677409,,3.8906553041312653,,3.3491017022070637
PCL_PCL0327,1,fold1,2,,0.0004212998430180564,,6.000879384624189,,2.50648357003129,,2.257369996314696,,7.946820323100459,,3.5967241057454995,,2.931665533738629
PCL_PCL0340,1,fold1,2,,0.00040726928459052826,,6.226455060073968,,2.6284007155883335,,2.238970396491968,,8.205846257554196,,3.6535780139280587,,2.9555839646679964
PCL_PCL0342,1,fold1,2,,0.000407289436609495,,6.365053318439358,,2.652524607102881,,2.326860226542743,,9.716505785404305,,4.01298204630332,,3.295699553741521
PCL_PCL0343,1,fold1,2,,0.00041144625998127196,,6.283059387567538,,2.718639862559015,,2.2904205621742864,,8.591053393102035,,3.5605813252390863,,3.000861786174903
PCL_PCL0347,1,fold1,2,,0.0004304297919286177,,6.571599325100176,,3.0079942421493406,,2.6699632774465907,,7.924395340231826,,3.69757255178642,,3.2403278648528855
PCL_PCL0348,1,fold1,2,,0.00042961691324045446,,5.525919848806107,,2.6048100902364517,,2.290434148093505,,7.249410506847258,,3.2943854131410157,,2.9093152019880937
PCL_PCL0349,1,fold1,2,,0.00043063011465034953,,6.160869966240596,,2.711363600320235,,2.4423970658367247,,7.647090465782066,,3.539980398800803,,3.1645278168034077
PCL_PCL0350,1,fold1,2,,0.00041498084317909655,,7.348200690904995,,2.985769605693323,,2.5421082408858973,,9.520714327804518,,4.5830070778038,,3.776639034677468
PCL_PCL0351,1,fold1,2,,0.00042934377363500024,,6.679931754377053,,2.963953406386681,,2.6143486139687178,,9.424013694049714,,4.484645760963066,,3.845647938770599
PCL_PCL0352,1,fold1,2,,0.00043194845288552913,,5.56824073952023,,2.5526650371969035,,2.3480807623408246,,7.207725162990972,,3.5445323461185203,,3.071107673183631
PCL_PCL0353,1,fold1,2,,0.0004072442219416172,,6.743873318722669,,2.710914664992089,,2.376504639679406,,8.167828389965713,,3.924541253740182,,3.417358638994899
PCL_PCL0354,1,fold1,2,,0.00043086113560988556,,6.051922571109754,,2.5088071102216136,,2.3320450051551105,,7.890934160201861,,3.4195037562590733,,2.979189436095772
PCL_PCL0355,1,fold1,2,,0.0004210620237567169,,5.68278522889529,,2.6274015599306524,,2.3249353745601904,,7.387302775215387,,3.8852421803254846,,3.30777329884215
PCL_PCL0356,1,fold1,2,,0.0004218331955603456,,6.036642546695052,,2.7056142018048805,,2.451586392038672,,8.001496170571045,,4.004996339928411,,3.4353494999959926
PCL_PCL0357,1,fold1,2,,0.00043046621673793403,,5.711290811649492,,2.596913595700457,,2.4127612569354384,,7.710922417095739,,3.394296320698614,,2.8918383154918423
PCL_PCL0358,1,fold1,2,,0.0004280101325067672,,5.947416665325181,,2.4376882967144895,,2.1974015708670285,,8.14317397714258,,3.6879338306511564,,3.0973595998724166
PCL_PCL0359,1,fold1,2,,0.0004339677436783259,,5.707015658702546,,2.4365087773319307,,2.1076418660706464,,7.744544805896515,,3.758866916465022,,3.346094033402441
PCL_PCL0360,1,fold1,2,,0.0004326685688453239,,5.578016670262893,,2.5132192992916638,,2.3274188742091506,,7.385826897576012,,3.7544274832900113,,3.423544179751658
PCL_PCL0361,1,fold1,2,,0.0004188286597948815,,6.339607673812311,,3.0584246083393287,,2.552101647241924,,8.502616172232681,,4.124821613478772,,3.531901104306012
PCL_PCL0362,1,fold1,2,,0.00043212730112932897,,6.163307832524716,,2.5905717536488773,,2.209930392208354,,8.375023416370176,,3.776539675591305,,3.196882874305414
PCL_PCL0363,1,fold1,2,,0.00043133024452984316,,6.798803513513633,,2.7111381343431455,,2.2881442775353396,,7.897131082024502,,3.786617363277225,,3.248673161993694
PCL_PCL0364,1,fold1,2,,0.000431335628580427,,6.1943482663205645,,2.698821377991997,,2.3911124593599418,,7.958018336081465,,3.943711092208435,,3.2979018014714487
PCL_PCL0372,1,fold1,2,,0.00042027288332765686,,6.635352477937177,,2.9230362912628003,,2.4713119715913203,,8.347273909268566,,4.312881767911747,,3.634608347221072
PCL_PCL0373,1,fold1,2,,0.00043418080673936384,,5.936381452596209,,2.667001192382717,,2.301352902912457,,7.525835015882106,,3.5083873887453825,,3.1072658136292555
PCL_PCL0374,1,fold1,2,,0.00043346506233226355,,5.916824492145111,,2.467009176536939,,2.1749692595253083,,7.393514418897404,,3.078910555401023,,2.5919926756292617
PCL_PCL0375,1,fold1,2,,0.00042602544536365916,,6.6184990321695825,,2.8635916259365475,,2.4894385303297613,,8.466658683953737,,4.2735597804550425,,3.7023827484539655
PCL_PCL0376,1,fold1,2,,0.0004177740486964541,,6.2098392474812485,,2.834735072771166,,2.472584867191413,,7.928782892421186,,4.423534080790342,,3.8317910124616157
PCL_PCL0377,1,fold1,2,,0.00042942989761036304,,6.324900645869957,,2.6635604976624596,,2.254195437538033,,7.709232581800877,,3.9222294682724637,,3.310263172664051
PCL_PCL0386,1,fold1,2,,0.00043434354118877284,,5.836829198392907,,2.3788059855180412,,2.1399036768984843,,7.793411688408158,,3.5430669200391693,,3.017740119447297
PCL_PCL0387,1,fold1,2,,0.0004350709854159928,,5.433764637251595,,2.1684395694460896,,1.952748137537943,,8.019239822881516,,3.219983925521297,,2.7147029604941766
PCL_PCL0388,1,fold1,2,,0.0004219053394315716,,5.714512141426276,,2.334921289765328,,2.116942183331399,,8.076447746753935,,3.394292134318711,,2.8189251773450854
PCL_PCL0399,1,fold1,2,,0.00041617036249704496,,6.132384228786353,,2.9904196582114055,,2.512312886572414,,8.739460382577091,,4.302403804413637,,3.591294079895248
PCL_PCL0400,1,fold1,2,,0.0004219437814409546,,5.204208219121627,,2.7649114663303886,,2.317856443019511,,7.744199238787456,,3.846263425494462,,3.2895234389322887
PCL_PCL0401,1,fold1,2,,0.00041500454302494626,,6.010168134503076,,2.807377788179873,,2.4215937588790606,,7.725972183483627,,3.6507832304961605,,3.1605784897253613
PCL_PCL0402,1,fold1,2,,0.0004267748182397932,,5.189587944583952,,2.5788084014605346,,2.3434613597292926,,7.598610402993885,,3.642172724463108,,3.1542023007620723
PCL_PCL0403,1,fold1,2,,0.0004148640472345106,,6.207664259139555,,2.6173068134901594,,2.2594644395380286,,7.879337308534941,,3.744112469002254,,3.122351528041552
PCL_PCL0404,1,fold1,2,,0.0004308256792436155,,7.18185677220727,,3.0414649756351997,,2.6080009524248173,,8.918954922263982,,4.6263894995567085,,3.938050246983434
PCL_PCL0411,1,fold1,2,,0.00043160172074356226,,6.34517071746424,,2.8305682018070657,,2.3812879744866433,,8.258777382759463,,4.414538951570163,,3.5794135215832266
PCL_PCL0412,1,fold1,2,,0.0004303324041951863,,6.3614388291183,,2.803936447003493,,2.4627992366926548,,8.232793919460477,,4.011411900273926,,3.406034323960415
PCL_PCL0413,1,fold1,2,,0.0004290064979413366,,6.371624572864872,,2.8427045022558017,,2.517238215724956,,8.099749616474632,,3.8020442630212328,,3.3263685601864563
PCL_PCL0414,1,fold1,2,,0.00043016908413445396,,6.689844495353721,,3.081331080860327,,2.6617390998757386,,8.146945236888198,,3.708819756153618,,3.213677143205127
PCL_PCL0415,1,fold1,2,,0.0004299085531986411,,6.485120709130101,,2.714674524370418,,2.455191225553359,,8.137206490692286,,3.770371494744398,,3.2815853664018473
PCL_PCL0416,1,fold1,2,,0.00043067046905687946,,6.405539760981786,,2.8198159329065753,,2.480098839409923,,8.077953538393352,,4.051248108414273,,3.528120836340921
PCL_PCL0520,1,fold1,2,,0.0004205094456311391,,5.551618945264143,,2.543133023063997,,2.2742326634734447,,7.444124023472671,,3.8407936967718665,,3.3268170736969456
PCL_PCL0521,1,fold1,2,,0.0004207667021421495,,5.648747642368909,,2.7304674272867393,,2.4768421025516405,,7.746221780181094,,4.227056984379557,,3.6132306138722554
PCL_PCL0522,1,fold1,2,,0.00042152275883875975,,5.585936753122447,,2.692348913478703,,2.40348298941662,,7.853883276946606,,4.097880049814093,,3.3480301899060865
PCL_PCL0523,1,fold1,2,,0.0004212387035917569,,5.65853894911429,,2.5313486955932833,,2.2646243569638287,,8.294572519516267,,3.978316114146791,,3.221650682534735
PCL_PCL0524,1,fold1,2,,0.00042011499284746665,,5.600238728278776,,2.5669495643159985,,2.2772921845945198,,7.577889021435771,,3.8780842290280044,,3.093275088413163
PCL_PCL0525,1,fold1,2,,0.00042101455180703837,,5.754512312267765,,2.6203126472238814,,2.354699466966936,,7.819540989916312,,3.9517157307456094,,3.2918791916441235
PCL_PCL0526,1,fold1,2,,0.00043104350673645736,,5.9372395171555965,,2.7665535186448516,,2.34706916166917,,8.035633034181277,,4.366414403276274,,3.6157520053361534
PCL_PCL0527,1,fold1,2,,0.00042998198281862625,,5.826676525423733,,2.742644954561095,,2.4412037815972267,,8.21673795713281,,3.9882946764557,,3.2352978492470625
PCL_PCL0564,1,fold1,2,,0.0004322910692054274,,5.814336695476434,,4.355018101839091,,3.558547576241915,,7.463864044312912,,5.305470513763295,,4.685447608533256
PCL_PCL0566,1,fold1,2,,0.00043438797841629205,,5.941838388578777,,3.5312867380890567,,3.1283010046345052,,7.510610256950532,,4.184170922936436,,3.6439770190882905
PCL_PCL0571,1,fold1,2,,0.0004334122743471537,,6.051762660592686,,3.6212276240971657,,3.0554552723857817,,7.887934945541136,,4.811889684322224,,4.142211097261652
PCL_PCL0574,1,fold1,2,,0.00043223303869498186,,5.8725728265922355,,4.390730473423162,,3.5817226295436173,,7.59223038470432,,5.678781841326517,,4.954097565957453
PCL_PCL0583,1,fold1,2,,0.00041333516373496214,,5.66604639059791,,2.238669898744257,,1.9162951365287393,,7.673135477084269,,2.959480237277724,,2.4682910061922048
PCL_PCL0593,1,fold1,2,,0.00041044214881462253,,6.339080631833395,,2.3650118527787782,,2.0670101987649,,8.25527108668233,,2.8757551696439316,,2.418384244104446
PCL_PCL0623,1,fold1,2,,0.0004177557753398554,,5.8294029926515405,,2.5833412207258406,,2.2913190946678124,,7.550698864569002,,3.543259416599544,,3.0783459673966362
PCL_PCL0626,1,fold1,2,,0.0004043999245510535,,5.875849063874629,,2.7525973172881466,,2.437881624558945,,7.734559462558574,,4.108554814032016,,3.5727651847905957
PCL_PCL0658,1,fold1,2,,0.0004078747282971716,,6.01401416859739,,2.889166024075946,,2.5279973438048433,,7.2203013332077175,,4.107622551511669,,3.384853660775293
PCL_PCL0675,1,fold1,2,,0.0004298307986159537,,7.090802431810974,,2.9406316232942675,,2.521782315399869,,8.647019720328801,,4.30013892512936,,3.613361507351135
PCL_PCL0677,1,fold1,2,,0.0004332579947756189,,6.327342218311364,,2.5133166928300956,,2.1787721701020013,,7.63286815873301,,3.1647765230791705,,2.6935437643147337
PCL_PCL0684,1,fold1,2,,0.0004244917779941855,,5.616023566174631,,2.3200100539081223,,1.9829637475206974,,7.741940206517656,,3.085196839219282,,2.4541029889497956
PCL_PCL0765,1,fold1,2,,0.00043120068725466774,,5.74072759685735,,2.2792256772475885,,2.0871698534957104,,7.832816985461324,,2.9127276433563427,,2.5157724378279753
PCL_PCL0766,1,fold1,2,,0.00043167593386189695,,5.69474422391335,,2.49334685603797,,2.2261772295875653,,7.535241181745635,,3.8530667102105998,,3.3700741020703187
PCL_PCL0767,1,fold1,2,,0.00042705413480170415,,6.047441588951581,,2.356857991419608,,2.0124549034616903,,7.622171826742763,,3.0092299873868145,,2.4697050549885895
PCL_PCL0768,1,fold1,2,,0.0004206413713669973,,5.886729562136706,,2.3524883242447796,,2.144609857592637,,8.058806166858217,,3.325252051693033,,2.8322234566049853
PCL_PCL0772,1,fold1,2,,0.0004192600190208867,,5.679963529364851,,2.2985876673804406,,2.088095193915037,,7.925878071179629,,3.520810183087396,,2.7920535125484616
PCL_PCL0773,1,fold1,2,,0.00042081590833628786,,5.806752135693601,,2.5177015052887453,,2.3361300218219934,,7.794294556526515,,3.407695906976485,,2.818510896706868
PCL_PCL0778,1,fold1,2,,0.0004165855216811797,,6.2836869785894685,,2.5206333915802888,,2.2288237093417753,,8.284831042039698,,3.5271488414022545,,2.8921989817354308
PCL_PCL0781,1,fold1,2,,0.00042756598408952816,,5.9707670020020815,,2.509495828949516,,2.2914900277034946,,8.028500706407314,,3.557711932862226,,3.0774316727357616
PCL_PCL0975,1,fold1,2,0.00042934163931903767,0.000434004268041065,,6.1690032458506545,,4.07998584675755,,3.4759544373224838,,7.581938067268051,,5.602248578365406,,5.031437422161909
PCL_PCL0976,1,fold1,2,0.0004272470495622632,0.00043362026761555907,,6.084764708131252,,3.998293979338677,,3.459869040309195,,7.462554421107206,,5.090047342362497,,4.5410222988515425
PCL_PCL0977,1,fold1,2,0.0004294226801710972,0.0004336078537467425,,5.853358825812915,,3.358779740160872,,2.9977295875263166,,7.775493244950979,,4.248745195750697,,3.8306408684550903
PCL_PCL0978,1,fold1,2,0.00043039136725048867,0.00043334815714802556,,6.291833682956433,,3.9668335186568267,,3.4499966345561854,,7.6145043066674996,,5.005095249919406,,4.494801910873281
PCL_PCL0979,1,fold1,2,0.00043044455212534684,0.00043409832711658637,,6.061095584356185,,3.861483988695437,,3.3334556374335507,,7.254154090496869,,4.8178269780973615,,4.135166282620689
PCL_PCL0980,1,fold1,2,0.00043173928987703405,0.00043276764410244903,,5.929344911307583,,3.6801199593708898,,3.3720670944252134,,7.495818146174385,,4.709520771772317,,4.0965911177729115
PCL_PCL0981,1,fold1,2,0.00042635837561297616,0.00043254636694688327,,5.947469073526355,,4.20133155767602,,3.5258546838645897,,7.338061389115312,,5.357731067596163,,4.747450468427864
PCL_PCL0982,1,fold1,2,0.0004336882375325489,0.00043235177171364707,,6.455683262917474,,4.337313967728186,,3.880290179707698,,8.253374620423088,,5.939759009705135,,5.372100663169061
PCL_PCL0983,1,fold1,2,0.00043101018554263877,0.0004320197820935033,,6.680711814706404,,4.190836627337295,,3.6168677369155446,,7.643543080182341,,5.490534186957679,,4.92386828638011
PCL_PCL0984,1,fold1,2,0.00043024758954209876,0.0004330578106947827,,5.93421761261208,,3.6314601862944533,,3.1023553161565878,,7.031500409212178,,4.450871995381295,,3.799002385771022
PCL_PCL0985,1,fold1,2,0.0004280392508875501,0.000431914896202739,,6.323890909859181,,4.193413084094562,,3.627327538884913,,7.27417599847625,,5.41025745460113,,4.914010150202055
PCL_PCL0986,1,fold1,2,0.0004309391626705828,0.0004323157809250841,,6.297324458782387,,4.131161348946927,,3.5402883526709084,,7.5525345673945745,,5.279513396768653,,4.744770445904399
PCL_PCL0987,1,fold1,2,0.00043296894155796906,0.0004310289253563523,,5.953651454732035,,4.054215545425169,,3.4879086066957306,,7.259578384631315,,5.133863114471431,,4.561362102401765
PCL_PCL0988,1,fold1,2,0.00042942268017109734,0.00043176400985950325,,5.8794290512925595,,4.035127595157007,,3.621893930259299,,7.135098172178065,,5.221592340448976,,4.502292688938576
PCL_PCL0989,1,fold1,2,0.00043127561603082266,0.0004325476266619603,,6.491804896542277,,4.215809198028787,,3.6296436371257625,,8.26659281001491,,5.626578110207099,,4.8658790352636005
PCL_PCL0990,1,fold1,2,0.00043280456114315843,0.00043325838135315625,,6.39217532643105,,4.065426078284147,,3.5033822163878288,,7.67588696425521,,5.457022247886113,,4.759688440672956
PCL_PCL0991,1,fold1,2,0.0004340265041335061,0.00043312574628861025,,6.3506676765604055,,4.157774500169915,,3.5880403022706537,,7.460687974697118,,5.381681892482726,,4.719274222415184
PCL_PCL0992,1,fold1,2,0.00042887553263769383,0.00043225100172345973,,5.602519620866794,,3.7716224513974255,,3.2246050268385544,,6.932652424472607,,4.786269854905754,,4.086957581238367
PCL_PCL0993,1,fold1,2,0.00042969923478463804,0.00043305827236857566,,6.166014592803031,,4.064769630913091,,3.377975529362826,,7.341606855962482,,5.150592258515854,,4.64461936491871
PCL_PCL0994,1,fold1,2,0.0004311501517039492,0.0004331037114680431,,6.778249171751531,,4.26682447094387,,3.7533502579549323,,8.847452753074409,,5.687976768864803,,4.996000524422367
PCL_PCL0995,1,fold1,2,0.0004309832686754964,0.00043340310208618907,,5.884755574753614,,3.795810472188103,,3.3609238812367943,,7.20228963019243,,4.691367695632325,,3.937358382687271
PCL_PCL0996,1,fold1,2,0.0004361698235583487,0.0004338578665418844,,5.932786611782531,,3.6526178939301213,,3.154488583829526,6.864917693921377,7.197016256759964,2.0849750171322343,4.379599876199491,1.4840620700198746,3.8786620038817197
PCL_PCL0997,1,fold1,2,0.0004338958288795196,0.0004327018456186972,,5.422377802298426,,3.727780892586905,,3.2351737432324166,,6.922132216439548,,4.689672936451705,,3.9356846811769146
PCL_PCL0998,1,fold1,2,0.00043067550277369105,0.00043027776388211876,,5.49752071247304,,3.6726070192825118,,3.0560890154547584,,7.4540448287773655,,4.874810121806382,,4.43534072721362
PCL_PCL0999,1,fold1,2,0.00042969452797110043,0.0004302313868087531,,5.896172195659237,,3.773429551569623,,3.167369131790157,,7.800168138891224,,5.1847217232566845,,4.751908425223984
PCL_PCL1000,1,fold1,2,0.000431629329657232,0.000430588286225185,,5.7795997992432815,,3.7710252649035336,,3.2259547307179064,,7.6422929037067995,,5.255161919598104,,4.808715658683539
PCL_PCL1001,1,fold1,2,0.00042897674562516623,0.00042382428737131744,,6.441714993281344,,3.9836445776734655,,3.446577814371186,,7.886632367280123,,5.298048004339752,,4.62987070531478
PCL_PCL1010,1,fold1,2,0.0004324270005214335,0.00043174096408305634,,6.011102690063029,,4.209619542974848,,3.690585885941116,,7.481129965105769,,5.588335368142215,,5.006560517522829
PCL_PCL1025,1,fold1,2,0.0004354345518513728,0.0004279183737086814,7.257888485905232,7.318203698852593,3.9137112614691474,4.3957052643173995,2.8363585318749203,3.776875498873503,7.83977175580413,8.818989120532638,4.532752593478417,5.958110713311978,3.4428274428274435,5.2274125784488294
PCL_PCL1077,1,fold1,2,0.00042901183065902553,0.0004313331961505514,,6.493710975478139,,3.9220295434566514,,3.2581065039484467,,7.655806815854913,,4.672511654485363,,4.272623105160202
PCL_PCL1081,1,fold1,2,0.00042930870882475485,0.000433456020743829,6.451548391025634,6.514721927890445,4.690377248604822,3.9524566579571037,3.343041442396014,3.4140686152795228,7.053739202385261,7.679649722715318,5.470422594968935,4.720064111079356,4.180645161290323,4.272038253631535
PCL_PCL1156,1,fold1,2,0.00043590890334098685,0.00043629140606528394,5.050493872066745,5.307434389717097,2.579499059342369,2.223783516221982,2.2403917266378306,1.9513315753101146,14.138091044620532,7.6264232419373315,5.164274564728065,3.1888489348694584,3.860776763966865,2.773535444328876
PCL_PCL1158,1,fold1,2,0.0004372164314509911,0.0004353188227058536,3.0515256222259217,5.799206330972666,1.6376270289346209,2.4538422340334045,1.34637535919863,2.1443259051738273,6.4276887832556735,8.304902723422625,2.84145403955781,3.226988150938765,2.1103346213927487,2.678537533848519
PCL_PCL1162,1,fold1,2,0.0004341712865576352,0.00043535300030282144,4.208030222407036,5.457501452789066,1.62545168591419,2.1837833720357986,1.254547497280648,1.8599271949585192,8.858835975811404,9.33415196952017,3.0065782121095195,3.341613214012056,1.8371562126318077,2.6619388859264976
PCL_PCL1163,1,fold1,2,0.00043306609440243055,0.00043646161000716367,5.4660786629614275,5.339135259387543,2.0317443471602865,1.9528000995742103,1.4466461592671136,1.709296777700095,13.171611512175769,7.880030834489319,8.405887034484882,2.608040838637673,6.715676534869859,2.196675566696559
PCL_PCL1164,1,fold1,2,0.00043605947627270295,0.0004352953112650871,5.692316360738452,5.417576324574982,1.8888229972604997,2.477518105323269,1.4218872549438446,2.090955318988079,14.920793349542542,8.889221444260496,5.5255027957303815,3.294611684190369,4.095024841143338,2.691462958179087
PCL_PCL1165,1,fold1,2,0.00043247318184332713,0.00043527136042299103,7.46041292695106,5.4859448518950735,4.297922552422791,2.3938744481137095,3.056427143259089,1.9944857003613705,11.2559994944728,8.855131679105472,6.175674243079864,3.311322853108819,4.479217501492318,2.70328206754266
PCL_PCL1169,1,fold1,2,0.0004343851509445872,0.00043607239842062204,5.733850494427019,4.844030390934873,4.069022231506887,2.1594638527262435,3.544147791480412,1.8900225503010228,6.0,8.977139327593207,4.217910913834379,3.089113435970674,3.674133333333333,2.4688861751455335
PCL_PCL1191,1,fold1,2,0.0004352494849428072,0.00043584508924524555,4.347473043879101,5.206316088620394,2.8311110530477936,2.515335802864765,2.2528344962228233,2.166415130635999,9.844127398484705,8.006096704689337,7.445979569684006,4.125280468218263,6.2075358338340045,3.4534732564463217
PCL_PCL1198,1,fold1,2,0.0004382795198068726,0.00043506204699548905,3.9990570280076407,5.698633839027586,1.3171234880554614,1.9668669935075795,1.1351748188447601,1.7064823797611584,9.431622574465687,8.980852009019431,2.0992389042972017,2.9902214882458007,1.461307473295273,2.4648290279436083
PCL_PCL1199,1,fold1,2,0.0004331905317540079,0.0004359935634246307,4.601440951138198,5.647161379892948,2.8963504576620136,2.092018920992649,2.2838177309152106,1.788264103426234,12.267588194151346,8.159063325901483,8.716805656827262,2.902571444583998,6.650794918910282,2.360694703211411
PCL_PCL1200,1,fold1,2,0.00043417737031292453,0.00043625980313385243,3.7193823850892427,5.001144174636817,2.1212334281740817,1.9211198011111095,1.6200839153933866,1.7771439917066048,10.256879430520065,7.3792930778816945,5.742708643730306,2.7503107533196016,4.695574182951153,2.2402616350143347
PCL_PCL1201,1,fold1,2,0.00043743834123942193,0.0004341227332405745,4.8182078974864195,5.348072663702049,1.9350028538497197,2.0137919180663184,1.436589530414505,1.7451904150915476,13.0,7.877106610214137,6.361275502106416,2.7715711841027337,4.9384592064875505,2.1929938219432104
PCL_PCL1208,1,fold1,2,0.0004354316315046626,0.0004370423734622233,4.113509177780414,4.986847586609717,2.4033502148459887,2.037104806896775,1.9269641188821949,1.7536356862837625,11.260124843898351,7.5388503507763005,4.519159426343222,2.9083218411088647,3.1520002151722077,2.3534664613758323
PCL_PCL1209,1,fold1,2,0.00043484729892207154,0.00043311238186772433,4.43326919890154,5.528798961049048,1.617515295269049,2.167878307355441,1.2949855530622991,1.885110847992236,12.288413586800191,7.9310684212077325,3.5997912519392066,3.0798261197010444,2.3338469391097374,2.4307969804076834
PCL_PCL1214,1,fold1,2,0.00043644979563080174,0.00043175920054021495,4.165711436271589,5.796906631996246,1.4688508906048106,2.423742287552465,1.2509921205459305,2.09296326923394,10.244799205848516,7.926513230574226,2.9440485523651767,3.684424362509469,2.1169540870081023,2.9288368907530553
PCL_PCL1215,1,fold1,2,0.00043361316028535276,0.00043571037558586684,5.976897733852682,5.866674827857116,2.0137508590647837,2.2462112102189127,1.447167353993839,1.876255830271752,14.908621847375343,9.581883158841743,7.114781878991073,3.2579012404656247,5.360671838250769,2.5038738035058667
LT_10,2,fold2,2,,0.00042741281994330624,,6.205988557032563,,2.6294884628461817,,2.234795726664447,,7.644793588521333,,4.008145734447733,,3.543605486057133
LT_1008,2,fold2,2,,0.00042326056297299283,,6.31829162688188,,4.249522850326943,,3.4690853141297944,,8.584024256883703,,5.0308399999740425,,4.42702771485251
LT_101,2,fold2,2,,0.00042297390313933425,,5.836108367093955,,2.6527046246666606,,2.2645102836823585,,7.912070886930809,,4.223682697316398,,3.6078678373805815
LT_1010,2,fold2,2,,0.00042719673595472546,,5.787637739247003,,2.4117803711207544,,2.1948051322682964,,7.846136012338961,,3.2402655931279067,,2.845362484095264
LT_1012,2,fold2,2,,0.0004264716674679467,,6.16464710242462,,2.598386779112913,,2.287019530153806,,8.084372402771423,,3.4232343387343858,,3.0780142802429316
LT_1013,2,fold2,2,,0.00042685031963887385,,5.810204737640444,,2.2386430668068367,,1.9808665796732463,,7.564819528141912,,3.1408495501583578,,2.8143343605388154
LT_1014,2,fold2,2,,0.00042674826660657646,,6.138429850753485,,2.6112533069571464,,2.242686749202016,,7.942250561321247,,4.078999143219445,,3.605595109445398
LT_1015,2,fold2,2,,0.00042711712455638373,,6.031125162098382,,2.5152657453851224,,2.2465611788804973,,7.957067012799427,,3.4359483291215254,,2.94221123014607
LT_1017,2,fold2,2,,0.00042276327046412814,,6.317504718511663,,4.2054023629202435,,3.4836643657709283,,7.998390940366171,,5.216947435170199,,4.571395449143668
LT_1019,2,fold2,2,,0.0004269325029280964,,6.124783430508519,,2.5038762130489767,,2.2028962848059797,,7.805851596398093,,3.5969325557292513,,3.220703724138092
LT_102,2,fold2,2,,0.0004222405189372915,,6.099482310205646,,2.586701773353678,,2.2564741448371777,,8.625801800471246,,4.000473796397655,,3.2723977800540722
LT_1028,2,fold2,2,,0.0004258895610726853,,5.69482219990802,,2.3644816288892967,,2.1238436506358878,,7.620293292133666,,3.08662925622447,,2.7730297629478877
LT_1032,2,fold2,2,,0.0004225852985465777,,6.081287772457285,,2.6626799959127236,,2.244372760179986,,7.739633768515951,,4.120282747284287,,3.4885142296061704
LT_1033,2,fold2,2,,0.0004229122950344614,,6.023292624993094,,2.7232643730544623,,2.3158684016359947,,8.39662974941832,,4.648683840206303,,3.944155211291038
LT_1040,2,fold2,2,,0.00042198062499875996,,6.021408587966509,,2.609324030342203,,2.3201987946764318,,8.131360329024774,,4.057784037913292,,3.53016951509705
LT_107,2,fold2,2,,0.00042262841296543743,,6.162897358292609,,4.279241818896975,,3.505428963762416,,7.497184171126543,,4.68405211568602,,4.191549866092841
LT_1071,2,fold2,2,,0.00042271482041606606,,5.855745578587368,,2.542532328726929,,2.1704264174795145,,7.7763589706758935,,3.495908450914147,,3.227393744595516
LT_1072,2,fold2,2,,0.0004215463571694122,,5.887672085627193,,2.291899763762525,,1.9802058244954144,,7.601320343929355,,3.0956312093377414,,2.6854566430636835
LT_1078,2,fold2,2,,0.0004226252573673872,,6.186420953532955,,2.6861187106985116,,2.3127167040047456,,8.502752909779803,,3.7088787011657973,,3.2216925892654227
LT_1082,2,fold2,2,,0.00042225632629239,,6.361031429247157,,4.258571922653403,,3.4241623516406863,,8.954853185424083,,4.926280934982808,,4.305440730050835
LT_1085,2,fold2,2,,0.0004233209160773854,,6.4525387040413085,,2.8693249313710227,,2.5547977941161744,,8.750030589140355,,4.444351565549185,,3.7843065603741013
LT_1095,2,fold2,2,,0.0004218030325815452,,6.21739994351842,,4.094878719056074,,3.4104905568098625,,7.915622689772496,,4.6683061472186544,,4.197724496445356
LT_1098,2,fold2,2,,0.0004230650699346226,,6.344173643867242,,2.7329305478559123,,2.372257959523078,,8.808333583485682,,4.393576416836696,,3.660479183936678
LT_11,2,fold2,2,,0.0004227211444287008,,6.2882438757853,,2.9527557412241747,,2.4704555746379073,,7.994178559190133,,4.931350664634686,,4.211571597097033
LT_1100,2,fold2,2,,0.00042195879502921786,,6.076095020189911,,2.47006363639196,,2.135587923499534,,7.876566043539335,,3.9154244192213823,,3.4624628372358623
LT_1105,2,fold2,2,,0.00042003638464970655,,6.280158743668272,,2.630029295626826,,2.399588373430726,,8.420553977979328,,4.071962216445544,,3.3436657580206828
LT_1107,2,fold2,2,,0.00042304702326573587,,5.7899382514146565,,2.4155486294917567,,2.0695881845862734,,7.849802503066891,,3.5921926878189354,,3.2600400836243058
LT_1110,2,fold2,2,,0.00042329051176189306,,6.196526873311274,,4.00947028600038,,3.370482585176247,,8.052167462185757,,4.9221207598704595,,4.421082960642422
LT_1111,2,fold2,2,,0.0004273212838388687,,5.921697674425263,,2.5954095228467233,,2.320715842100151,,7.4341048081672225,,3.8589224842063,,3.5106218501276865
LT_1115,2,fold2,2,,0.00042257406670370007,,6.37223331017681,,4.4650536329106,,3.6016484625399494,,8.29120204476509,,5.357031193237082,,4.83105588293631
LT_1125,2,fold2,2,,0.00042377138688553737,,6.188399270739615,,2.6910911758083422,,2.3009643789676018,,8.254194692182322,,3.389420280501286,,2.986516979682485
LT_1128,2,fold2,2,,0.00042357780352827307,,6.166052892899289,,2.554343793670172,,2.258004364116284,,8.124145647329264,,3.296834721008234,,2.9995201084347243
LT_113,2,fold2,2,,0.00042141592591033415,,6.2425348927168365,,4.217858655520967,,3.5335228439657036,,8.15445817998744,,5.310814602451138,,4.787423063195997
LT_1130,2,fold2,2,,0.00042120842758285905,,6.503248617130648,,3.0584834713336657,,2.648844594875361,,8.710336847492727,,5.042620046748225,,4.0967561967823105
LT_114,2,fold2,2,,0.0004229652421150025,,5.744482317245308,,2.236904379707972,,1.966208909773547,,7.753466485206392,,3.3123686600184605,,2.889564159356577
LT_116,2,fold2,2,,0.0004229935230029083,,6.1785971473105885,,2.8862055044881654,,2.4369644869630434,,7.792262231167846,,4.699129757396716,,4.046008757705595
LT_1160,2,fold2,2,,0.0004232444904809715,,5.897027973516433,,2.478390291028437,,2.1972779748322275,,7.772351122516372,,3.2038892191056254,,2.936186834745563
LT_1167,2,fold2,2,,0.0004221947808576085,,6.207544901194985,,2.5604381539704373,,2.2527969668476966,,8.53288025754766,,4.013709560104361,,3.503676280229124
LT_1189,2,fold2,2,,0.000421919715814326,,6.342582485462311,,4.245699103774847,,3.446745639905228,,8.358360395548564,,4.788612530247195,,4.228776618649934
LT_1205,2,fold2,2,,0.0004225642170418778,,6.240357261330335,,2.6440441973212403,,2.345269600871695,,8.128147882072124,,3.8103798205990023,,3.3641936515211146
LT_1206,2,fold2,2,,0.00042629665309817585,,6.255640083116401,,2.7104841090600145,,2.405225375783905,,8.192299866867147,,3.90990689131285,,3.5603098936389834
LT_121,2,fold2,2,,0.00042214224411171904,,6.381990608842237,,3.8142041497530026,,3.286588681311777,,8.082819336236804,,4.562008499359875,,4.0919712304728515
LT_1213,2,fold2,2,,0.00042521197271502137,,5.98109889029734,,2.621911116782995,,2.295547555259699,,8.0654612244141,,3.8435245935270563,,3.3810340044665246
LT_1218,2,fold2,2,,0.00042286401293957845,,7.641985424474864,,4.671601195552176,,3.7003189387856263,,9.148785244224046,,5.84052429186329,,4.935041753641664
LT_123,2,fold2,2,,0.0004262198762784424,,6.016644287911322,,3.781990531627511,,3.2714413600499297,,7.61001990127554,,3.8840034047588965,,3.4882096897465638
LT_1236,2,fold2,2,,0.00042600888534711015,,6.251438083506916,,2.8291521121133947,,2.4394178759321243,,7.594249325534319,,4.417127045336775,,3.768974365542648
LT_1239,2,fold2,2,,0.0004240003274182825,,6.783126029494845,,3.083409719487,,2.647997475092596,,8.599313653629519,,4.847901643283669,,3.9922266542444005
LT_124,2,fold2,2,,0.0004234517900650759,,6.173316656763614,,2.872661732089822,,2.3372806399281547,,7.685023031740089,,4.1478922148935,,3.660290536682246
LT_1244,2,fold2,2,,0.00042589000318080453,,6.2116819945042225,,2.737838074458256,,2.361532036640612,,7.780933808006939,,4.371812050896556,,3.7640075054892543
LT_1245,2,fold2,2,,0.00042294824473150874,,5.999167005527939,,2.4899202061621057,,2.1624005154095056,,7.81863008986522,,3.8577306539051808,,3.364649906267473
LT_1248,2,fold2,2,,0.000425754746402187,,5.609919242584243,,2.828383093972854,,2.388707666904202,,7.638225963904507,,4.493202439451236,,3.780928308646674
LT_1254,2,fold2,2,,0.0004215034923573009,,6.287934585070635,,2.714322503955378,,2.3319843888496203,,8.237856687982413,,3.9181708177478245,,3.442437276037754
LT_1256,2,fold2,2,,0.00042170073592266016,,6.0510427101254205,,2.6499124982070787,,2.2966593248030245,,7.999488599558091,,3.619746102788714,,3.286770674953928
LT_1259,2,fold2,2,,0.00042385163414203515,,6.172834797467228,,2.3674662577003756,,2.0577036286583783,,7.825557078266673,,3.2633736795985318,,2.988394756685161
LT_1263,2,fold2,2,,0.0004248838622236892,,5.788606955176534,,2.6380929564814313,,2.360437239427581,,7.2017113558045045,,3.7187921135678,,3.2211493855746207
LT_127,2,fold2,2,,0.00042125973016629743,,6.504299893361196,,4.032569157662707,,3.3675180635154036,,7.834593951244166,,4.761151782004878,,4.143426880903153
LT_1275,2,fold2,2,,0.0004219407307093307,,6.245787066613595,,2.625975886285662,,2.346066708850653,,8.498183215759514,,3.9860149738612454,,3.4054690266626544
LT_1279,2,fold2,2,,0.00042277577055054895,,5.953759186440163,,2.538252209582656,,2.176545473195898,,7.42050083819519,,3.458679843940202,,3.1488606532786334
LT_1286,2,fold2,2,,0.000421469452342213,,6.46038561003888,,2.724232430987585,,2.389393218910567,,8.945840247498323,,4.165909687342409,,3.589681869888999
LT_1295,2,fold2,2,,0.00042375260822230185,,6.235666413530334,,2.6353007533917845,,2.1949520113799235,,7.913958453463575,,4.2689453932483765,,3.5997195546034737
LT_1297,2,fold2,2,,0.00042303167979120156,,6.076514239513486,,2.5321496534920684,,2.1735764521148484,,8.002787753363915,,3.9322941218840968,,3.4325059553781503
LT_1306,2,fold2,2,,0.00042158783024690005,,6.5353322217921965,,2.618756148972155,,2.322030986605807,,9.220937433740222,,4.493540317347006,,3.4710914779336886
LT_1313,2,fold2,2,,0.0004209343813840784,,6.39344200045325,,2.8133147562330727,,2.448720652864012,,8.873677990750853,,4.648901166645546,,3.8450426964814035
LT_1316,2,fold2,2,,0.00042262422983333284,,6.065046873351847,,2.7747026610919154,,2.283105563268503,,7.679929169240037,,4.307394935828056,,3.714042578565182
LT_1317,2,fold2,2,,0.00042267596243553834,,6.004316667890268,,2.52525403189377,,2.157430503657338,,7.769881770918208,,3.5905942439443295,,3.1897002953311837
LT_1318,2,fold2,2,,0.00042728084298681267,,6.030400268592345,,2.615121918161718,,2.2879823902379326,,7.57575310776964,,3.8361329028174223,,3.5226020157777875
LT_1323,2,fold2,2,,0.0004205696605170707,,6.278588396446551,,2.694892776535403,,2.333719159733878,,8.33228948384216,,3.9680946211526127,,3.471875087141242
LT_1326,2,fold2,2,,0.00042405294208634585,,6.001775127895127,,2.923967238485209,,2.4548903031873306,,7.703335891964448,,4.560305675827039,,4.066749652957049
LT_133,2,fold2,2,,0.00042297718836889833,,6.09184782994558,,2.515469551977091,,2.1583515559814423,,7.59002541763438,,3.2564925602461585,,2.915107934025184
LT_1331,2,fold2,2,,0.0004206488227163508,,6.330803633509004,,4.13840523123221,,3.3485777403305836,,8.141403678309466,,4.740122774365743,,4.076564441775375
LT_1333,2,fold2,2,,0.0004231988042853671,,6.322450059456385,,2.5415704223296043,,2.179130683632204,,7.9526922395544135,,3.9927371304725088,,3.386958149492386
LT_1337,2,fold2,2,,0.00042235144591412643,,6.170310716140405,,2.6389591691724403,,2.3587042607595112,,8.11256252197312,,3.8770293102430604,,3.4373480128683416
LT_137,2,fold2,2,,0.0004245462809415665,,6.527412043032384,,4.008742950393968,,3.3703795702220574,,8.020948502242625,,4.453251419187082,,3.8692249950928073
LT_1381,2,fold2,2,,0.00042189457329019214,,5.901712634619222,,2.543860272656196,,2.2199525939788494,,7.828897254394914,,3.414625471136309,,2.9189482106098876
LT_1382,2,fold2,2,,0.0004222619169689714,,6.422692265729936,,2.8048189047226115,,2.4245419596839386,,8.609745765842861,,3.6186744710221856,,3.1895485860467763
LT_1385,2,fold2,2,,0.0004215408168766477,,6.083579701076882,,2.861825828023966,,2.4045285596310753,,7.820656125819978,,4.179694725954474,,3.6226915243074034
LT_1386,2,fold2,2,,0.00042136869582737324,,6.302503014577143,,2.7281143556670564,,2.363247559996347,,8.196048819348245,,3.83760585903895,,3.261427192410615
LT_14,2,fold2,2,,0.00042205603382013644,,6.34293827547454,,2.6124605577223132,,2.3387945284907685,,8.917563247239336,,3.9070532785667114,,3.2953269776238256
LT_1403,2,fold2,2,,0.00042113874310071263,,6.257038779780506,,2.620002981673425,,2.347441328743741,,8.6680905370382,,4.1897555947553045,,3.5002618306672217
LT_1405,2,fold2,2,,0.00042093556905802715,,6.23521296667512,,2.7433737215070337,,2.415345403201535,,8.255704338919644,,3.9844640452967464,,3.4936913205339613
LT_1409,2,fold2,2,,0.00042148662024210637,,5.957546845226189,,2.5972831563225394,,2.309689125623804,,7.759956899219073,,3.4499991080177304,,3.1949533682327407
LT_1412,2,fold2,2,,0.0004224813376539384,,5.974565284927883,,2.4133685998681544,,2.128062608819933,,7.789575018619267,,3.6126015757470946,,3.2336155807723825
LT_1414,2,fold2,2,,0.00042163974554451644,,6.442562405272133,,4.244150095916318,,3.451917962244454,,8.407321805976585,,5.229207134700395,,4.558111772351762
LT_1415,2,fold2,2,,0.0004218604590234352,,5.96423634351887,,2.3629301207722246,,2.0560345183910806,,7.739394897372795,,3.288790223339061,,2.9877876289330216
LT_1418,2,fold2,2,,0.00042127099137329906,,6.234358809796025,,2.8691277915586375,,2.4161739942467317,,7.924890367211082,,4.5573585452550605,,3.9197865663873404
LT_1423,2,fold2,2,,0.00042148735162249144,,5.993483968690759,,2.6014642629653943,,2.2149162572796994,,7.953548820476059,,4.033931346102712,,3.4737716627745168
LT_1428,2,fold2,2,,0.0004249432384076674,,6.059747922509054,,2.3993349180518906,,2.0843674847244125,,7.977781196757394,,3.814934658668805,,3.305294890978753
LT_1429,2,fold2,2,,0.00042210123925985436,,6.785004498368347,,4.690324639050179,,3.628959421928489,,8.28088190634279,,5.757367890393466,,4.843078817211786
LT_1430,2,fold2,2,,0.0004204751594265102,,6.175613811333959,,2.7094327360814354,,2.329321950953816,,7.809022425327212,,3.8513221390849384,,3.359678393740934
LT_1435,2,fold2,2,,0.00042035630684837504,,6.027617302655931,,2.4742675638852623,,2.1478668400559764,,7.7541417563655415,,3.7476299893774616,,3.1457386338708337
LT_1437,2,fold2,2,,0.0004231028039122231,,6.015841768900781,,2.474143432148767,,2.2165922840124686,,7.878870742917492,,3.0326035571325907,,2.6411638272467863
LT_1440,2,fold2,2,,0.00042135847545617285,,6.4916523116540334,,2.7328952228158174,,2.3564531034439242,,8.753910152639044,,4.01721682340657,,3.40818769013835
LT_1444,2,fold2,2,,0.0004204552053611449,,6.494467026230994,,4.4304998640674595,,3.5437340898678253,,8.285198313507589,,5.417344277459105,,4.751739923139045
LT_1445,2,fold2,2,,0.00042190719395456336,,6.493465514020925,,4.2100384398679385,,3.410449135164657,,8.5627394479304,,4.352347814986405,,3.760830126258551
LT_1447,2,fold2,2,,0.000420955766793029,,6.128317633249434,,2.5593119406644744,,2.3001826719569936,,8.536778777150378,,3.7011451452552335,,3.120130062783608
LT_1450,2,fold2,2,,0.0004201292291820258,,6.2744415134441285,,2.8134728292062614,,2.4087985079332634,,8.570623167774958,,4.560772249367207,,3.7779968171717773
LT_1452,2,fold2,2,,0.0004220542107573489,,6.233301798617608,,2.489018205634022,,2.2310473697299176,,8.025933006850893,,3.126132260954098,,2.720251025427604
LT_1453,2,fold2,2,,0.0004234032284917231,,6.439153095195838,,2.7836300332152946,,2.443551453576024,,8.744596509577677,,4.347263685168653,,3.8028146993227807
LT_1455,2,fold2,2,,0.00042217242037154677,,6.342979137981432,,4.1917535677267,,3.4284807692413413,,8.171965533564686,,4.746089020464122,,4.138219168653287
LT_1456,2,fold2,2,,0.0004216983179908644,,6.608536951970585,,2.9222064140332735,,2.554004667450692,,9.060792596437333,,4.928056819730077,,4.035387885107912
LT_1457,2,fold2,2,,0.00042250443266967676,,6.263844784446818,,2.8058777227948073,,2.453350594574078,,8.547013464870226,,4.3974051270375405,,3.764594539656129
LT_1458,2,fold2,2,,0.0004227681870229167,,7.059173648878019,,3.205758278745214,,2.681460416093325,,9.196250487372994,,5.071527994692051,,4.1337627226818245
LT_1459,2,fold2,2,,0.0004221610184306796,,6.0439105823717805,,2.685101686723337,,2.2915391741016116,,7.950943880144394,,3.845999767164328,,3.3693893063914495
LT_1460,2,fold2,2,,0.00042159475282513813,,5.805983304072614,,2.3836716660184636,,2.2146783881362726,,7.831594011402236,,3.168238704259744,,2.684098355045842
LT_1461,2,fold2,2,,0.0004234923455388416,,6.289685592087238,,3.1191417280240556,,2.656348318095467,,8.223030527327742,,4.883927491058513,,4.171382822467244
LT_1462,2,fold2,2,,0.00042367489075303445,,6.307484649847707,,2.686650212212061,,2.3944910188408572,,8.58252674716369,,3.61359077599971,,3.2315983171221414
LT_1465,2,fold2,2,,0.00042332492646245806,,7.414131385750407,,3.112760424313701,,2.5906574623349017,,9.347638837959323,,5.2999331096581095,,4.357522088007532
LT_1466,2,fold2,2,,0.0004220395261971127,,6.603295796507793,,4.230298335640815,,3.3775397787090324,,8.513371390653363,,4.380505533836906,,3.7134176112458435
LT_1477,2,fold2,2,,0.00042318829295905774,,6.253323917073777,,2.6038108499281316,,2.308224953451727,,8.679033650468346,,3.642983702866602,,3.2731589652628963
LT_148,2,fold2,2,,0.0004263636513351099,,5.912816442120665,,4.223661304237306,,3.4292966913613334,,7.298874565220734,,4.8917768708007605,,4.369032335915469
LT_1481,2,fold2,2,,0.0004203707751675289,,6.176756452917221,,2.6154528043269156,,2.304627900245021,,8.022995946939524,,3.97598067183497,,3.4415152788944803
LT_1482,2,fold2,2,,0.00042349070340973877,,6.384804793378223,,4.141108336808586,,3.3740031911150297,,8.588195440606043,,4.932504618489621,,4.251406253369735
LT_1483,2,fold2,2,,0.00042279433432323814,,6.48169981144838,,4.097499968219983,,3.3177355351676123,,8.637685262291324,,4.354438006188145,,3.802821405091194
LT_1485,2,fold2,2,,0.0004234469135558708,,6.046578951772388,,2.860953035953252,,2.4400062389115753,,7.89115686350109,,4.330560468858604,,3.7859834345580676
LT_1487,2,fold2,2,,0.000423112480995861,,6.121083848727746,,2.58372136432913,,2.2743295871997358,,8.660730105897496,,3.9041275800889115,,3.34769897707615
LT_1489,2,fold2,2,,0.0004235671105779354,,6.212537532861795,,2.7278992408675506,,2.4201005542888177,,8.315105528095788,,3.6188973031364293,,3.1879448770903664
LT_1491,2,fold2,2,,0.0004222047440742144,,5.898622326937666,,2.2422668737173668,,1.9770099370105512,,7.995143700233796,,3.5986301079181477,,3.118757446141388
LT_1494,2,fold2,2,,0.00042171137238296297,,6.034117830476031,,2.5437840462519166,,2.190939085729181,,7.784788653417163,,3.5434817731065262,,3.210989999186812
LT_1506,2,fold2,2,,0.0004214258866065291,,6.391016567641316,,4.059580532865851,,3.2892205832998904,,8.505015843675018,,4.553647474430402,,3.908710379689289
LT_1513,2,fold2,2,,0.0004211771977435542,,6.175488655300149,,2.537376471862922,,2.287059059167515,,8.09248378220724,,3.496641982996551,,3.067132638033446
LT_1526,2,fold2,2,,0.0004210166701983462,,6.3203482293688475,,2.605755287400968,,2.310413521889985,,8.378935193398158,,4.004000296943825,,3.37390310933742
LT_1527,2,fold2,2,,0.00042090928440304334,,6.298592941198019,,2.7783559406936655,,2.3931808935206944,,8.326953706800245,,4.147503362401422,,3.502341298486965
LT_154,2,fold2,2,,0.0004224247840412202,,6.066855943387581,,3.770091383579772,,3.2228214380861164,,7.785520249366569,,3.8758595729885132,,3.470576138993223
LT_1541,2,fold2,2,,0.00042299253980267355,,6.019183851548645,,2.4108798215134106,,2.2003617559450883,,7.480030241558888,,2.9385025651986028,,2.6345237955636467
LT_1553,2,fold2,2,,0.0004212640375343465,,6.673914757342268,,2.926736129976033,,2.520283108986081,,8.991827841104458,,4.742713938245433,,3.8554483726015327
LT_1554,2,fold2,2,,0.00042545826660169393,,5.905341025777758,,2.175338479879994,,1.9379098396259231,,7.943528607818271,,3.119699302087323,,2.782624336780425
LT_1556,2,fold2,2,,0.00042401263593508723,,6.1385970076686975,,2.609697803085984,,2.315068990238795,,8.409139347614463,,3.8600170921616335,,3.357659309491833
LT_1557,2,fold2,2,,0.0004237018295079331,,6.049671778024224,,2.551773769909507,,2.299002757925638,,8.34884529464778,,3.5361339779054743,,3.0820254162399037
LT_1558,2,fold2,2,,0.00042309973382359187,,6.263585300035313,,2.6386119056523922,,2.3249758636038615,,8.990868111022497,,4.413934968117006,,3.6320309128062442
LT_1559,2,fold2,2,,0.00042357649941016616,,5.952955890970425,,2.476267717686149,,2.2467290015540167,,8.44509486762145,,3.571652835977159,,3.0922970492498307
LT_1560,2,fold2,2,,0.00042413145767103595,,6.2363142733936785,,2.8480261423593496,,2.480033208635794,,8.51428348922307,,4.704775127439093,,3.9417888055149164
LT_1561,2,fold2,2,,0.0004234779774371228,,5.933114806914958,,2.4824686094733885,,2.247490837379126,,8.444943780163648,,3.663223806374481,,3.1255406691098075
LT_1567,2,fold2,2,,0.0004225807353362542,,6.04150652198342,,2.70643871292803,,2.2583032402198606,,7.742659680702377,,3.4421850263893274,,2.937444650197162
LT_1571,2,fold2,2,,0.00042132678500385844,,6.414083795557006,,4.228214411202142,,3.515596236800328,,8.182474260981515,,5.346666419995401,,4.7447446296080855
LT_1573,2,fold2,2,,0.00042102878320912467,,6.588755313379621,,4.262946407376937,,3.407390357925449,,8.752257291831272,,5.298695262447396,,4.567409307899718
LT_1580,2,fold2,2,,0.0004244086155541886,,5.938825585569149,,2.860887169221538,,2.436352064195581,,7.772607541579057,,4.544396382287279,,4.01630530742152
LT_1582,2,fold2,2,,0.0004219994962910423,,6.424750759692809,,4.174994286466227,,3.305782757061786,,8.328313627601458,,4.70560489268097,,3.9951314555159088
LT_1584,2,fold2,2,,0.0004212710874274793,,6.037789783243681,,2.2494941984570276,,1.9506958641373475,,7.964441045188883,,3.0215155890714804,,2.7265249954736324
LT_159,2,fold2,2,,0.0004260162446432427,,6.083883669562774,,2.5253025740995168,,2.202122625452267,,7.82442204332235,,4.117514014338336,,3.5718700650235307
LT_1594,2,fold2,2,,0.00042236534653622253,,6.592844924865026,,3.2317394702397744,,2.747180483270601,,8.202323091402619,,4.993965720023183,,4.135644394924379
LT_1596,2,fold2,2,,0.00042191398639289043,,6.2178712114040815,,2.6742632788176324,,2.3627403565050855,,8.831384904599291,,3.9334746978635864,,3.346877002855025
LT_1598,2,fold2,2,,0.0004210189682203134,,6.306840518402599,,4.3138897844513675,,3.5092297184664685,,8.098127252128661,,5.354048217664421,,4.619001863215933
LT_16,2,fold2,2,,0.0004210918963892772,,6.179008813308716,,4.181224546738495,,3.3871459613693427,,8.185217946467331,,4.799282534266437,,4.272882474231082
LT_160,2,fold2,2,,0.0004263171203942994,,5.9446715755237385,,3.831063989076356,,3.3031334397784895,,7.675773466184184,,3.86479393231298,,3.5101086906582855
LT_1608,2,fold2,2,,0.00042339092125005286,,5.904941970128328,,2.483456920873948,,2.0713211567795757,,7.724845784694127,,3.0779002346480007,,2.7517113708614964
LT_166,2,fold2,2,,0.00042414605200518166,,6.168114648193826,,2.7591522467420506,,2.3363676343647795,,7.635463567864979,,4.452287581292674,,3.850970965838865
LT_1665,2,fold2,2,,0.00042411880618282126,,6.576055913374146,,4.664190918734621,,3.5610501176910403,,7.975139158357927,,5.520364656176418,,4.8066477125523965
LT_167,2,fold2,2,,0.00042656611244682764,,6.054647888284545,,2.5176276697423234,,2.1761679173427355,,7.582590268888177,,3.1709100697420136,,2.925328712682753
LT_1684,2,fold2,2,,0.00042314934552434465,,6.72858318080201,,2.935957896044328,,2.5329665692458354,,8.807614768813027,,4.8093847387717865,,3.935968971820856
LT_169,2,fold2,2,,0.0004236051991037392,,6.144825345876011,,2.802580315628806,,2.340054459612112,,7.7568603578158655,,4.448059124066927,,3.8861097433536194
LT_1691,2,fold2,2,,0.00042020760453209335,,6.519825223895445,,4.17489042238746,,3.3874713405114494,,8.285971378464605,,4.834890708809302,,4.286122467435942
LT_1698,2,fold2,2,,0.00042189380154700716,,6.236323943370581,,2.699298415200216,,2.358518222154976,,8.463491347185965,,3.7952640305110674,,3.2975130374523367
LT_1699,2,fold2,2,,0.00041984415923930485,,6.276857438913416,,2.714420814636842,,2.3850319784274787,,8.338827427698876,,3.9783958457899917,,3.4483098031889745
LT_17,2,fold2,2,,0.0004220058132398761,,6.682566335043231,,4.19955518824906,,3.3477790213045275,,9.323147879907376,,5.261403490316877,,4.518637112960596
LT_170,2,fold2,2,,0.00042772983191653735,,5.888361776367336,,2.515944661493173,,2.132929545578632,,7.486271010721574,,4.18273549124034,,3.5710879551964303
LT_1700,2,fold2,2,,0.00042136118579129064,,6.5216846587043715,,2.8838258332245608,,2.4977295451407158,,8.803667239841255,,4.608651713487304,,3.835956142056961
LT_1701,2,fold2,2,,0.00042107616758524195,,6.898409985046551,,4.360349925994277,,3.4870072230505573,,8.9403833692828,,5.379829509642674,,4.736410733050446
LT_1711,2,fold2,2,,0.00042183795308628307,,6.296692526065575,,4.194577027620489,,3.444223560279896,,8.47415797412369,,5.087873776387249,,4.527976408418453
LT_1714,2,fold2,2,,0.00042024409299648395,,6.2181010814642335,,2.5856116011053967,,2.2827311593382595,,8.712487560553713,,3.979494753778502,,3.36127404354749
LT_1715,2,fold2,2,,0.00042150375640717663,,6.4026803677015955,,4.379695522625393,,3.542674729698184,,8.018086718517868,,5.318434867624909,,4.763435853506542
LT_1717,2,fold2,2,,0.0004218461632142425,,6.153725946868936,,2.684782518841287,,2.312153371349016,,8.025383328876211,,3.5826597005677754,,3.2833610778993347
LT_1719,2,fold2,2,,0.00042274701988798125,,6.270181283062459,,2.6002623166713597,,2.2894064482401326,,8.523506667367892,,3.580249338380743,,3.091438397551796
LT_1720,2,fold2,2,,0.00042380736986628517,,6.280491542651625,,3.0700419507147783,,2.550564116761456,,7.671534212376634,,4.938533994327648,,4.198874374665874
LT_1723,2,fold2,2,,0.0004205893493884564,,6.244132385901398,,2.7601222179170324,,2.3492057109610265,,8.2061276651317,,4.215831060392025,,3.589850108878465
LT_1726,2,fold2,2,,0.000421558399332677,,6.235853110859269,,2.7847903693596083,,2.3221622660083847,,7.793224542807268,,4.314755959126384,,3.811081443655353
LT_174,2,fold2,2,,0.00042484181845494316,,6.054708431354579,,2.798108942086118,,2.320078646211316,,7.575444733076626,,3.609174947489657,,3.3321711510853027
LT_1740,2,fold2,2,,0.00042050390587861607,,6.185082184203868,,2.7045931415290547,,2.4064852805300854,,8.630808521246701,,4.369335058058074,,3.6487215601271235
LT_1742,2,fold2,2,,0.0004213306412463678,,6.411230623521971,,4.243682277158627,,3.4384631432980366,,8.272368667255353,,4.789908976923065,,4.215091056238651
LT_1744,2,fold2,2,,0.0004206283968773133,,6.63315809013532,,4.397704602675261,,3.4454044293121813,,8.847782961933332,,5.4703446657025365,,4.789731655558056
LT_1745,2,fold2,2,,0.0004199611480543569,,5.945613611691149,,2.547396882439222,,2.2304280255916975,,7.731565169205793,,3.5713528285917593,,3.0169652612681093
LT_1746,2,fold2,2,,0.00042104578279887096,,6.438187726058477,,4.105606140198923,,3.4281568358744643,,8.165006390067367,,4.934177443556107,,4.307555591077091
LT_1747,2,fold2,2,,0.00042104118692583986,,6.1710245678152225,,2.4804949209375757,,2.163857766663431,,8.226127163093237,,4.044668141923084,,3.449811020810695
LT_175,2,fold2,2,,0.00042857798745261216,,6.141956574542074,,2.8066964173506666,,2.311612097259133,,7.420830101490973,,4.093746958496115,,3.6194668555545353
LT_1750,2,fold2,2,,0.00042151460745317587,,6.684635383219106,,4.285281771665667,,3.572331250381612,,8.434422892532949,,5.521093504517389,,4.8517097181845985
LT_1751,2,fold2,2,,0.00042086322894649593,,6.192824480076005,,2.584213975764385,,2.1928385514660587,,7.985251376727405,,3.9362667262215685,,3.432885325811141
LT_1753,2,fold2,2,,0.00042089258854168324,,6.00542508926301,,2.5578426211549345,,2.2944776977851946,,7.735339121055096,,3.4659433313070775,,3.159641515791692
LT_1754,2,fold2,2,,0.0004205329063725338,,6.272600433312655,,2.4827020027293556,,2.1944924210255494,,8.413418505702706,,3.3668399222807333,,2.9289199508418786
LT_1756,2,fold2,2,,0.0004214245577259645,,6.4005577298014105,,4.116585327790558,,3.432177064026561,,8.007239861013238,,4.9979567803146185,,4.470212822899855
LT_1757,2,fold2,2,,0.000422621340159246,,6.091060910637207,,2.7391643218932162,,2.2581566290436283,,7.795216581508631,,4.2703620078155575,,3.75032018615505
LT_1759,2,fold2,2,,0.00043027341424694415,,5.907732974792969,,2.929191891242577,,2.399668383415076,,7.480583795275189,,4.634510141372067,,4.001894891905061
LT_1770,2,fold2,2,,0.00042258243370123065,,6.330489912874204,,2.812078270933185,,2.430942779436145,,8.424639627588029,,4.273762759525416,,3.6447717324285307
LT_1771,2,fold2,2,,0.00042574112328537354,,6.0867941538147905,,2.981494748192331,,2.5728228625137004,,7.715937807432063,,4.63763697125007,,3.959719524628385
LT_1772,2,fold2,2,,0.00043674986136772904,,5.016513150538774,,2.1083451885746136,,1.895386400289846,,7.366896783015598,,2.9422908704968505,,2.763070625170865
LT_1773,2,fold2,2,,0.00042670134724926215,,6.260587504484412,,2.673605262094208,,2.338896311918973,,8.021836877971777,,4.066848636304226,,3.500348675636514
LT_1777,2,fold2,2,,0.0004220695997669971,,5.98007811771398,,2.5667596070208414,,2.2533230567743896,,8.084888210293506,,3.916292158185409,,3.4009818789682336
LT_1779,2,fold2,2,,0.00042444423791279315,,5.806268839460294,,2.633812168900109,,2.225535019655943,,7.287936281991279,,4.08574887836924,,3.5111300020649496
LT_178,2,fold2,2,,0.0004254802602851864,,5.947415573460203,,2.3215845950679195,,1.9878782045637178,,7.781269925612994,,3.565567835985263,,3.094506116468433
LT_1780,2,fold2,2,,0.00042266799469962285,,6.116762310867018,,2.609389773011418,,2.315641528214941,,8.666721400802997,,3.7182758706668118,,3.083826122516296
LT_1782,2,fold2,2,,0.0004209280827155489,,6.6106730260353626,,4.267464528141711,,3.4799760891047122,,8.719941155303918,,5.224621636990929,,4.650767053903008
LT_1785,2,fold2,2,,0.00042122040069227963,,6.114428883926184,,2.518229762726122,,2.25834271439951,,8.392236022704807,,3.4299593435390934,,2.9757353630516157
LT_1786,2,fold2,2,,0.0004213502481194148,,6.523125999056974,,2.960130695099497,,2.5472676624130366,,8.609236481895701,,4.5575387264192635,,3.8687252658702995
LT_1787,2,fold2,2,,0.0004216072005477564,,6.684346459838774,,4.326356513512455,,3.425047498768645,,8.978508836708208,,5.3422984506200715,,4.69515396150262
LT_1788,2,fold2,2,,0.00042113609683130764,,6.004497235366962,,2.517647192555568,,2.2029569184942517,,8.020204939268112,,3.6408352578352248,,3.1118660497754442
LT_1793,2,fold2,2,,0.000420863339296737,,6.150091847752231,,2.4759388251354286,,2.2525800679565577,,7.871920542955762,,3.2489375385665333,,2.8506962713355324
LT_1794,2,fold2,2,,0.0004197371419387332,,6.422350223825144,,4.036282091657286,,3.269639926777217,,8.379806166987832,,4.460189441833774,,3.880782326137002
LT_1796,2,fold2,2,,0.0004223134237500512,,6.157940482110649,,2.741629725969403,,2.2797235709899017,,7.783980901008582,,3.928838809460525,,3.4194237958255354
LT_1797,2,fold2,2,,0.00042101046637842837,,6.118186545913715,,2.4395542305042763,,2.219451799830916,,8.019310962022274,,3.349595339808045,,2.8488406820149597
LT_1809,2,fold2,2,,0.0004214488236988761,,6.104807839266447,,2.594588121394009,,2.300341759379332,,8.552577860960055,,4.057051558808961,,3.3420715383885433
LT_1813,2,fold2,2,,0.00041952539038164934,,6.259950400583157,,2.73080396128725,,2.404625413465056,,8.48952566686924,,4.412410042171152,,3.716645880417674
LT_182,2,fold2,2,,0.0004224532259807217,,6.213794923840735,,2.6739737602601417,,2.283726671443019,,8.144499719273375,,4.510661816242931,,3.788091261631856
LT_1821,2,fold2,2,,0.0004233402386203209,,6.1819958664686805,,3.8047116172195166,,3.2573924444901667,,7.609466372702063,,4.4673556083526185,,3.9540986808141017
LT_1823,2,fold2,2,,0.000421873458522265,,6.014243664193259,,2.4773235159865203,,2.1668529859488523,,7.875332178791484,,3.899417346416292,,3.3567137931087205
LT_1824,2,fold2,2,,0.0004207124692877616,,6.494835347736594,,4.117586574164686,,3.4338878025228405,,8.224390089846715,,4.837135531060033,,4.202304893668241
LT_1825,2,fold2,2,,0.00042165524210093126,,5.935709035992222,,2.5225061686752697,,2.237861393079974,,7.5350351793522545,,3.8732934032540784,,3.248893992777999
LT_183,2,fold2,2,,0.00042375402216643897,,6.385419303023662,,3.0151051774273765,,2.5467124002541235,,8.110325423192624,,4.880738587053675,,4.242142260283062
LT_185,2,fold2,2,,0.00042300081954605405,,6.1652560589433545,,3.9657687005967226,,3.2511700498707277,,7.5932237564009455,,4.155601147896728,,3.568719372935263
LT_1851,2,fold2,2,,0.0004212462686521753,,6.088863643646011,,2.440118329970203,,2.194068935382184,,8.00923222805703,,3.310762203698474,,2.811503502346719
LT_1852,2,fold2,2,,0.0004218750644374384,,6.3241081718982946,,4.148549268701363,,3.29039048665177,,8.16996406081153,,4.6043874210442,,4.044045612525921
LT_1853,2,fold2,2,,0.00042153837873927513,,6.089751244650755,,2.5043861405017593,,2.2373656746280792,,8.35184820293783,,3.4534061199056776,,2.9586012337798704
LT_1858,2,fold2,2,,0.0004225493916963363,,6.247716128786766,,4.073394418986077,,3.4358297626327157,,7.72780586681786,,4.364304636821638,,3.8802063885106626
LT_1859,2,fold2,2,,0.00042404734493830913,,6.000590269010917,,3.9059651149843906,,3.285725156119596,,7.665276838448399,,4.003421493717632,,3.5869548920743886
LT_1860,2,fold2,2,,0.0004224629379160436,,6.149561785063348,,2.531806283376395,,2.16103516684543,,7.914717984668087,,3.984347881652308,,3.472847959070361
LT_1861,2,fold2,2,,0.0004236616644618871,,6.198065173559822,,2.9990199864660436,,2.51123369693324,,7.667307972770596,,4.52737388360508,,3.9779724008305664
LT_187,2,fold2,2,,0.00042778827935332706,,5.919840007351754,,2.6073811748620113,,2.184012199761304,,7.73708540957593,,4.3479151381989585,,3.7783896091391536
LT_188,2,fold2,2,,0.0004236771044683011,,6.3287100980893625,,2.90713859974981,,2.4963759841688837,,8.233423517992579,,4.710698779572304,,4.045006724306949
LT_1885,2,fold2,2,,0.0004241202189785194,,6.2728766995914045,,4.10544758910247,,3.4172611797759096,,7.860476060397192,,4.915236709432199,,4.366890508823557
LT_189,2,fold2,2,,0.0004244498524065103,,6.6504719060725135,,3.0586001282274826,,2.5464669902131236,,8.398353077323309,,5.094784677535636,,4.335664046318921
LT_1890,2,fold2,2,,0.0004254115865233929,,6.881711910537257,,3.103952303820003,,2.6447380957144304,,8.480956888564068,,4.901280259667188,,4.211838076801969
LT_1891,2,fold2,2,,0.0004232599494491292,,6.809413215955553,,4.584944376287327,,3.543374371381485,,8.598731655111443,,5.455482834936078,,4.69313284404721
LT_190,2,fold2,2,,0.00042454322216296976,,6.3032593662722896,,3.709168541981715,,3.221146439940989,,7.868403380687927,,4.171003082307646,,3.7233856948287123
LT_1903,2,fold2,2,,0.00042664447669053633,,5.949628995171166,,2.312760036093287,,2.0360652751040216,,7.940716338340035,,3.6562878657654285,,3.2279205319957374
LT_1913,2,fold2,2,,0.0004217463037230508,,6.435912065942409,,2.907644571606093,,2.487375237320813,,8.48735465807795,,4.606995155900968,,3.8459442344562436
LT_1915,2,fold2,2,,0.00042242114829653746,,6.373764756474189,,2.709358595725643,,2.3355828485127126,,8.29171419992627,,3.680455494675276,,3.2322848382895115
LT_1916,2,fold2,2,,0.00042201164396504613,,6.183138886387612,,2.5464003465420832,,2.2748066000679614,,8.332246881501058,,3.3535954893096536,,2.840889653638066
LT_1918,2,fold2,2,,0.00042288568943306404,,6.271503483827711,,4.027392308776195,,3.2584857643018257,,7.77938591027623,,4.5092206070381815,,3.9097287635442712
LT_1919,2,fold2,2,,0.00042130142561874577,,6.31758764823237,,2.68628265442234,,2.363657584084094,,8.439478135039673,,3.823683008817732,,3.3129820096644655
LT_1920,2,fold2,2,,0.0004226021205047028,,6.300169341818068,,2.8130816458166583,,2.462143654682294,,8.24746315072657,,3.539840503676124,,3.074326223516055
LT_1939,2,fold2,2,,0.0004218733257486066,,6.196858709671797,,2.594350485102105,,2.2691278594858777,,8.098683345923082,,3.32013056461037,,2.8909477728421837
LT_1940,2,fold2,2,,0.0004219151952144784,,6.416427290549475,,4.359575037345656,,3.4118690643809053,,8.310832850468174,,5.16671044971385,,4.529750968087075
LT_1941,2,fold2,2,,0.0004215973629189077,,6.468160555988621,,4.266052560726342,,3.4360602423543236,,8.37141596880813,,5.022787990300958,,4.4231564784266775
LT_1942,2,fold2,2,,0.0004216398578921754,,6.272942162765551,,2.655898307839595,,2.393592142305493,,8.575211792580777,,4.192707648534193,,3.5661241920368787
LT_1943,2,fold2,2,,0.00042115595489825366,,6.3533236976824545,,4.2077348889302275,,3.4900699901197756,,8.277162622275714,,5.11142330901034,,4.477822984881844
LT_1944,2,fold2,2,,0.00042285307443800865,,6.440652240460644,,2.8256712528286667,,2.4227988129787534,,8.97374320805396,,4.587286993655616,,3.798531870526291
LT_1952,2,fold2,2,,0.0004212781878503019,,6.509343925707797,,2.864467684782048,,2.5236333101974107,,8.72152530607726,,4.431175695818646,,3.6786698246386735
LT_1953,2,fold2,2,,0.0004220179253409343,,6.311414539551793,,4.289655135738116,,3.5506495428802505,,8.181820336757802,,5.210801342913739,,4.653503988091703
LT_196,2,fold2,2,,0.0004273429502957213,,5.849719683175346,,3.9016598986737243,,3.281416282137689,,7.27498674293837,,4.668324012520648,,4.230320549734289
LT_1971,2,fold2,2,,0.00042091913048312307,,6.509654147129896,,3.027385585765317,,2.5148025422484133,,8.472555391165903,,4.6288282485277525,,3.811615989074629
LT_1972,2,fold2,2,,0.00042151916270411795,,6.0717734771475635,,2.551323110434481,,2.246733436567955,,8.300999140679584,,4.036371632775183,,3.2202869490877144
LT_1974,2,fold2,2,,0.0004203443006825826,,6.334106127948793,,2.6997758824542837,,2.380191598571214,,8.527336333336486,,4.088664765449988,,3.5286679774503553
LT_1979,2,fold2,2,,0.0004226941807302844,,5.996013588350033,,2.6173649854395893,,2.3123081450169862,,7.946042778787686,,4.174031977676359,,3.648042081892255
LT_1980,2,fold2,2,,0.0004226640072233865,,6.13204062228019,,2.5860354598649717,,2.3232582825159813,,8.401760591275716,,4.081369105148782,,3.517773539410638
LT_1983,2,fold2,2,,0.00042229062129174946,,6.102766785760218,,2.8250615007783892,,2.474039514621687,,8.474996695997778,,4.513971877350496,,3.8852702462151245
LT_1985,2,fold2,2,,0.0004255768398318382,,5.747086260759431,,2.3338004716834266,,2.133633721317612,,7.3001303566179745,,3.0944182672718337,,2.7871589941818304
LT_1988,2,fold2,2,,0.0004233179972589554,,6.268048252806488,,4.110865693485817,,3.4617199203807925,,7.883743905601471,,4.997556008346182,,4.353138121479054
LT_1989,2,fold2,2,,0.00042432142319384983,,6.230385136974273,,4.020201332934029,,3.3999937593608944,,8.084225324857364,,5.11940195723527,,4.522473160945616
LT_1994,2,fold2,2,,0.0004238948724851182,,6.289891957875387,,4.167211555272728,,3.465581350390586,,8.033740361180811,,5.204157319377375,,4.455886013080773
LT_1998,2,fold2,2,,0.00042690678579741445,,5.932650797226692,,2.446776161017731,,2.1405762100438275,,7.667699780459195,,3.6042270096889495,,3.3737196847910624
LT_1999,2,fold2,2,,0.00042456562535565616,,6.344536828523578,,3.007275635391544,,2.538926803904609,,8.112776125564217,,4.7873841416479275,,4.195743263435885
LT_2000,2,fold2,2,,0.0004246406953106758,,6.0007891690293755,,2.885233694417494,,2.4605440930942484,,7.903304816967567,,4.436026959866218,,4.036707831084084
LT_2010,2,fold2,2,,0.00042266665622323757,,6.083662792471787,,2.767731019416259,,2.3913934183579744,,8.220555913284642,,4.134173927897021,,3.6472104920063253
LT_2011,2,fold2,2,,0.0004220520911355982,,6.486771323071221,,3.1471472057402607,,2.6664677599119724,,8.370216091234925,,5.060524608095343,,4.225574754045856
LT_206,2,fold2,2,,0.00042537996045821126,,6.096474338673989,,2.3881708419320673,,2.080608427520983,,8.019527124074848,,2.965228076637787,,2.730440405763241
LT_21,2,fold2,2,,0.00042822585279462394,,6.086181173043471,,2.6035927871468156,,2.2007205744278773,,7.557107097810245,,3.4094214445622186,,3.21908921703744
LT_211,2,fold2,2,,0.0004229416133689507,,6.4380606632148565,,4.162329726687167,,3.492443999921236,,8.41147804440253,,5.430045183888877,,4.8308059503050655
LT_217,2,fold2,2,,0.0004230394365769795,,6.293157651413173,,2.963165007808149,,2.4991792662473507,,8.045053143573638,,4.730042077180962,,4.006886324499971
LT_219,2,fold2,2,,0.0004238713039694999,,6.017843801371959,,2.6137312224964244,,2.24741249340555,,7.774727283593749,,4.237344833216814,,3.7455049690918143
LT_222,2,fold2,2,,0.0004248689663435279,,5.916226868570133,,2.568722146859279,,2.1978049603973537,,7.665177434628465,,3.379329256388051,,3.059468838645864
LT_224,2,fold2,2,,0.000423145008533507,,6.093723866852035,,2.6290904905382217,,2.236650942241427,,7.652620715886985,,4.3507991623134155,,3.6170952162006618
LT_225,2,fold2,2,,0.00042386774907702575,,5.777846264019768,,2.5003490142013116,,2.1555189278592115,,7.723154551643828,,3.4591984060874306,,3.0673486576444047
LT_230,2,fold2,2,,0.00043571909381747917,,5.43472121176988,,2.1040818054775627,,1.8374678541902838,,7.6595036281770135,,3.322813810981468,,2.8583107042649925
LT_233,2,fold2,2,,0.00042680009870200465,,5.869534145123064,,2.821407577347561,,2.378636159655655,,7.876212600408203,,3.6023033529819415,,3.221899335074322
LT_234,2,fold2,2,,0.00042708099014647505,,6.097907770141484,,2.853840264814971,,2.382362655030567,,7.5676621674606865,,3.948701798046277,,3.5124037376687753
LT_235,2,fold2,2,,0.00042314778605130957,,5.895297509075804,,2.386210955156442,,2.101657917237737,,7.761024891994877,,3.6111056574014357,,3.138979404736745
LT_237,2,fold2,2,,0.00043536689159895565,,5.668831757361752,,2.297727002595894,,1.9430658317575566,,7.620116851146349,,3.9675312473877162,,3.325045729955486
LT_248,2,fold2,2,,0.00043516505506282707,,5.563321046343321,,2.752089422704824,,2.3128632759521772,,7.36516463540713,,4.228006548326065,,3.620408505662545
LT_263,2,fold2,2,,0.0004222116914690977,,5.995942731218741,,2.507033246006253,,2.1538504948465316,,7.589285379003478,,3.142438529314877,,2.7881576675551947
LT_265,2,fold2,2,,0.0004331169017657323,,6.2262806679665985,,2.5836135682352688,,2.2170916776143477,,7.690176200898526,,4.140877631370161,,3.5877057563532375
LT_270,2,fold2,2,,0.0004238719505223285,,5.923491563352293,,2.5035879279934687,,2.159165289047939,,7.646671492195187,,3.2438977902038557,,2.92907335074825
LT_288,2,fold2,2,,0.0004267342862684046,,5.888102800409555,,2.4163165299381717,,2.057629125777844,,7.654036275262232,,3.036961771492506,,2.7899954463397925
LT_29,2,fold2,2,,0.0004220946261470626,,5.937461872548798,,2.6374269361186387,,2.3492981164787365,,8.02267548466202,,3.6643480513889237,,3.147634195319189
LT_293,2,fold2,2,,0.00042631392931815996,,5.954555902593409,,2.3071509462553497,,2.028638466056695,,7.737873184339413,,3.0044028376835406,,2.7384735579107344
LT_300,2,fold2,2,,0.0004231957717715819,,6.193994940635337,,2.712170340045759,,2.281903173931165,,7.570858651048098,,3.9142410324185217,,3.377713980568816
LT_33,2,fold2,2,,0.0004321431467299453,,6.158638285101126,,2.554356429169049,,2.1249281207438755,,7.443990914542132,,3.1211228523385532,,2.807837919258055
LT_332,2,fold2,2,,0.0004243511909810486,,5.890454096961054,,2.365551270166025,,2.0652191692609723,,7.698986744908531,,3.3976510324508795,,2.9052489170524325
LT_339,2,fold2,2,,0.000421167353738228,,6.475073011548687,,4.184190706161747,,3.4137697573544146,,8.036500651520761,,4.9610000992184204,,4.3807466428449615
LT_352,2,fold2,2,,0.00042033082743700087,,6.178600344911769,,2.4881860912007903,,2.1567845731687356,,8.122324407401232,,3.8474160668744917,,3.336466819292706
LT_358,2,fold2,2,,0.0004227372664297232,,6.109661371974975,,2.6971622007770444,,2.2618105685994285,,7.991205419124703,,4.421289948949182,,3.9120745849013323
LT_360,2,fold2,2,,0.00042711594380649004,,6.0939976158655265,,2.733546029208777,,2.3639565921485572,,7.757635352129324,,4.541271479288798,,3.8614681958541084
LT_361,2,fold2,2,,0.0004252453231055175,,6.022082055474077,,2.4808380687933833,,2.1095499209545996,,7.783246521856477,,3.9757253473505085,,3.4349285488632026
LT_370,2,fold2,2,,0.00042235420743002086,,6.821652112855504,,4.464053970433208,,3.58736936180247,,8.961894399432325,,5.427018528431292,,4.752941880123033
LT_377,2,fold2,2,,0.00042156312787158465,,6.770252628681345,,4.422976912176107,,3.5416384097380478,,8.936474206596753,,5.186405598051053,,4.600370917676073
LT_378,2,fold2,2,,0.00042183001049988893,,6.149219418947669,,2.890271765627955,,2.469675708469527,,8.075916628474543,,4.604138551518967,,3.7391889649480436
LT_382,2,fold2,2,,0.0004235950979309608,,6.194788302507512,,4.093993468772488,,3.3374066830293807,,7.988902324755178,,4.199516495046187,,3.6791226940382056
LT_384,2,fold2,2,,0.00042183321485215683,,6.230678931631506,,4.298124823628308,,3.524948899605345,,7.762693653233104,,4.880141682309859,,4.5194567705093665
LT_403,2,fold2,2,,0.00042226365730802656,,5.870979126508106,,2.583934051772467,,2.363282192999535,,8.141283220417563,,3.769989197473065,,3.2946477188145353
LT_411,2,fold2,2,,0.00042178923012738644,,6.392917088002006,,4.437431786381823,,3.529293443514103,,8.611103668078421,,5.253821640142953,,4.643053979831661
LT_415,2,fold2,2,,0.0004228153918521549,,6.4091324351099805,,4.268865410413397,,3.435888679373741,,8.677632798133669,,4.970231313518394,,4.449867579071465
LT_429,2,fold2,2,,0.00042100749352371077,,6.610383837589237,,4.580005775489648,,3.6469549303054354,,7.914861746518241,,5.569684145094648,,4.817232714303071
LT_43,2,fold2,2,,0.0004244334871581542,,5.684546379245268,,2.394506294988855,,2.150473562124936,,7.3977866126826495,,3.547427967065455,,3.121724577678509
LT_441,2,fold2,2,,0.0004226284520199644,,6.18111487417679,,2.5383154635730922,,2.234140861181852,,8.87227393544965,,3.92589341476679,,3.2827960348202105
LT_444,2,fold2,2,,0.00042431756664041385,,6.368207098218142,,3.1077342698947734,,2.6788802963713336,,8.206641610356835,,4.762012478803853,,4.096492503517793
LT_458,2,fold2,2,,0.0004220848122771931,,6.299313565018921,,2.677803429284029,,2.357034683306461,,8.74751110665316,,3.962916885718053,,3.3182993068217934
LT_459,2,fold2,2,,0.00042478449313181933,,6.177126757346462,,3.9700346847474965,,3.3394754324250857,,7.682783192518188,,4.225476549644662,,3.8305166062750797
LT_460,2,fold2,2,,0.0004239229850821792,,6.170979332616915,,2.974319176472411,,2.5291639027750095,,7.947456500671265,,4.257578688007349,,3.759323090760276
LT_461,2,fold2,2,,0.00042550338371176097,,6.098680818289649,,3.945394342877507,,3.3445157009605366,,7.635302068134927,,3.9244394792994584,,3.491093833667617
LT_474,2,fold2,2,,0.00042305874887518975,,6.026752860388021,,2.459188243328016,,2.2356479149855275,,8.08636229286142,,3.3693853040198647,,2.7831142809810783
LT_479,2,fold2,2,,0.0004245724437871648,,6.141570507422892,,3.9236773048131357,,3.2381574625889598,,7.5071003992856635,,3.938276180910157,,3.4955945850234142
LT_48,2,fold2,2,,0.0004215840067805735,,6.387143940310281,,2.8578008900402705,,2.457725229035658,,8.685675809994189,,4.765320013027879,,3.878850697519896
LT_480,2,fold2,2,,0.0004240157846138043,,6.095081377192968,,4.017143410305268,,3.3215062403046614,,7.814583649619753,,4.1916353972677305,,3.692149912404933
LT_494,2,fold2,2,,0.00042191258867961545,,5.8002419176454225,,2.3996898872574426,,2.181986471047529,,8.193056704693683,,3.531917942097065,,3.10100790981997
LT_5,2,fold2,2,,0.000422922502560992,,5.8950429737082,,2.6783967083230666,,2.2717521833869263,,7.807106087731317,,3.761167728491369,,3.4102306264333744
LT_511,2,fold2,2,,0.00042243743554427025,,6.196036092491455,,4.284092901863522,,3.5318458554245455,,7.756024814793206,,4.88785045413122,,4.394667223338749
LT_512,2,fold2,2,,0.0004215330872737299,,6.347121595523521,,4.453793564431688,,3.5515710130506846,,7.875769758648005,,5.059568887999497,,4.366040680502831
LT_52,2,fold2,2,,0.00042224590591335986,,5.998155653210686,,2.3780732628054553,,2.1114925821762673,,8.004628094069552,,3.704076479211068,,3.1445887162302686
LT_522,2,fold2,2,,0.0004215593873431213,,6.4417644995340435,,2.720149066282865,,2.430157840195411,,8.859074679811876,,4.478663207675996,,3.80405506744942
LT_54,2,fold2,2,,0.0004260691199678198,,6.0240450233306655,,2.511091385770208,,2.0788394606789695,,7.550699538922125,,3.7230283798787793,,3.16804707358331
LT_552,2,fold2,2,,0.0004234469159819735,,5.940883208097686,,2.6447971697599044,,2.2259332127046596,,7.591317484633548,,3.7724064517459643,,3.3829072320221036
LT_566,2,fold2,2,,0.0004224529211810969,,6.141176608541951,,3.961200224690476,,3.2777882456359952,,8.126522568672273,,4.2576637585067045,,3.584918065542043
LT_571,2,fold2,2,,0.0004220976469336158,,5.954065609453034,,2.401062522438947,,2.0846122905750666,,7.749173092876603,,3.7435722959325157,,3.2340097585217165
LT_575,2,fold2,2,,0.00042195948986884294,,6.043239901429262,,2.6662794734144284,,2.272512298727408,,7.877751120122317,,4.211729984237216,,3.6300596130385023
LT_576,2,fold2,2,,0.0004208499377701645,,6.0034760592196825,,2.579684041695196,,2.2852397048734647,,8.228014344501618,,3.906128320724696,,3.344134646947123
LT_577,2,fold2,2,,0.0004269428173636,,5.792403824041788,,2.3159919974118517,,2.0588310498516713,,7.689975822952196,,3.763639275181962,,3.2992801573693034
LT_578,2,fold2,2,,0.0004237384462847122,,6.0235436633021235,,2.7962758069946885,,2.3775210926621173,,7.764016407855525,,4.407753379441019,,3.750146783543468
LT_579,2,fold2,2,,0.0004222403489855444,,6.075461140825655,,2.811580717078915,,2.332733730760664,,7.726166191956097,,3.9586425680361614,,3.4550347121353244
LT_580,2,fold2,2,,0.00042046650094107636,,6.221319787905308,,4.355304091274763,,3.538766415121723,,8.446624131090196,,5.462366802137369,,4.741314150028066
LT_581,2,fold2,2,,0.0004251526480727186,,5.839032953745489,,2.498347655765258,,2.1624651653426774,,7.969745410586234,,3.268137560813142,,2.9896372542088576
LT_591,2,fold2,2,,0.00042098579139200794,,6.311949378064152,,4.2147752326065815,,3.3745564493142446,,8.369950584843833,,5.052839794637712,,4.428683646269022
LT_594,2,fold2,2,,0.00042113652452027174,,6.495848377267291,,4.163433665398419,,3.3412224169979394,,8.798444207762826,,5.053468250455561,,4.427809576031147
LT_6,2,fold2,2,,0.00042319839527662356,,5.95335855980564,,2.654519339681942,,2.245709178660305,,7.6885595181192325,,3.692178700593551,,3.3772985721043707
LT_60,2,fold2,2,,0.0004215917667678825,,5.883218820807345,,2.4085445983729294,,2.090573406349237,,7.9660554179146965,,3.3755344472375968,,3.053936742270221
LT_602,2,fold2,2,,0.00042416972253382125,,5.959074523237966,,2.650616624916116,,2.2145881085392713,,7.650082737292493,,3.8304957510319557,,3.4440872605782635
LT_603,2,fold2,2,,0.00042165615084249243,,6.268382522704874,,2.6040387983069793,,2.2370341282672435,,8.597057435483984,,4.412319599456502,,3.5349583110788236
LT_609,2,fold2,2,,0.0004217224136189683,,6.170842790529669,,2.8369256484721546,,2.4630462906483146,,8.265919974892878,,4.602939908192243,,3.8136269056571783
LT_618,2,fold2,2,,0.00042146051972437835,,6.515479134608707,,3.006110262048045,,2.559815502182434,,8.58977034552164,,4.574731813250216,,3.9004527560787934
LT_619,2,fold2,2,,0.00042244187139043113,,6.315968715784342,,2.5944018274976988,,2.3436861831597615,,8.739392879322063,,4.26643146496556,,3.5139115518589694
LT_623,2,fold2,2,,0.0004214244112993974,,6.686793306143549,,3.0083008157649185,,2.6052618191051717,,8.971432433207443,,4.846005173537508,,3.9607861613292235
LT_627,2,fold2,2,,0.00042322242961346547,,5.816378583489154,,2.4234905390917802,,2.0895155490382056,,8.153552974797021,,3.5541087513083576,,3.1605707249091224
LT_630,2,fold2,2,,0.00042219484488197935,,5.98187229077222,,2.709574389358358,,2.3976136517524993,,8.081238907320076,,4.164669515831529,,3.665825762424606
LT_632,2,fold2,2,,0.0004216171571599942,,6.293784128843736,,4.5705511288371214,,3.590812212651179,,7.739103162604757,,5.372053909539226,,4.7231679987519195
LT_633,2,fold2,2,,0.00042336193470148345,,6.335834525530572,,4.10935785979524,,3.3525652840121434,,8.152603227788092,,4.197738302817763,,3.688226762076885
LT_635,2,fold2,2,,0.000425815363358022,,6.388901429496225,,2.6974616521079184,,2.406591271004777,,8.870606559604465,,4.3515279803164635,,3.5783166571435685
LT_639,2,fold2,2,,0.0004258645894537061,,5.831960102722749,,2.4363726361540774,,2.214687658978191,,7.816036396708447,,3.291000078696595,,2.8487032311354277
LT_640,2,fold2,2,,0.00042665100443875156,,6.479993427328573,,4.370203678629386,,3.534860499419182,,8.088999944470743,,5.255255587257784,,4.687878317290407
LT_646,2,fold2,2,,0.0004216628300684703,,6.3014850337393264,,2.7112920805236067,,2.4532526478529135,,8.578610000792075,,4.271239245309723,,3.541540167069486
LT_649,2,fold2,2,,0.00042684955615574643,,6.557092693505818,,4.492053247510629,,3.6569159459393537,,8.418628855547581,,5.5311241462174126,,4.844324178487789
LT_65,2,fold2,2,,0.00042024642471763865,,6.732341151958812,,4.433008186711706,,3.554380720692651,,8.7078371853151,,5.44510874972312,,4.793524423314983
LT_651,2,fold2,2,,0.0004263628507181587,,5.947611161645258,,3.8593822338771173,,3.2493751424766684,,7.443515340703642,,4.011836514964231,,3.603237821438624
LT_652,2,fold2,2,,0.00042681114719123926,,6.17776007649189,,2.7368162998156653,,2.3240468561436383,,7.785289006495401,,4.284118895370314,,3.6780418211121417
LT_655,2,fold2,2,,0.0004226142599108116,,5.980734022050704,,2.7037742782028853,,2.3220040410514877,,7.796670294445003,,3.492697312094261,,3.00461602863023
LT_664,2,fold2,2,,0.0004200721990766428,,6.246647727739228,,2.702716299385216,,2.391744850159156,,8.38235113857262,,4.132105463085449,,3.5115664455267144
LT_670,2,fold2,2,,0.00042348730962067475,,6.3748682078265135,,2.8667125128509543,,2.490510270931671,,8.412474976386543,,4.012023945327284,,3.5121902139213805
LT_671,2,fold2,2,,0.00042222663510836124,,6.423278134712322,,2.7029107752725468,,2.393781399136053,,8.722186402782635,,3.9609661393221813,,3.4767661365740072
LT_672,2,fold2,2,,0.00042264770083176584,,6.12779653766393,,2.7311287933706856,,2.377802776968975,,8.314839464850095,,4.3713915435112725,,3.6406071652962013
LT_677,2,fold2,2,,0.000421809649383386,,6.235558416795704,,2.5367544228050534,,2.2702979510920684,,8.738648449888101,,4.075180400755268,,3.364613207085638
LT_68,2,fold2,2,,0.00042851216981488853,,6.315765087124557,,2.6090171999348164,,2.244764649946521,,7.76315626033756,,4.209777647194791,,3.6881671602392636
LT_680,2,fold2,2,,0.0004218063471860857,,6.613522414749677,,4.329541218862832,,3.505538228585694,,8.765138792644285,,5.1827741468214015,,4.541083888131589
LT_689,2,fold2,2,,0.0004268728978755326,,6.324347090759179,,2.705692041650897,,2.3935690054844496,,8.873557307818073,,3.891678160130274,,3.4119641616423864
LT_691,2,fold2,2,,0.0004216541565193032,,6.2132513506386,,4.035143642139598,,3.296809060532388,,7.752832778316237,,4.175242847686547,,3.646014484636679
LT_693,2,fold2,2,,0.0004217869122917113,,6.04896693831483,,2.5216772912718,,2.2676546038637944,,8.279927922114137,,3.965775107548164,,3.2728549010911543
LT_694,2,fold2,2,,0.00042198095498104625,,5.908237003182087,,2.439458329516459,,2.080780189210531,,7.7002925608214685,,3.0590309290486597,,2.7609439892470595
LT_696,2,fold2,2,,0.0004210285922585065,,6.61935238914497,,4.332486828728493,,3.4684686263456186,,8.664838312322024,,5.076652044982075,,4.566794174575055
LT_697,2,fold2,2,,0.00042362333644938195,,6.099236451336461,,2.8279226669767263,,2.4402244708071517,,7.524832633871387,,3.599213938858063,,3.2474546351248064
LT_706,2,fold2,2,,0.00042374593648179457,,6.577429932581243,,3.1089421323414523,,2.6131066274254797,,8.832745766880562,,4.793617021990089,,4.122740086756446
LT_708,2,fold2,2,,0.0004263311626602293,,6.3851931394941,,2.672668727862207,,2.3412052073503173,,8.472247251476052,,3.724530224801227,,3.3222178421499455
LT_711,2,fold2,2,,0.0004231414747036463,,6.4483208554803175,,2.930914998580801,,2.6277549001508786,,8.482521581313334,,4.4890038093398665,,3.9062176193398632
LT_719,2,fold2,2,,0.00042094642429615393,,6.446664226971834,,4.45249888322652,,3.585821987057986,,8.266626523345236,,5.611823217692106,,4.879316209204236
LT_72,2,fold2,2,,0.00042171245863965347,,6.164857291829329,,4.04039489035745,,3.305848234531209,,8.01870240985729,,4.282207663285642,,3.7694052397515363
LT_720,2,fold2,2,,0.00042148022174201376,,6.392080028055252,,2.7797658474946068,,2.4037185169042288,,8.67177167520068,,3.9198386146003164,,3.3519723101031293
LT_728,2,fold2,2,,0.00042359985935133335,,6.1545348825183215,,3.7780373275637658,,3.2219239069371097,,8.139575926520564,,4.667909154605963,,4.16728084269909
LT_729,2,fold2,2,,0.0004208572182703759,,6.29481633290315,,4.238822647601219,,3.445615361029844,,8.364737862809593,,5.041919101865824,,4.489132552551867
LT_73,2,fold2,2,,0.00042762316269565406,,6.146830150460254,,3.6222831635888917,,3.115095811619366,,7.725591547771706,,3.747152037774262,,3.342160560228751
LT_742,2,fold2,2,,0.00042279470678048894,,6.16046961455672,,2.740119448451625,,2.3002826746055693,,7.949991098321156,,3.9036305244822462,,3.3872059557213703
LT_745,2,fold2,2,,0.00042259125975962347,,6.146701233124817,,4.028833140668138,,3.278742071737328,,8.132289593999364,,4.221080948791924,,3.628012513703379
LT_746,2,fold2,2,,0.0004232368307689957,,6.17433669326612,,2.727810281288668,,2.3513360733659354,,8.49317403554404,,4.566105799013281,,3.697238546912615
LT_749,2,fold2,2,,0.00042177954060258413,,6.039138726545553,,2.884747660801154,,2.42499449593291,,7.8903929496607725,,4.469214519562698,,4.060241058947011
LT_750,2,fold2,2,,0.00042353814004066244,,6.387265590363376,,3.046867669746182,,2.5553455782878975,,8.226480894647944,,4.381422876778109,,3.843016424440948
LT_755,2,fold2,2,,0.0004269927106385716,,6.317393274686211,,2.7392132618436804,,2.454508543248411,,8.591831926826206,,4.063378347384394,,3.3667288550405305
LT_757,2,fold2,2,,0.0004276919142976402,,5.946387726897968,,2.2912703465839286,,2.04761576421018,,7.633636594832627,,3.5821869700913416,,3.2457434345390324
LT_76,2,fold2,2,,0.00042569198268639814,,6.04926420123955,,2.4758333623014948,,2.0968096382420223,,7.747147276973162,,4.23971824414248,,3.5635702669356624
LT_762,2,fold2,2,,0.0004226195386898002,,6.9841046611164,,3.1413987041341653,,2.627899773644322,,9.535628486804942,,5.264132603157627,,4.268575165158659
LT_763,2,fold2,2,,0.00042279651029501937,,6.328679550665313,,4.120253514296897,,3.346217559685855,,8.225656657846287,,4.284492665905109,,3.666808080888915
LT_770,2,fold2,2,,0.0004212490076141752,,6.075023284663195,,2.5019705255179567,,2.211050774093648,,8.025676246989011,,3.2634815372011863,,2.7988179106311053
LT_773,2,fold2,2,,0.0004250764701958006,,6.058182917366284,,2.8042273879876407,,2.372054639642437,,7.8924610076059025,,4.254925835685523,,3.6985612891512916
LT_778,2,fold2,2,,0.0004258700145246645,,6.201589331060112,,2.7176932638535978,,2.4239215287459883,,8.69814585789757,,4.202172745858894,,3.6756249679580337
LT_783,2,fold2,2,,0.0004273493341713022,,6.489993980794745,,3.0833892715731035,,2.624322926819458,,8.514179345575453,,4.658243653830188,,3.977757847680896
LT_785,2,fold2,2,,0.00042645603488960723,,5.9653250109144675,,2.5123468552126313,,2.2546538266138554,,8.026420768578879,,3.588300253565216,,3.194326305119886
LT_787,2,fold2,2,,0.0004230002900959453,,6.501929634700536,,4.489832089162745,,3.548177932286089,,8.28153234061346,,5.276677956487361,,4.669314224730365
LT_80,2,fold2,2,,0.00042138487756319086,,6.697317072935378,,4.360448718854537,,3.5686235268518787,,9.05995178249353,,5.471139652680262,,4.775646424552302
LT_801,2,fold2,2,,0.0004246987304077129,,6.23254534315442,,4.422458011530565,,3.4367231734130117,,7.9071154217302935,,4.856061561073902,,4.18503909566758
LT_819,2,fold2,2,,0.00042328557750509824,,6.429666891474128,,2.652704886042299,,2.342691266878319,,9.030759304436828,,4.376559361233572,,3.618122733986564
LT_820,2,fold2,2,,0.0004241630246852521,,5.990804954050376,,2.6618342563845165,,2.248004614450477,,7.816823240242151,,3.8061477202890037,,3.4326793332077004
LT_824,2,fold2,2,,0.0004237210664084917,,5.878392802996477,,2.686582679763625,,2.3443971681602855,,7.464117604455123,,3.333707680960406,,3.006693031465594
LT_825,2,fold2,2,,0.0004257219327516316,,6.043896781989048,,3.8530661448246764,,3.2828116154575926,,7.468319795882554,,4.620116757288596,,4.104096764625236
LT_831,2,fold2,2,,0.00042626081247010457,,6.262904653294093,,2.647679693441528,,2.356042570876428,,8.442302437611557,,3.5773973263575036,,3.1627792026845083
LT_833,2,fold2,2,,0.0004201557074595373,,6.539251829342519,,4.316424894103086,,3.4581190296713666,,8.519839800905892,,5.133165522072484,,4.491060169982613
LT_838,2,fold2,2,,0.00042678356271227263,,6.013364060469471,,2.693952367484457,,2.4127630614723268,,7.5438379155950335,,3.7885140995789404,,3.37995140540235
LT_840,2,fold2,2,,0.0004268724189925542,,6.035210577633561,,2.6559183894047633,,2.257279620316277,,7.55861749786565,,4.078981980398213,,3.5244109014260565
LT_845,2,fold2,2,,0.00042917943109758994,,6.336881884403798,,4.284838979492627,,3.5043839691727388,,7.5666337809366295,,5.085086024721874,,4.49457768593775
LT_857,2,fold2,2,,0.00042117498933439725,,6.784387525973917,,4.576912754504856,,3.617578274343551,,8.65413450869696,,5.491934237795385,,4.788253709309038
LT_866,2,fold2,2,,0.0004219077891553357,,6.258193749605992,,2.533559799507949,,2.2690065585544263,,8.437934880213858,,3.5894452036980384,,3.065926721906167
LT_883,2,fold2,2,,0.0004240109840900775,,6.389114852519704,,4.271631945537463,,3.4939280124978085,,8.040118460878793,,5.174147267173428,,4.427000538800781
LT_887,2,fold2,2,,0.0004272101602175848,,6.079958402036385,,2.607210562859505,,2.322218982784583,,8.128959147064963,,3.353357718399022,,3.036744085886654
LT_891,2,fold2,2,,0.00042542921183192674,,5.992897361620492,,2.5788894798831277,,2.2377459167956717,,7.6407246104439395,,3.8957823488838894,,3.387332781726332
LT_893,2,fold2,2,,0.0004262188294678823,,5.83090906147583,,2.3512183221855563,,2.0786736769929997,,8.113413442493142,,3.879154688068137,,3.3896610856608302
LT_90,2,fold2,2,,0.00042185195839623303,,6.248378697372302,,4.143545966835511,,3.362784906787245,,8.28873309041757,,4.888991636484107,,4.328888815626932
LT_900,2,fold2,2,,0.0004270657862824809,,5.748536120697503,,2.3108721102269763,,2.0453937055909686,,7.452593155821262,,3.260103267518747,,2.9581075593667188
LT_915,2,fold2,2,,0.00042205522021060253,,6.263163199541541,,4.059924861301857,,3.4091738324419976,,7.900656770743989,,4.8727470291389565,,4.365598632691925
LT_917,2,fold2,2,,0.00042755079460925216,,6.168031011163477,,2.83984927228099,,2.4384961237923353,,7.74119078384321,,4.200414920899283,,3.7596168953080937
LT_92,2,fold2,2,,0.0004230293252120553,,5.8804357154503215,,2.4992583860408284,,2.154374154994839,,7.778082094995132,,3.488441761811608,,2.9954771620125076
LT_935,2,fold2,2,,0.00042393257235366806,,6.086141006834757,,2.438117778937578,,2.1135780848988737,,7.8895744740019005,,3.781230991607736,,3.261148951286883
LT_936,2,fold2,2,,0.0004266995901585392,,6.0455543777970115,,2.7556466313612513,,2.4075615341856587,,7.73132610543961,,4.113414506189881,,3.6604660946160776
LT_94,2,fold2,2,,0.00042327254259350196,,6.685157196611161,,3.138009520602431,,2.622970112553667,,8.792682943185671,,5.079417534531386,,4.201910547637969
LT_947,2,fold2,2,,0.00042142319993086416,,6.443375088301296,,4.155441368948375,,3.361403824416183,,8.197109003637985,,4.59690081895141,,4.117417399210706
LT_949,2,fold2,2,,0.00042391245198859957,,5.99009266661521,,2.7380591680781836,,2.2892943908451966,,7.533757810049677,,3.7286152337993217,,3.175837017849019
LT_950,2,fold2,2,,0.0004268102258792074,,6.226086651503867,,2.3117503751162283,,2.0795951524575655,,7.856521494468863,,3.265970912779514,,3.0695142786004697
LT_951,2,fold2,2,,0.0004272549479464264,,6.041944065715841,,2.6306949166890115,,2.2174473298188433,,7.791166752621083,,4.200668653951867,,3.7525343386574264
LT_952,2,fold2,2,,0.0004212456465322017,,6.387833562381089,,3.89783715888321,,3.28239686431477,,8.3084783519821,,4.8329951487297445,,4.280530106057434
LT_954,2,fold2,2,,0.0004209137314066542,,6.123820124627454,,2.54615206556881,,2.22720353698892,,8.156737768781792,,4.016186041752827,,3.5618744230881156
LT_955,2,fold2,2,,0.000422908047122408,,6.510500276651546,,4.454994426078887,,3.535688403145901,,8.800846731740753,,5.5247380817822185,,4.758269782077042
LT_962,2,fold2,2,,0.00042198576312531613,,5.8916276057619825,,2.576427296111454,,2.2303448926877434,,7.672948657287331,,3.5363996266541555,,3.01959519065822
LT_966,2,fold2,2,,0.0004254622023409059,,5.872169458353948,,2.4277737247833198,,2.1344384773292724,,8.18276703487102,,4.076135169860802,,3.5560209958864832
LT_967,2,fold2,2,,0.00042621826777825174,,6.222270945340234,,2.701281160207185,,2.2734069641636956,,7.950407412174881,,4.3427454679704915,,3.8132012180730945
LT_968,2,fold2,2,,0.0004262589758715629,,6.0816124263456315,,2.577955457631141,,2.2274897710362676,,7.96734812370749,,4.108188484201333,,3.5397619023516596
LT_974,2,fold2,2,,0.00042714800997049017,,5.87777817463982,,4.006793929498164,,3.296367448444315,,7.217546395818922,,4.3851634575610685,,3.849840657409183
LT_981,2,fold2,2,,0.0004268088698854162,,6.1507682737636635,,2.4908417186259557,,2.187598751339924,,7.821404920021042,,4.086640212457251,,3.5729693904123505
LT_983,2,fold2,2,,0.00042332557190638206,,6.0912278907894475,,2.5043200982011715,,2.1122986978872444,,7.928176194196206,,3.9684183886643054,,3.3517208321853507
LT_985,2,fold2,2,,0.00042836772917074356,,6.109975185117322,,2.386936876409073,,2.0952226890200243,,7.685339813199085,,3.4891668412467425,,3.1633055845508897
LT_986,2,fold2,2,,0.0004227403520989121,,5.9042811132310185,,2.3469489649890383,,2.0027091878388226,,7.615233801211461,,3.4146140659687236,,3.086177179193483
LT_988,2,fold2,2,,0.00042317794233341817,,5.869846441075846,,2.336350661113075,,2.0489596306249878,,7.819307910387986,,2.9762563124616004,,2.8057043546505134
LT_991,2,fold2,2,,0.00043190680475492516,,6.109505143556299,,2.423793563866196,,2.1001393321469513,,7.510284326087977,,3.90345118484002,,3.311762273075559
LT_993,2,fold2,2,,0.0004271950343065628,,5.998433622326436,,2.7071410543507572,,2.2829659365317196,,7.73346053786125,,4.061004979527839,,3.6197988647209316
LT_997,2,fold2,2,,0.000426461018624388,,5.796608638552173,,2.567280455561724,,2.3590838809758994,,7.857423640585027,,3.5368774300576797,,3.0535295212804603
PCL_32660,2,fold2,2,,0.0004079419589214737,,6.0741096284490075,,3.500447245550679,,2.872363308671151,,7.289692380238394,,4.5599897771045255,,3.7583845109967533
PCL_32661,2,fold2,2,,0.0004079348813283406,,5.565176981230083,,3.4131027976545747,,2.8110062591586225,,7.345708025156175,,4.459510730164475,,3.664243430008606
PCL_32662,2,fold2,2,,0.00040859167549716496,,5.405551321221677,,3.41871771845955,,2.827219242946265,,7.228017243533611,,4.312231865730448,,3.500751555024615
PCL_32665,2,fold2,2,,0.00040859167549716496,,5.405551321221677,,3.41871771845955,,2.827219242946265,,7.228017243533611,,4.312231865730448,,3.500751555024615
PCL_32666,2,fold2,2,,0.00040603710968986455,,5.832548115646429,,4.17604801565177,,3.3129237306742985,,7.66143671223085,,5.650911553861641,,4.816531329628951
PCL_32668,2,fold2,2,,0.00040817079291478875,,5.543658982901442,,3.6082822916699704,,2.9232031270304955,,7.3259578835008075,,4.562329448020601,,3.6409851758993037
PCL_32683,2,fold2,2,,0.0004202055362752099,,6.007095568727177,,4.045908125479406,,3.3447431529032765,,7.492664520833465,,4.908808450688966,,4.077291417368278
PCL_PCL0213,2,fold2,2,,0.00040204075806091373,,6.38545421881177,,4.02491511057588,,3.126363640355003,,8.0211449348806,,4.9150829270792675,,4.095352516516585
PCL_PCL0214,2,fold2,2,,0.0004032464405242537,,5.870404833069702,,3.671456885969337,,3.0369013601481427,,7.874294820308322,,4.158594713294337,,3.5954964381302035
PCL_PCL0215,2,fold2,2,,0.000406536140173816,,5.466606565212546,,3.605232176401899,,2.9422398183883263,,7.628827029184985,,4.447791118250832,,3.728533557974612
PCL_PCL0216,2,fold2,2,,0.0004120004754493145,,5.595981152684376,,3.6495860183953845,,3.1625973390126916,,7.826659366397639,,4.608748823770391,,4.03938335787937
PCL_PCL0217,2,fold2,2,,0.00040276194793190806,,6.013205383925454,,4.13295536680418,,3.2922429921349057,,7.854629363292142,,4.401308999105354,,3.880538174901647
PCL_PCL0218,2,fold2,2,,0.00040379778308763034,,5.72245398465984,,4.077085131351118,,3.215426559958588,,7.730636477248561,,4.649182037637912,,4.051553780711448
PCL_PCL0219,2,fold2,2,,0.00040119735008867057,,6.4104243794154945,,3.806858382536867,,3.1026185324205624,,8.513310311223588,,5.032233295200585,,4.15170464930327
PCL_PCL0221,2,fold2,2,,0.0004050027976897682,,6.131697793035982,,3.961441405298808,,3.311045032872487,,8.13151671609506,,4.147140323559184,,3.495070891916168
PCL_PCL0222,2,fold2,2,,0.00041825718092529385,,6.092026925228465,,3.7866608598819025,,3.245484287442789,,7.864114893601201,,3.9871346511866625,,3.5527333756854156
PCL_PCL0223,2,fold2,2,,0.0004093007695404136,,6.1250234402146795,,3.716563574797087,,3.1075278220360603,,8.490191762652618,,4.36533973802187,,3.6795374267393703
PCL_PCL0224,2,fold2,2,,0.0004099026924266839,,6.16217622637106,,3.998575390902789,,3.2709813373810985,,7.904529399551175,,4.242055489264799,,3.66532597869401
PCL_PCL0228,2,fold2,2,,0.0004043313519809851,,6.128505544627412,,3.855255348242655,,3.1845145005149607,,7.94089377046077,,5.082110015957888,,4.370166789057158
PCL_PCL0290,2,fold2,2,,0.00042158652957066146,,6.070168426627319,,3.8702319560389506,,3.2677312337196134,,7.46417178828242,,4.819516052166671,,4.396998568690855
PCL_PCL0291,2,fold2,2,,0.00041147653836148823,,6.165466197098512,,3.9521206412868137,,3.3239414097184374,,7.639952010359036,,4.526554112682814,,4.0427712206508515
PCL_PCL0292,2,fold2,2,,0.00042096625858398934,,5.66080909593341,,3.5764143117352547,,2.948361563654768,,7.26429623055413,,3.732414015989505,,3.2313342936183553
PCL_PCL0293,2,fold2,2,,0.0004142013418862514,,6.351529703939355,,4.181946092230622,,3.4972476605330263,,7.816961843871294,,5.147969752106071,,4.6308832378925775
PCL_PCL0294,2,fold2,2,,0.00042203910381796196,,6.312567878242674,,4.024760019066751,,3.2756811449610987,,8.105586093175434,,4.9528104002166025,,4.341148145052244
PCL_PCL0295,2,fold2,2,,0.0004274895212589124,,6.190967371184435,,4.143127000536195,,3.4870657570655794,,8.264500287218713,,5.18402355971136,,4.34977587530788
PCL_PCL0296,2,fold2,2,,0.00041793838663672055,,6.44825284438466,,4.102428289501826,,3.3461602058061053,,7.453981980409172,,5.008446413283513,,4.4558530139240276
PCL_PCL0297,2,fold2,2,,0.00041699714698146227,,6.573023734079959,,4.127460546513611,,3.4566742454444044,,7.79326150824097,,5.212272486430811,,4.561194572662736
PCL_PCL0298,2,fold2,2,,0.0004315522995808896,,5.571386803941599,,3.7892759688865603,,3.162962479001754,,7.786681501577124,,4.79382441829115,,4.26867695347645
PCL_PCL0299,2,fold2,2,,0.0004180184326086425,,6.026963473281194,,3.6361355527499986,,3.1306188002100677,,7.283198688963121,,4.070386149086194,,3.5115713707156297
PCL_PCL0300,2,fold2,2,,0.00041019010677845365,,6.536393081556026,,3.969479865262082,,3.350319862332034,,7.993550362625108,,4.913803375936588,,4.230618448438198
PCL_PCL0301,2,fold2,2,,0.0004210855973590267,,6.0917861014920005,,3.721520547748093,,3.126453798458555,,7.699411181938913,,4.089975059008897,,3.5612283672928404
PCL_PCL0302,2,fold2,2,,0.0004187227233914386,,5.922626546449909,,3.5853528285396767,,3.0604258477353468,,7.662907012633678,,4.001961250237788,,3.5016786314678505
PCL_PCL0303,2,fold2,2,,0.00041176400006606197,,6.05417652139251,,3.6315824607568428,,3.0287469953903683,,7.583602068109862,,3.960608912873899,,3.4484731120656766
PCL_PCL0304,2,fold2,2,,0.00041239616511910826,,5.94763599661614,,3.867554121922019,,3.070055029385802,,7.4271356935469,,3.945882306602854,,3.46197628091045
PCL_PCL0305,2,fold2,2,,0.0004136672819425001,,6.355723506850573,,3.9068061624469714,,3.2876161469665917,,7.764802423536377,,4.60036448298286,,4.1008860763978525
PCL_PCL0306,2,fold2,2,,0.00040857484074070805,,5.746665995847847,,3.8201340795561425,,3.1837501325312423,,7.713517493243841,,5.223803971044375,,4.341174541137927
PCL_PCL0307,2,fold2,2,,0.00042562303456239285,,6.316991375887778,,3.967309273975161,,3.2955978750197445,,7.505899955489165,,4.393521661423222,,3.754830682039385
PCL_PCL0308,2,fold2,2,,0.0004256478518790234,,6.522348341627858,,4.089985257078522,,3.4562174797876497,,8.423405637867829,,5.3054963347945705,,4.485066702799015
PCL_PCL0436,2,fold2,2,,0.000434920915770522,,4.832485075855345,,3.0873185956184543,,2.631558028418747,,7.333022027142348,,3.7965734683448935,,3.3204467478035884
PCL_PCL0437,2,fold2,2,,0.0004338285495604881,,5.048892880788425,,3.4327709963503032,,2.8252315226983815,,7.845678637243877,,3.9097745622275646,,3.4703218597913708
PCL_PCL0438,2,fold2,2,,0.00043268064219716823,,5.189940072414268,,3.3645096315514915,,2.7816828963526676,,7.553969351139349,,3.916005139688541,,3.3157950803325704
PCL_PCL0439,2,fold2,2,,0.000432331356027384,,6.21165015878546,,4.033994683537541,,3.2571680607187106,,7.39818081517815,,3.930250649911891,,3.4275530373680136
PCL_PCL0440,2,fold2,2,,0.00043567889652290463,,4.890043752298812,,3.1899537502661426,,2.6992637509264905,,7.797233632727484,,3.980903747384226,,3.4704067403129786
PCL_PCL0441,2,fold2,2,,0.000437294052340614,,4.951520341153387,,2.595491224843332,,2.203578673553359,,8.228266251444513,,3.4085344068600634,,2.9874303200475834
PCL_PCL0442,2,fold2,2,,0.0004341132233419455,,4.9231655618637955,,3.1482661431945362,,2.704511526772116,,8.020799029797255,,3.979525008254586,,3.552962316068647
PCL_PCL0443,2,fold2,2,,0.0004357571542757486,,4.9690306259937085,,3.0193620448853196,,2.5498066684800644,,7.013164523219566,,3.541851956349727,,3.0380103168341255
PCL_PCL0444,2,fold2,2,,0.00043444418417098486,,4.923183890468306,,3.086001874510412,,2.7359441793650006,,8.14107686710294,,3.981779529978424,,3.4676783660440536
PCL_PCL0445,2,fold2,2,,0.0004359813177342818,,4.899744210496986,,2.7114421277043985,,2.2945089016505866,,8.01193980355316,,3.448819950314628,,2.9727079319097465
PCL_PCL0446,2,fold2,2,,0.0004346645691351188,,6.028882153952464,,3.7405987916136407,,3.0774057566473263,,7.5561596644372635,,3.774525204367778,,3.2211237782032556
PCL_PCL0447,2,fold2,2,,0.00043704206173239904,,4.84650094025596,,3.05676740593323,,2.6040710832801466,,7.659855896245806,,3.5549656080837675,,3.3194730562282952
PCL_PCL0448,2,fold2,2,,0.00043466183048699626,,5.091572418741528,,3.5472167470274387,,2.872666490030059,,7.886161542290748,,3.9210284265405533,,3.5204096897208803
PCL_PCL0449,2,fold2,2,,0.00043430097689119845,,5.384688245669852,,3.422719249134095,,2.7241805934185166,,7.306838538853654,,3.6255531495132383,,3.0552072894039304
PCL_PCL0450,2,fold2,2,,0.0004364486193070248,,5.843672845216657,,3.779995948787034,,2.9991599411178695,,7.341077154581568,,4.802904546533887,,3.954474671802963
PCL_PCL0451,2,fold2,2,,0.0004352937210988471,,5.0029312351818165,,3.0861796003075437,,2.6399166794029143,,7.447173137287163,,3.765954864207669,,3.169019192399366
PCL_PCL0452,2,fold2,2,,0.0004358366298526425,,5.128336849715537,,3.2189314749908093,,2.826787361501563,,8.268377355872666,,4.099032101883092,,3.4463247856828896
PCL_PCL0453,2,fold2,2,,0.0004335085920376767,,5.107283930412062,,3.17872188291022,,2.629872604768773,,7.518420029257848,,3.4376482466017064,,3.003168719887223
PCL_PCL0454,2,fold2,2,,0.00043376795932684176,,5.053452668396422,,3.1424675509963276,,2.6629513628295207,,7.429740812127559,,4.139440330729847,,3.4799223169790574
PCL_PCL0455,2,fold2,2,,0.0004344382187837486,,5.6717177230529385,,3.525991211228453,,2.767797773028103,,7.278278994722303,,3.9327703399784446,,3.323995725198741
PCL_PCL0456,2,fold2,2,,0.0004357800085852421,,4.777144816296363,,2.7913881752358667,,2.3783948595260616,,8.09088824342604,,3.5205106557298187,,3.1888157793194734
PCL_PCL0457,2,fold2,2,,0.00043312701975606153,,5.820723673112439,,3.6781226343272513,,2.9522255707796177,,7.332440309027974,,3.8056610626335727,,3.2483151228364675
PCL_PCL0458,2,fold2,2,,0.00043375955957768685,,5.539634278091329,,3.4057892838139345,,2.8175085522059797,,7.774670405785619,,4.037125861845036,,3.375485146108129
PCL_PCL0459,2,fold2,2,,0.0004360016719855437,,5.38775562522571,,3.3783836669702727,,2.91128880220958,,7.996620343693303,,4.023566193409721,,3.6975826516047623
PCL_PCL0460,2,fold2,2,,0.00043389237506297716,,5.738890926492217,,3.701753447426629,,3.1640896327727606,,8.626404779027087,,4.946097427495226,,4.220650146327895
PCL_PCL0461,2,fold2,2,,0.0004365994124734818,,4.725912446375687,,2.911436359948508,,2.5565600379227766,,8.106970856481666,,3.793633221315476,,3.515939311952993
PCL_PCL0462,2,fold2,2,,0.00043539654604691364,,4.850867493831183,,2.7840169310234613,,2.4206202412678035,,8.027189709065938,,3.702842349301256,,3.170444747051252
PCL_PCL0463,2,fold2,2,,0.0004356689763863192,,5.114727041984891,,2.913648438316985,,2.498584337863863,,7.669202833896328,,3.794268037638746,,3.130181700999633
PCL_PCL0464,2,fold2,2,,0.00043588317345749986,,4.925822662471425,,2.8684174582141795,,2.4831484301185602,,7.454953582922769,,3.6667233713775196,,3.0305088409105223
PCL_PCL0465,2,fold2,2,,0.00043580901434388426,,4.700091363571807,,2.8906686564572612,,2.5650358061554965,,7.872381657448895,,3.7329255621053874,,3.1568649451897195
PCL_PCL0466,2,fold2,2,,0.000434583367987627,,5.21463676609931,,2.9985431435005854,,2.5116805218685525,,8.017120683035717,,3.93687492947777,,3.250833059962603
PCL_PCL0467,2,fold2,2,,0.0004344891009324583,,4.939313637656846,,3.0827781315798277,,2.7028147247327254,,8.295944395739541,,3.9690670705855475,,3.459681031910443
PCL_PCL0468,2,fold2,2,,0.00043687875144774943,,5.020479914032853,,3.0071749806356682,,2.6393034813174103,,7.908558550116673,,3.9728434789325573,,3.5078068667431035
PCL_PCL0469,2,fold2,2,,0.00043657269556800736,,5.260855461752829,,3.168441165287264,,2.731729119433132,,8.594807830372993,,4.057304813008845,,3.7374325251689684
PCL_PCL0470,2,fold2,2,,0.00043685835289681944,,5.39828569773531,,3.1629467307004444,,2.710779119664281,,8.003802960002364,,3.7790865645934,,3.4224734543598427
PCL_PCL0471,2,fold2,2,,0.0004347740069166467,,4.884046017391516,,3.163282082916943,,2.7035149213704712,,8.129811434657546,,3.945856358969902,,3.3641840671959313
PCL_PCL0472,2,fold2,2,,0.00043645107908671377,,4.82406124577643,,2.8973870388832395,,2.525273637952766,,8.050373347796503,,3.5377345474540105,,3.1791608307432955
PCL_PCL0539,2,fold2,2,,0.0004318960268955233,,5.391312569508973,,3.4962084169692136,,2.9707279670423676,,7.370779169588856,,4.732916339949962,,4.114273521614449
PCL_PCL0540,2,fold2,2,,0.00042680196052420974,,5.703109596372079,,3.847598369739499,,3.2227344206899193,,7.801664484139772,,4.805836145224649,,4.368459729347505
PCL_PCL0541,2,fold2,2,,0.00043128608634952076,,6.740059861408068,,4.359786781893287,,3.5437035373468553,,9.132353091527248,,5.638131756940235,,5.052082707925669
PCL_PCL0542,2,fold2,2,,0.0004262979602109359,,6.892981097901367,,4.414235977798882,,3.4963415440631356,,9.116664140036919,,5.903242234124313,,5.206344067139019
PCL_PCL0543,2,fold2,2,,0.00042035242591722047,,6.109359407374461,,3.9169689588081082,,3.3639356010049704,,8.588440499743566,,5.418555677888831,,4.79792918431722
PCL_PCL0544,2,fold2,2,,0.0004218241591644016,,5.941793231700548,,3.6613637572590325,,3.1003822230134115,,8.57142620688345,,4.959672696347269,,4.271215805798262
PCL_PCL0545,2,fold2,2,,0.0004254490675357804,,5.872201032322047,,3.664991879268634,,2.992536915295147,,8.47971349504749,,5.299877819166123,,4.322017633763484
PCL_PCL0546,2,fold2,2,,0.00042626850621054965,,5.892258604143562,,3.6111735551193194,,3.062424840141376,,8.187428165908768,,4.8019588321973306,,4.3688376376016524
PCL_PCL0547,2,fold2,2,,0.00043284425545681536,,5.400254777495461,,3.489605711583906,,3.032369741177948,,7.994885977675196,,4.274622899696472,,3.7292637754998403
PCL_PCL0548,2,fold2,2,,0.00042143035758704026,,5.930522151098323,,4.088085320013045,,3.4313747733488826,,7.937647229478378,,5.197418590528927,,4.500659105081393
PCL_PCL0549,2,fold2,2,,0.0004226550649134471,,5.491098617187264,,3.9292205777268543,,3.34931959467405,,8.35218823953558,,5.392976256246793,,4.489582412538199
PCL_PCL0565,2,fold2,2,,0.00042598961204676385,,5.853607212978157,,4.2214474756846965,,3.4513992976045373,,8.335994171792128,,5.166489877320066,,4.573793156148466
PCL_PCL0567,2,fold2,2,,0.0004337334189228829,,5.5212841512034485,,4.042537528760564,,3.38247011878067,,7.8585951277283925,,4.979782154023269,,4.4795221393188065
PCL_PCL0578,2,fold2,2,,0.000413244899436057,,6.39826877190079,,4.285562860678037,,3.4627316659113556,,7.913063405700432,,5.4546825559075724,,4.731335819614848
PCL_PCL0579,2,fold2,2,,0.000403209264177886,,5.767713076730379,,2.830281339827168,,2.3156940437111517,,7.408983835314092,,4.18383801317967,,3.436426920632927
PCL_PCL0584,2,fold2,2,,0.0004111818612282745,,5.414500256641158,,2.2667149215116353,,1.9971624393752703,,7.929409661172082,,3.977366058379248,,3.3873520594139186
PCL_PCL0586,2,fold2,2,,0.00040929355213384887,,6.02367687871108,,2.1824450303590233,,1.889209223757338,,8.219956927665876,,3.415212027522053,,2.959426321399968
PCL_PCL0589,2,fold2,2,,0.00043254306926454253,,5.222637241503349,,2.4810040352389024,,2.1053454549232504,,7.82049360337873,,3.637340570765072,,3.0352378300858143
PCL_PCL0592,2,fold2,2,,0.00043407487220811086,,5.1175079210680305,,2.3068785028418115,,1.9597598845943318,,7.040138244317226,,3.0624091201890464,,2.603015812077068
PCL_PCL0602,2,fold2,2,,0.00041083461425423483,,6.383852184291802,,3.0267136841228415,,2.6483300370504694,,8.609445080489152,,5.018791275105783,,4.371124284822913
PCL_PCL0604,2,fold2,2,,0.0004067216014490352,,6.38530588964391,,2.924260947626217,,2.421390960409983,,8.433763303362,,4.473635530487179,,3.601973518139062
PCL_PCL0606,2,fold2,2,,0.00041145301725911687,,6.506165294016754,,3.1244979535648345,,2.559120492548373,,8.127281067363572,,4.670472976419933,,4.287718445935874
PCL_PCL0608,2,fold2,2,,0.0004070343446558669,,4.936827191183111,,2.1274349076040013,,1.8666069153332479,,7.80593296046238,,2.9591459059416185,,2.6255268245788956
PCL_PCL0609,2,fold2,2,,0.00040566236189341215,,5.284392114876847,,2.0313258775404135,,1.7846591775641438,,8.108062814209474,,2.734772165567906,,2.412785890487188
PCL_PCL0611,2,fold2,2,,0.0004098426820872622,,6.801547972446683,,2.9703877974680686,,2.5526867125405377,,8.985849342045919,,5.178701165503512,,4.262851767396009
PCL_PCL0617,2,fold2,2,,0.0004076711419632971,,5.599433794693165,,2.49450498017654,,2.04453249394047,,7.791711179986676,,3.483211400545481,,2.815009231847015
PCL_PCL0618,2,fold2,2,,0.00040819144834086316,,5.917863091230232,,2.810741124169507,,2.3290342977971035,,8.069673439274654,,4.5974208838842845,,4.028867197526183
PCL_PCL0629,2,fold2,2,,0.000402694165308257,,5.701760628517774,,2.760234722093846,,2.3404133381210084,,7.098122007665576,,3.559185918200255,,3.0624262387968426
PCL_PCL0633,2,fold2,2,,0.00040757067871620596,,6.5972345171511115,,3.018211506060933,,2.46439076409222,,9.071008566993026,,4.948802275706981,,4.267392369335719
PCL_PCL0637,2,fold2,2,,0.0004123289109347703,,5.876347947499772,,2.708819300499514,,2.22170507253041,,7.428575833872938,,3.8011463459688217,,3.171698321310142
PCL_PCL0647,2,fold2,2,,0.000402673925909678,,6.037954283297622,,2.4768577479173977,,2.2251446682184057,,8.604742798752678,,3.4714357291974096,,2.8339032211280504
PCL_PCL0651,2,fold2,2,,0.000403475379212339,,5.327246029231643,,2.4170210644637233,,2.1097921931436368,,7.775928666786427,,4.118483404589038,,3.373468765663393
PCL_PCL0652,2,fold2,2,,0.0004028103514579478,,5.583415064772817,,2.5586969128569423,,2.187695854175135,,8.702570161606367,,4.399196213730711,,3.426086601732938
PCL_PCL0654,2,fold2,2,,0.0004169449310149082,,5.325350373166521,,2.329217897085413,,2.0763529931910902,,7.54881645972553,,3.3163593928269806,,2.81277619634663
PCL_PCL0655,2,fold2,2,,0.0004169449310149082,,5.325350373166521,,2.329217897085413,,2.0763529931910902,,7.54881645972553,,3.3163593928269806,,2.81277619634663
PCL_PCL0657,2,fold2,2,,0.00040073937511482353,,6.430199807972204,,2.886338052975971,,2.4306357324557064,,7.866252430681342,,3.9088102990875635,,3.190904773897034
PCL_PCL0661,2,fold2,2,,0.00040834857054934844,,5.614635589802389,,2.452502804255301,,2.007740698996392,,8.36223726029148,,3.1579294273245644,,2.6317339433049534
PCL_PCL0663,2,fold2,2,,0.00041204461986778587,,5.294671028779364,,2.576367927495889,,2.1696493210182184,,6.731115178247199,,3.450645992002922,,3.0164473883026157
PCL_PCL0682,2,fold2,2,,0.0004011754316093352,,5.713297628767322,,2.6522486144245505,,2.304880716876331,,8.502039102794983,,4.456764268284254,,3.501644907742995
PCL_PCL0687,2,fold2,2,,0.0004272385642648726,,5.637824209114874,,2.421990454098483,,2.031949769885532,,7.668851840544584,,3.002339132544783,,2.587693015823984
PCL_PCL0697,2,fold2,2,,0.00040675307019945144,,5.27885990155186,,2.4277201925294385,,2.0445671681311275,,7.500757839661641,,3.448784354219269,,2.9973821544808916
PCL_PCL0707,2,fold2,2,,0.00042313321340848795,,6.060888090367119,,2.703487281080193,,2.3726240243189243,,7.639671073196654,,3.285906384699846,,2.8572618398202554
PCL_PCL0708,2,fold2,2,,0.00042396042349190574,,6.07458663408914,,2.6355441564873536,,2.246507263251754,,7.651789454054675,,3.266685997933212,,2.795575674896555
PCL_PCL0709,2,fold2,2,,0.00041507267401670427,,6.049082425970445,,2.786659807911565,,2.2992822734722433,,7.597980676941769,,3.9767948309772425,,3.4579479106830404
PCL_PCL0710,2,fold2,2,,0.0004070204699514225,,5.826474635125934,,2.5773009139373273,,2.202723995739019,,7.722941349408134,,3.52582354879086,,3.028095648191088
PCL_PCL0713,2,fold2,2,,0.0004134276005009589,,5.703776541049635,,2.7365059433349224,,2.3592542113879826,,7.8200149582871665,,3.8652637008035757,,3.238527984793236
PCL_PCL0714,2,fold2,2,,0.0004138316739671216,,5.949394140388173,,2.531411730808219,,2.151555207455298,,7.758424850416059,,3.092724199562536,,2.6971018270478497
PCL_PCL0715,2,fold2,2,,0.00041149447946574845,,5.919106663922615,,2.5867185059485487,,2.120473010168068,,7.796340658188488,,3.7601487540366305,,3.3553444983549983
PCL_PCL0716,2,fold2,2,,0.00041738736003578934,,6.220281307946201,,2.737477865333217,,2.284929601545349,,8.314838248645861,,3.9068296077301645,,3.4780558789795215
PCL_PCL0720,2,fold2,2,,0.0004323847952623656,,6.010375001867427,,2.7607241002257914,,2.2980847412662335,,7.595095953490206,,4.161240005564295,,3.7016652635010217
PCL_PCL0725,2,fold2,2,,0.0004090043211185685,,6.250386132437245,,2.889443344786913,,2.3829472085072556,,7.821582638202283,,4.516403397538573,,3.7942721312424244
PCL_PCL0726,2,fold2,2,,0.0004151655319378951,,5.909902619144494,,2.7225417587749163,,2.3129462301249917,,7.7576303202092936,,4.285048693960014,,3.78777252122932
PCL_PCL0735,2,fold2,2,,0.00042133142061486634,,5.862378983801127,,2.5706951616246645,,2.221656503806395,,8.596459835528329,,4.6004801224149725,,3.785324587173153
PCL_PCL0736,2,fold2,2,,0.00042383747649480004,,5.784783763207891,,2.4866736824783198,,2.1150112854232477,,7.973173316676584,,3.9279169307566657,,3.2565779194213955
PCL_PCL0742,2,fold2,2,,0.00042073522476212405,,5.686477330732692,,2.41264864709699,,2.125097080984925,,8.089634098225053,,4.300784265774218,,3.4855055439973506
PCL_PCL0743,2,fold2,2,,0.00041534716514040476,,6.049396985069823,,2.635962727805711,,2.252617966625932,,8.005725004903868,,4.3808368728963085,,3.8863818554765968
PCL_PCL0744,2,fold2,2,,0.0004175148399911139,,5.7349405236390005,,2.7523129882669584,,2.385919679602533,,8.249111930807867,,4.483158611760229,,3.6841883926624326
PCL_PCL0745,2,fold2,2,,0.0004154766345796819,,6.130085876251921,,2.647813410706008,,2.2895101830776325,,7.890837477362201,,4.252400566043913,,3.544083665694861
PCL_PCL0746,2,fold2,2,,0.0004205685216177868,,5.617732709121518,,2.5123709788409894,,2.094072216416624,,8.110927817945836,,3.952276717381818,,3.4227429883675686
PCL_PCL0748,2,fold2,2,,0.00042349391563251647,,6.023781911773689,,2.510988230465307,,2.1042885366789026,,8.602340379912736,,4.263876988038295,,3.4970904475036915
PCL_PCL0749,2,fold2,2,,0.0004236308156855637,,6.005315602999963,,2.467877662064617,,2.1054711365966194,,8.637257460510124,,4.281318452938665,,3.487060336781347
PCL_PCL0750,2,fold2,2,,0.0004306913896633992,,5.999148495036684,,2.435873172513693,,2.1271878203756915,,8.408129863723051,,4.15666364754864,,3.4829155728833445
PCL_PCL0754,2,fold2,2,,0.0004325060524800785,,6.0727818418638035,,2.6655897125343158,,2.194018691236289,,8.790009228395652,,4.424599240766106,,3.6984944752149382
PCL_PCL0793,2,fold2,2,0.00041297644476012924,0.00040235659637083594,10.510538168930829,5.7595997090804545,1.7349992672672978,2.3238588171491603,1.24777390743258,2.0020986373571037,14.112292879725157,8.292791155953747,1.8844564789627103,3.5436656771615382,1.2896339777144634,2.9344515184441424
PCL_PCL0794,2,fold2,2,0.0004151852099796227,0.0004045001767816591,5.286225632716635,4.817368930302401,1.6045187391821427,2.186451675719046,1.3190853412182464,2.0050808694427196,5.86153305370815,7.718409143676713,1.649989024015674,2.9482298803495133,1.3403032720549353,2.53976302745846
PCL_PCL0795,2,fold2,2,0.00041528787635068264,0.0004027770142385704,5.593665481962996,5.236375557539852,1.3543629617772575,2.2807083085586664,1.124464501203305,2.0107175847058083,6.0,7.538567052655723,1.3953130677118768,3.089978115250402,1.1386175544935309,2.711529488410874
PCL_PCL0796,2,fold2,2,0.00041525805182823604,0.00040196024083292113,,5.110770858753375,,2.4338242301763944,,2.1640417896906428,,7.96885428105082,,3.7420536215011158,,3.2340967237460228
PCL_PCL0822,2,fold2,2,0.00041254713323910853,0.00040419985460738925,3.639731684625482,5.542947337962725,1.449686867624702,2.3359602842831286,1.2233784240703627,1.9983405435169885,7.430766526854,8.08976002711946,2.5527955989683644,3.3616401348137375,1.8318045851253453,2.727466812020045
PCL_PCL0823,2,fold2,2,0.0004213400762487265,0.0004014404295183977,,5.572218839547004,,2.277942976825294,,1.971422677835376,,7.7399519232689435,,3.588606815577233,,2.997052687020002
PCL_PCL0824,2,fold2,2,0.0004224626668096625,0.00040166478055241386,,5.7212680897074275,,2.342466849739556,,1.9752346662210134,,7.457321420142481,,3.332250225215776,,2.744191778316186
PCL_PCL0827,2,fold2,2,0.0004223104371961799,0.0004036315487543768,5.359503784390754,5.800310990505074,2.1377695551784437,2.8096177906081645,1.7909583740978532,2.5441857706052042,9.89206272406748,8.845267636934754,2.337875905691162,4.1953619620690095,1.827301477834986,3.6157514016783088
PCL_PCL0828,2,fold2,2,0.00040728089437569876,0.00040571021006532634,4.68326708626946,5.081816580406236,2.1656981948722613,2.0462272157866543,1.6124702981599213,1.8191582039657175,5.0,7.908872986545496,2.2510418173360978,2.833310842395008,1.6538121872240208,2.338366919624953
PCL_PCL0829,2,fold2,2,0.0003869802305515521,0.0004026286260795306,7.126440236003265,5.546297180243017,4.735111119167556,2.8682395340312854,3.8438688056408257,2.345808923209884,9.0,8.334876227589218,6.628334347766555,4.617085164165078,5.721375537319266,3.8393578392892618
PCL_PCL0830,2,fold2,2,0.00041504808578104297,0.00040503041086762705,,4.855327726508956,,2.1288364763012297,,1.8192083544740631,,8.044872974959102,,2.953073217746268,,2.5649212399825623
PCL_PCL0831,2,fold2,2,0.00041358063502188234,0.00040297219524260824,3.4541193780403616,4.9907102540627655,1.2027807070613292,2.2139059243758807,1.0748911104681018,1.8657283190354448,8.180578134074123,7.497752386697285,1.49188609530194,3.2488299844548627,1.1732698790402538,2.7335066445636262
PCL_PCL0835,2,fold2,2,0.00041729292408614093,0.0004058993079276603,,5.263612144916932,,2.082262253351455,,1.834686406326974,,7.811641530761313,,2.8753307984067225,,2.5810996323404938
PCL_PCL0836,2,fold2,2,0.00038842724725534575,0.0004007976498349008,4.296232684417034,5.355113953111083,3.131186486022211,2.575781276432861,2.7281858921177013,2.3319459745364948,5.0,7.464447597113117,3.6817362563312805,3.634954262004534,3.169014084507042,3.057536419417308
PCL_PCL0837,2,fold2,2,0.00040332628203949177,0.00040126759022664736,3.8632754555554136,5.350556188291201,1.8175151647485277,2.5165704598258745,1.4381424412690937,2.1893529125485696,9.861207495704424,7.965145088557896,4.224522942279306,3.614035544518441,3.311684580796592,3.043210465771836
PCL_PCL0838,2,fold2,2,0.0004189978092195211,0.0004012662666480482,,6.034953881605532,,2.5812946535049317,,2.2213826822895264,,8.224412755336296,,3.795071616626563,,3.109743808867536
PCL_PCL0846,2,fold2,2,0.0004125505128568124,0.0004007927339725447,8.05280252274579,5.7767155924234155,2.774933453703666,2.3698308237063777,2.075148830758764,2.023536402356905,8.890101015133885,7.796233656239463,3.1247997852062475,3.51658143247135,2.3614450525945903,2.9910436991499916
PCL_PCL0847,2,fold2,2,0.0004119694328164716,0.0004006240893247009,6.363908300585289,5.447958827560505,2.1273885529416687,2.3320332350425197,1.5239047338484482,2.0502992426783697,7.0,7.69900196643683,2.302486327498314,3.11463964597348,1.6004443033957472,2.6935711656579495
PCL_PCL0850,2,fold2,2,0.00041101405551942214,0.00040553040834890794,4.585179230468862,5.564899908751014,1.9914560126510616,2.4656839401191517,1.4842248005141228,2.243888023369244,5.0,8.845470978067711,2.1831858541428097,3.4034936322633955,1.5874540830743145,2.9147691702584786
PCL_PCL0851,2,fold2,2,0.0004133801520015179,0.00040151819907310003,5.019104999401836,5.561711204240897,1.5663508173366818,2.271674854984026,1.2334579627502646,1.9515758753206789,6.4304286821588725,7.603618841065556,1.6207428844866985,3.432202710866928,1.2452454364112975,2.834201204648718
PCL_PCL0852,2,fold2,2,0.0004159242717688488,0.00040142643818397855,8.028679625214876,5.386162421574383,1.9377802984421708,2.5414578042618174,1.4310940607102531,2.1456783413966063,9.892048934785523,7.711290067769207,2.047768521103728,3.5133483985647427,1.471165238418164,2.825612775294806
PCL_PCL0853,2,fold2,2,0.00041943384687827723,0.00040335870950444774,,5.072709768114752,,2.1608093843994625,,1.832362829666735,,7.615063237389965,,3.4795365670450344,,3.094205762931457
PCL_PCL0854,2,fold2,2,0.00041862337216689525,0.0003998002949999937,4.747743669225251,5.439217510335695,1.818269725570984,2.393184273682307,1.4069793684531884,2.067832250492751,5.0,8.243833570548672,1.8607677123988202,3.677356874509186,1.4233417440020526,3.150603159680558
PCL_PCL0855,2,fold2,2,0.0004205430469352567,0.0003997429156469244,4.683267093627151,5.768012675192093,2.04817042330057,2.47033110175276,1.8046191088999324,2.112215075919056,5.0,8.49217776518252,2.1298893765378075,3.8185011831890368,1.8764107565835308,3.1957803919395595
PCL_PCL0856,2,fold2,2,0.0004216787054754992,0.00040642458036821254,6.43447639503554,5.012097132642338,1.1282733431643206,2.3425124372575676,1.0377740359584255,2.011416453378131,6.8916729465338555,7.529400880773964,1.145424991150821,3.4709695690940783,1.0430804557800057,2.8135363917642247
PCL_PCL0857,2,fold2,2,0.0004185083096995034,0.00040428100124614494,,5.0790707266236295,,2.3482753935354213,,2.027157036369353,,7.524750576956441,,3.498883676624437,,2.853456021389326
PCL_PCL0858,2,fold2,2,0.0004092428981995394,0.00040473887179593576,4.883742284523044,5.045061188415134,1.4617800092257438,2.0279586810551047,1.1999355602141828,1.8055206023406496,8.860971209105248,8.212304114652095,2.5422418778256177,3.2017878879273898,1.7001952709853008,2.7529150004557112
PCL_PCL0861,2,fold2,2,0.00041603941868374245,0.000402104275493604,4.6142800690304595,5.659854047283238,1.3680309638293726,2.384718184951759,1.1834686865468917,2.051439192248595,7.885584676051235,8.355054126813254,2.1449446793694467,3.413386316539635,1.6537552834813958,2.6978029788027014
PCL_PCL0862,2,fold2,2,0.0004063513760174438,0.00040100147114252756,3.720819690956823,5.338988924618024,1.3206097915195367,2.5333688960079424,1.1448044578077654,2.128131165324214,5.857807936381257,7.945489683421779,1.8741297060244746,4.316205246403471,1.417325871392943,3.926966494570721
PCL_PCL0863,2,fold2,2,0.000400639203748873,0.0004055180126746917,,5.312484312360314,,1.938301224642738,,1.7510127629972554,,8.03412408605649,,2.76500871174258,,2.3069477663455467
PCL_PCL0864,2,fold2,2,0.00040446283279939717,0.00040170177325215585,6.374413723086632,4.962262188371727,1.926651364914508,2.192568352642834,1.5113215480274638,1.9585479400628818,8.860386398575866,8.214770794506821,2.487188461884218,3.2196402213026833,1.693214099320204,2.782651277296528
PCL_PCL0865,2,fold2,2,0.00039914079339321823,0.0004039322630591258,6.228086375064021,5.469972379102689,2.692639740072231,2.269717390455209,2.224410707204009,1.901317237904291,6.855377566511337,8.188304388010206,2.8174240943000384,4.043133638964252,2.2840363053924184,3.32144876418522
PCL_PCL0866,2,fold2,2,0.00040601299980597117,0.00040110836526639423,,5.690072567894816,,2.5368849211191806,,2.2401965313836363,,8.158125582574256,,3.5119981353135974,,2.942960213322628
PCL_PCL0869,2,fold2,2,0.000422794281734238,0.000403373608984332,,5.4049697188360915,,2.294218373177003,,1.9501179456094395,,7.647815684593408,,3.2159111388050023,,2.6962662171660785
PCL_PCL0870,2,fold2,2,0.0004193345381205095,0.00040077951453471906,6.500442261326841,5.939701589209992,2.1378280899094997,2.4797307267426674,1.6611411393991848,2.1425539230712314,7.0,8.066561063475353,2.1921877012643405,3.9204076893203332,1.680843817187134,3.2595340528858556
PCL_PCL0871,2,fold2,2,0.0004085840652710835,0.00040391904905650276,4.162987746215691,4.991261658126936,1.2657677746649518,2.0605009846163376,1.1097725654122483,1.8054988242385637,8.860607237334678,7.817711584621838,2.0252407235442234,2.8825897231001902,1.4039050639368866,2.53932061746585
PCL_PCL0896,2,fold2,2,0.0004081615260604069,0.0003997775863869672,4.949922756625274,5.392211858332853,1.334138998767793,2.4252702557066197,1.1726485653443168,2.1170873912400054,8.182724531920735,8.271821769802784,1.9177346505140611,3.61175053444998,1.5164485712524909,2.944713621050188
PCL_PCL0905,2,fold2,2,0.00041652163608415756,0.00040086616356133434,3.1219463700523047,5.664523707080135,1.1261183294048887,2.4432208897097514,1.0425699523340668,2.073518012366353,5.43026481032391,9.406470658083228,1.2986766965905667,4.128191346025237,1.1024635542564496,3.4327710260378836
PCL_PCL0906,2,fold2,2,0.0004110608814259034,0.000400120441377284,8.337610651501029,5.358029035246068,3.7224539605080063,2.4028270013586215,2.755455834768879,2.0923339450326246,10.0,8.601556375435722,4.311854418047031,3.271787521683082,3.153754469606675,2.781120002993629
PCL_PCL0907,2,fold2,2,0.00041460900390688396,0.00040367721336707907,3.4544119288706163,5.295805140630517,1.1693115957106397,2.317655297676086,1.0584353611961261,1.9453894788007224,6.244159753758273,8.533222731609968,1.3721972803627762,3.477222647381548,1.1248894845501227,2.890412655273878
PCL_PCL0909,2,fold2,2,0.0004127932705965375,0.0004017848886654976,9.74518906309698,5.887166859605157,2.9498131673441117,2.743953945364262,2.1237212698648595,2.2378150312834375,14.923583803855553,9.010001694058568,4.3646421299509806,4.88514574415944,3.044049507458715,4.29354682165934
PCL_PCL0910,2,fold2,2,0.0004185510632063403,0.00040383506125313967,,5.557460804837053,,2.2771020171989993,,2.0135547480567726,,8.290263880598491,,3.9523806406599102,,3.1432955009588115
PCL_PCL0911,2,fold2,2,0.00041721154443611193,0.00040011729627487634,7.251893862358033,6.279410180563201,2.596420206030231,2.709995932450062,1.9951714432967622,2.2736942802920153,7.861193617056731,8.686252820170425,2.792705981404069,3.818324775574063,2.1277757435816964,3.138090333473641
PCL_PCL0912,2,fold2,2,0.0004137826351065426,0.000400538749601706,5.595652830935011,5.6724012810499564,1.7953106444034275,2.517416620323268,1.337599116170038,2.11903182695827,7.430799830174956,9.30235320602638,1.8995099961748545,4.304181008953138,1.3691697417403743,3.3759147275325216
PCL_PCL0921,2,fold2,2,0.00042656689697881357,0.00043281174589642445,,6.081809715812541,,3.966513005711931,,3.324918551605813,,7.746458347146612,,4.476622366162565,,3.7598075692592117
PCL_PCL0922,2,fold2,2,0.0004165759708816355,0.0004308871247671424,,6.146686988574639,,3.984813927151523,,3.3187542713125553,,7.977732962348286,,4.38240373257823,,3.666243773895369
PCL_PCL0923,2,fold2,2,0.00042786507106936685,0.0004330477137165934,,6.376794916629787,,4.197431018558603,,3.3360914924355853,,7.6933275663571274,,4.958449878509212,,4.2377457334674205
PCL_PCL0924,2,fold2,2,0.0004406267293349645,0.00043105588410964624,,6.472895742303496,,4.260748598487469,,3.4393860898261317,,7.988320858502649,,5.0313716852551185,,4.137596937989963
PCL_PCL0925,2,fold2,2,0.00042663374559325813,0.00043172989821924947,7.5354419413832465,6.417369781610504,6.686581616798706,3.947822781147073,5.688867870531844,3.2270371888413787,7.903507132974818,7.716370821745305,7.571038022803996,4.212992759834644,6.923076923076923,3.6824432403006195
PCL_PCL0926,2,fold2,2,0.00042215552061747525,0.0004319023245330268,5.098082915299481,5.844246353816852,4.146442136779708,3.77053372122072,3.5028956504665327,3.1183618246400253,8.579124386214426,7.998296568443756,6.405551468507335,4.664981376351013,5.0163934426229515,3.940350153280372
PCL_PCL0927,2,fold2,2,0.0004264989576284606,0.0004320952089779326,6.523693802116249,6.201570550500188,4.309905221563232,3.7564607355844224,3.270265028593784,3.103845839533569,9.126965613698049,8.158650297308382,6.143993098987382,4.813616646727944,4.432469304229196,4.12975582966945
PCL_PCL0928,2,fold2,2,0.00042538480143685975,0.0004311582058692826,8.090732678017583,6.456772121528958,5.029226275338408,4.043034638628138,3.242502745606318,3.2731562286388556,10.811150881061533,7.561908334477494,6.773411436669185,4.909898346280878,4.415944540727903,4.204144897021653
PCL_PCL0929,2,fold2,2,0.00041646743299073654,0.0004119554251026669,7.951479220163988,5.3934597108579805,5.852285931024859,3.589936036004046,4.476113006755517,3.0076840606307926,9.836863188256,7.166872396522449,8.495038595245125,5.229883990635232,7.669592976855547,4.375959656841138
PCL_PCL0930,2,fold2,2,0.00041110224172376855,0.00041091505565227573,6.806873558307917,5.688783304696511,5.51235824313438,3.73044460467618,4.652279754599816,2.99847039791589,9.235100310007027,7.412448601085367,7.412410690050032,5.2160664079368555,6.692200557103065,4.411114009013722
PCL_PCL0931,2,fold2,2,0.0004138535307573844,0.0004090946829947706,6.587364901426667,5.7001402976941415,3.5618199943179008,3.698244861834595,2.7095635948582277,2.979609964040202,7.239856841075676,7.445317199956566,3.9962225843940584,5.261242566147084,3.0122853126337024,4.5850121033641935
PCL_PCL0932,2,fold2,2,0.0004178863040145803,0.0004090946829947706,4.920972005006365,5.7001402976941415,4.486929617771093,3.698244861834595,4.027215682018544,2.979609964040202,5.399322812958219,7.445317199956566,5.227781475734789,5.261242566147084,5.032258064516127,4.5850121033641935
PCL_PCL0949,2,fold2,2,0.00041671561867811217,0.00042632672818501693,4.340915100599973,6.03822060767212,4.328074770396125,3.7638049959823663,4.034032781169603,3.126124012168758,5.549705327499999,8.806159007476294,6.023607985128628,5.100315425394343,6.136986301369862,4.469833626328902
PCL_PCL0950,2,fold2,2,0.0004137984765629594,0.0004281263525437607,4.669691092696467,6.119649761474435,3.6923134824707677,3.8936989087951726,2.8693840149265184,3.281548318071258,7.06795876328963,8.711665243831526,4.976972552169672,5.2427942655143065,3.543307086614174,4.679604656616619
PCL_PCL0951,2,fold2,2,0.0004386236266157355,0.00043079008424372345,3.938013563508526,6.177262190683258,3.724524834652569,4.139739018137101,3.346973136573204,3.441575798891466,6.116534071677406,7.841899948550332,5.779844992230653,5.186665637721298,4.801829268292637,4.561006578959891
PCL_PCL0952,2,fold2,2,0.0004331497915091629,0.000429914373942443,5.3985316991990615,6.282714141881156,3.8174435236093593,4.173258722161275,2.816971612576208,3.4622756756834643,10.071591611651716,8.033648462599754,5.648183576680108,5.25782092642971,3.546683837733419,4.565307505825205
PCL_PCL1240,2,fold2,2,0.00039875421750679217,0.0004047050176504887,8.514937897906702,6.376064219666946,5.118626546607069,4.194180323498997,3.6066149672445027,3.372801744653275,9.845909374747924,9.441004917904428,6.703959843656611,5.371076741985226,5.145080239909222,4.5098149065004245
PCL_PCL1241,2,fold2,2,0.00039568432991659316,0.00040507453283103456,4.850367191942898,6.195997868879781,2.8438260725957574,4.089270753946199,2.160289916375092,3.3722769062633193,5.833894842772229,8.600701681660334,3.4331983815704263,5.632075198201422,2.6027296200663965,4.821928580300369
PCL_PCL1242,2,fold2,2,0.0004049338890027596,0.0004196603064258349,,6.226082980946789,,3.9897794208300237,,3.29548984765999,,7.8477843876370965,,4.885447327315588,,4.099965320582519
PCL_PCL1243,2,fold2,2,0.0003981601949644205,0.00041070561813728,5.711942740954709,6.443469310303788,3.5463544200801693,4.385302404533165,2.6348817347692712,3.578753038285031,6.834952306792606,8.059463368604634,4.36492308694282,5.401737917103567,3.3017386427369595,4.694302531566461
PCL_PCL1244,2,fold2,2,0.000409200441946776,0.00041618836376169054,4.238700323390692,6.443137596989081,3.4630057956953753,4.042466016915158,2.919139199494171,3.2664545425355933,5.0,8.127074571007487,4.504478493400584,4.956324704393659,4.263157894736842,4.3490844699869955
LT_1005,3,fold3,2,,0.0004143173823758558,,5.998827687704392,,2.674317965770311,,2.1324883572988242,,7.753032219240972,,4.495559196606908,,3.4091295750459563
LT_1007,3,fold3,2,,0.0004249560080579317,,5.873720745784707,,2.863769790704363,,2.2612090760831682,,7.2795519602667085,,4.960515558289308,,3.8907380659170774
LT_1016,3,fold3,2,,0.0004164196245233995,,6.291859617697697,,3.868202726358107,,2.983347558121474,,7.505136211522384,,4.2732514198384015,,3.3060383896876666
LT_1020,3,fold3,2,,0.0004246136014435832,,6.009352150855486,,2.671685549755292,,2.0054989124749296,,8.018567263529977,,4.568716482239371,,3.430534709877353
LT_1036,3,fold3,2,,0.00042524306490576355,,5.874383881219304,,2.7925690122037183,,2.216019451246544,,7.821990982066987,,4.899188298366144,,3.843590290498774
LT_1037,3,fold3,2,,0.000419545285118594,,6.2071523711120005,,3.0231341168606796,,2.299084120507049,,7.379251738090359,,4.112803888804572,,3.046366088577547
LT_105,3,fold3,2,,0.00041666964038923095,,6.5102684869070035,,3.000797007908582,,2.2752822810153046,,7.959241397840261,,4.396147992807664,,3.3650118507516815
LT_1051,3,fold3,2,,0.0004227197545945312,,5.903601457309321,,2.5979910210899404,,2.00051109300946,,7.842177371150148,,3.916112384639558,,2.9254309387275903
LT_1053,3,fold3,2,,0.00041733211522943653,,6.294951839658123,,3.8178149891682525,,3.0680565782699687,,7.719308168900243,,4.858258942146173,,3.892283799408757
LT_1055,3,fold3,2,,0.0004196444734318062,,6.157299598790778,,3.0384661452256205,,2.330864589979726,,7.542451380915573,,4.214671295729078,,3.1345094837766183
LT_1056,3,fold3,2,,0.000423115227888576,,6.041841141151922,,2.956238550853145,,2.241736998897622,,7.3239426077935725,,4.188568790255605,,3.0815775314879263
LT_1057,3,fold3,2,,0.00041928670338234157,,5.865846137804725,,2.6120451993522282,,1.973171491951896,,7.427290460347997,,3.869036175988015,,2.858112888287929
LT_1058,3,fold3,2,,0.00042157772425903926,,5.727734204556862,,2.55827902943574,,1.9160310961812528,,7.68956657014446,,3.5919193983934616,,2.6710263255075892
LT_1059,3,fold3,2,,0.00041583666172670744,,5.811414550075682,,2.682603639051492,,2.082856268570475,,7.834689289474239,,4.378947321545616,,3.339529962220594
LT_1061,3,fold3,2,,0.00042292874688750273,,6.230584951161075,,2.808350141145725,,2.070572458678985,,8.155559875669272,,4.317483036375552,,3.2268427268797444
LT_1062,3,fold3,2,,0.00041698361639927635,,6.040659515900419,,2.889193450285418,,2.2423394351129833,,7.560587677903154,,4.62280689740756,,3.5325557912245835
LT_1064,3,fold3,2,,0.0004176387546353591,,5.981287381545039,,3.869998817061184,,3.1254817290316095,,7.676124923752636,,5.126345368887687,,4.173431069204974
LT_1068,3,fold3,2,,0.0004168637104413359,,5.622464268993248,,2.37268937895913,,1.8627322279629486,,7.219316938848031,,3.726287347000842,,2.804769759630409
LT_1070,3,fold3,2,,0.00042325582832711435,,6.361923488304878,,3.2692709191097906,,2.4745637234767464,,7.4767926679835215,,5.20926338767923,,4.0592687081784105
LT_1079,3,fold3,2,,0.0004231904986907401,,5.954104421042535,,2.628598610192608,,1.9629863896818873,,7.710268157173023,,3.7576917963703083,,2.702696624580658
LT_108,3,fold3,2,,0.00041936743492746245,,6.055217455770912,,3.151858145640134,,2.446875710761107,,7.534385963091978,,5.023312354884927,,3.959698837543943
LT_1080,3,fold3,2,,0.00041748527184658733,,6.584456120781976,,2.957003201786358,,2.219519919960799,,8.066066116690813,,4.557215425755371,,3.4952696110855834
LT_1089,3,fold3,2,,0.00041993453682872064,,5.872294166595629,,3.7484834081227834,,2.8865344562904256,,7.6816394710631855,,4.178300470896135,,3.299272067355303
LT_109,3,fold3,2,,0.000416547248000651,,6.048383989772911,,2.5191070941154896,,1.9342718942127928,,8.170548278721844,,3.9439695540875737,,2.929398259012754
LT_1090,3,fold3,2,,0.0004156930965420625,,5.92781770621346,,2.6908991321960487,,2.095443422242459,,7.855957483029343,,4.598708662930546,,3.4154283270426493
LT_1094,3,fold3,2,,0.0004173229070355642,,6.018377147294269,,3.808004818145139,,2.900575029640527,,7.772341903259684,,4.169915115964187,,3.223667005023303
LT_110,3,fold3,2,,0.00041556283661694365,,6.006320580115796,,2.7614742690510576,,2.171726651149604,,7.971426784530632,,4.2726042116587575,,3.288319115688409
LT_1103,3,fold3,2,,0.0004230286252331489,,6.074928482584272,,2.7030133779881123,,2.0608653380083712,,7.689190626877208,,3.621468529609677,,2.8479026162712735
LT_1108,3,fold3,2,,0.0004238248811415154,,5.8498206679940195,,3.7922600588497457,,3.070228525365641,,7.958708793558455,,5.1665998243905396,,4.105991331671189
LT_1112,3,fold3,2,,0.0004170815958774842,,6.486776799254967,,3.933909268106093,,3.0622895878149063,,7.2919530545196185,,4.3944640861802675,,3.448155451417376
LT_1113,3,fold3,2,,0.0004235951879241369,,5.9607273282431965,,3.815666636354981,,3.078623897564219,,7.80405237485915,,5.051602825328971,,4.086525821518522
LT_1114,3,fold3,2,,0.00041647739980320807,,5.964494717583649,,2.673190981249975,,2.0437930783094123,,7.47049296047563,,3.715210008393871,,2.841426813498205
LT_1116,3,fold3,2,,0.0004232958728710122,,6.111463187508625,,2.669845771852512,,2.0602723855137097,,7.5159163738382535,,3.750628651973886,,2.8791714959091315
LT_1118,3,fold3,2,,0.0004159198057343289,,6.0722318254889975,,2.7734806366331908,,2.0530769736925034,,7.944437696427151,,4.52479613769393,,3.3227485546535607
LT_1119,3,fold3,2,,0.00042339469699467086,,5.968816223738219,,3.1715119083913574,,2.4140829062912346,,7.273991828692275,,4.880782002240251,,3.628839021142968
LT_112,3,fold3,2,,0.0004179761477502205,,5.906326895074797,,3.0312713047104536,,2.395923753041455,,7.633066819391657,,4.9197996475654335,,3.8916098963821297
LT_1123,3,fold3,2,,0.00041811798105835345,,5.693488127306371,,3.051420944728333,,2.438907271533721,,7.2478426401753575,,5.056292161559398,,3.931635490767512
LT_1126,3,fold3,2,,0.00042723635715796737,,5.858945579692299,,3.752892044975545,,3.0013772720846372,,7.390342055805278,,4.946424134037677,,3.968012254181236
LT_1127,3,fold3,2,,0.0004170097026166518,,6.202861020146925,,3.79702239385255,,2.9153554206330656,,7.981374202662729,,4.491772918632389,,3.5329055068559523
LT_1129,3,fold3,2,,0.0004233781359916592,,5.985433787392799,,2.734960095738644,,2.1307929167466177,,7.67266754532176,,4.299650331304394,,3.2242189238245706
LT_1133,3,fold3,2,,0.0004235043960439961,,5.874871583646372,,2.7146672454875835,,2.0741902315713796,,7.990238882422176,,4.548455053202691,,3.4784630902072378
LT_1138,3,fold3,2,,0.0004330513458653141,,5.670443510101374,,3.7202633083037835,,2.969330243105273,,7.255895893940038,,4.606709431462984,,3.54871904158148
LT_1139,3,fold3,2,,0.00041669433960189566,,6.087720924397367,,2.7189085677518463,,2.094375857518687,,7.532948332304123,,3.7668263637702895,,2.8580325445727777
LT_1147,3,fold3,2,,0.000416976651360158,,6.286838745856181,,3.0435318862773584,,2.342206906261373,,7.664351251603491,,4.74260392983753,,3.621053317589577
LT_1149,3,fold3,2,,0.00041931859432026153,,6.149082108868104,,2.6479963631377044,,2.0695271195832627,,7.775550005355077,,3.7772828404123655,,2.857897082185342
LT_115,3,fold3,2,,0.000417959957699306,,6.246095616323364,,3.16112356219408,,2.3966209086091386,,7.653724844790097,,4.930533758232551,,3.9587006998568395
LT_1153,3,fold3,2,,0.0004168530273148379,,6.5029442032323,,3.271564870550907,,2.490161169658236,,7.785113866974381,,5.146685939436421,,3.955851505749711
LT_1164,3,fold3,2,,0.0004166360987414644,,6.528568681665449,,3.017505089289126,,2.3054061585802414,,7.806347574594033,,4.237827817426425,,3.1580326619232046
LT_117,3,fold3,2,,0.000416536550694074,,6.417742549118109,,2.6904183784389257,,2.0899718481256966,,8.030187061072176,,4.179758855825248,,3.2243475266643826
LT_1178,3,fold3,2,,0.0004164225632707578,,6.047698228196225,,3.788703320282132,,2.949616992446549,,7.951917202771054,,4.737630535303908,,3.7074333507519333
LT_1188,3,fold3,2,,0.0004157430517209952,,5.874536995434978,,2.443576656628041,,1.8494445940220674,,7.5164082279784,,3.5988424820094513,,2.591424060205457
LT_119,3,fold3,2,,0.0004157389834240528,,5.930996365943498,,2.5834414885588894,,1.9763812650982922,,7.683894513467738,,4.042649430773727,,3.0593477617145237
LT_1192,3,fold3,2,,0.0004165915883890675,,6.187584746170506,,3.6826776665381975,,2.7835058507698642,,7.869254356687873,,4.110545133990502,,3.2232192459832523
LT_1193,3,fold3,2,,0.00041747394380321073,,6.272664165384389,,3.1421405922360437,,2.440872141451453,,7.809585050316071,,4.936351423197242,,3.9249753317741054
LT_1198,3,fold3,2,,0.00041776858306454,,6.349640634860577,,3.3273136484187833,,2.5014448013453343,,7.497313629219232,,5.183149887982434,,4.015889450064406
LT_1199,3,fold3,2,,0.00041657994376934765,,6.5127365174435,,4.1261020471247365,,3.2476579710481106,,7.681985877283899,,4.6731224138393435,,3.7291117232627724
LT_1200,3,fold3,2,,0.0004155899173328183,,6.397195983167242,,2.7921908763013166,,2.15041290443181,,8.096439839908804,,4.426740992272055,,3.384503150319454
LT_1202,3,fold3,2,,0.00041750253125447286,,6.087964665759426,,2.978303347916437,,2.367145663981134,,7.787691659342091,,4.843566466249581,,3.8085285742828523
LT_1203,3,fold3,2,,0.0004169024819120244,,5.849755232107008,,2.6547648421530377,,2.0752808221800287,,7.853935022417207,,4.3283901366594755,,3.292040074599743
LT_1226,3,fold3,2,,0.0004187328997807861,,5.744444893133356,,2.996575218637739,,2.3264569498626964,,7.614531221478095,,4.830502199976824,,3.756029179809738
LT_1228,3,fold3,2,,0.00042209372905061167,,6.285760787496098,,3.809040539668571,,2.952988012395211,,7.970841203209825,,4.360648716635151,,3.469893380452411
LT_1230,3,fold3,2,,0.0004166868688552424,,6.040588421212263,,3.7238200819857483,,2.986630416520273,,7.830698706613844,,4.861967457893264,,3.8483781914538073
LT_1231,3,fold3,2,,0.00042322308869279825,,5.898358359287455,,3.742761727022582,,2.881912984054873,,7.379001678305356,,4.392919293741095,,3.4427479422266156
LT_1232,3,fold3,2,,0.0004167594202595503,,5.921533113617018,,2.7374369030444203,,2.0967439166875317,,7.774851507968052,,4.2893597944543975,,3.2915299880732176
LT_1246,3,fold3,2,,0.00041682310380607157,,6.125217060957754,,2.887754345332333,,2.2963789793771214,,8.235030911253318,,4.949488962288171,,3.7972243750540144
LT_125,3,fold3,2,,0.00041685736539076937,,6.213832173289344,,3.2399419558761418,,2.5216627331004604,,7.856413717663883,,5.206968940546376,,4.00510666703306
LT_1250,3,fold3,2,,0.0004166283693474975,,6.50157639946177,,2.9111967245985673,,2.2130072275161097,,8.074429148406516,,4.589843118331303,,3.487197437298869
LT_126,3,fold3,2,,0.0004166019135303945,,5.853504092528085,,2.8644535222886973,,2.2206978482381494,,7.6338515642725495,,4.062321420097994,,3.1309845513965815
LT_1260,3,fold3,2,,0.0004165717335298316,,6.0927750923962956,,2.642087872057413,,1.999863521588719,,7.625695159897589,,4.2745014512243005,,3.1656489783859065
LT_1267,3,fold3,2,,0.0004154754689432282,,6.105426479555226,,3.788655499035865,,3.008395161903067,,7.832874394154605,,4.983813148763687,,3.9340312560668984
LT_1269,3,fold3,2,,0.0004167607523304778,,6.188501428971418,,3.8501104301377573,,2.991512902908211,,7.918563896729157,,4.6873558667877155,,3.7979080481783383
LT_1272,3,fold3,2,,0.0004164524787764797,,6.374020222081623,,2.7962672599779492,,2.211506449721829,,7.708684538692124,,3.9881150869178392,,3.0893881544257287
LT_1273,3,fold3,2,,0.00041591173134645533,,5.918963794687771,,3.7705222935151883,,2.9753487932272233,,7.742909912887861,,4.313887148042584,,3.439153547733109
LT_1274,3,fold3,2,,0.00041644984240487605,,6.512438713658525,,3.771957888603617,,2.9010290996838557,,8.077580241600723,,4.31172857408095,,3.371486226628444
LT_128,3,fold3,2,,0.0004158953629309174,,6.199845710793175,,2.690315111116298,,2.0818262026021297,,7.472380947694358,,4.25576712022217,,3.2421909616849085
LT_1284,3,fold3,2,,0.0004157186178553509,,5.911576546832699,,2.5588467829494728,,2.054123588814466,,7.990973337660466,,3.982218259225432,,3.030400821938146
LT_1285,3,fold3,2,,0.00041560486346280644,,5.612583864916211,,2.6095032490726724,,2.0693786182725873,,7.679026295028847,,4.436482545960614,,3.2902534316576793
LT_1287,3,fold3,2,,0.00041609046639540063,,6.035514618444116,,2.8596422193357434,,2.1656865943254062,,8.14701971665837,,4.601275687073739,,3.486324516538672
LT_1288,3,fold3,2,,0.00041654386000456595,,6.219273040153143,,4.1779420595698,,3.357126858755947,,7.852029616391368,,5.337280622240757,,4.281592588240296
LT_129,3,fold3,2,,0.0004168696831731017,,6.259507980628616,,3.0384268285070934,,2.335681384021147,,7.443721765708469,,4.526933273026414,,3.3485592484318722
LT_1290,3,fold3,2,,0.0004158700736868817,,5.866433765807295,,2.566818797131779,,2.0207602034531313,,7.957504651648698,,3.928330646010598,,2.965756321502077
LT_1293,3,fold3,2,,0.0004178365366631735,,5.691045712848738,,3.6427280426907833,,2.8925562565274303,,7.530100867086762,,4.811997528144081,,3.792071693357173
LT_1294,3,fold3,2,,0.0004149748643587272,,5.808352638362893,,2.75234610147111,,2.1269499398667766,,7.623145988119664,,4.494946009605181,,3.3505881701895373
LT_13,3,fold3,2,,0.00041675140321676893,,6.275211828775704,,3.911828558495557,,3.1816182518430076,,8.075459082275028,,5.156162055098439,,4.013592842519764
LT_130,3,fold3,2,,0.0004168166153540997,,6.2317665482077205,,3.2185692308263874,,2.5096391797286204,,7.827876162964905,,5.1136176212696824,,3.970994428058773
LT_131,3,fold3,2,,0.0004169291134778208,,6.04250431192465,,3.103293609509356,,2.4311896152850188,,7.488394732158724,,5.06893744235479,,3.897862873501414
LT_132,3,fold3,2,,0.00041799847679224386,,5.654344261455218,,2.672417975265605,,2.0831315460427415,,7.376053778699553,,4.632640747323819,,3.5586342341473975
LT_134,3,fold3,2,,0.0004223629340405731,,5.98823674589071,,2.802613786998846,,2.22445984594966,,8.194890869949282,,4.858004722485801,,3.7615824725829987
LT_135,3,fold3,2,,0.00041564560907902254,,6.090580869234501,,2.6968854465166174,,2.098125871963912,,7.586923158562428,,4.343997985623882,,3.1628311176489867
LT_1353,3,fold3,2,,0.0004173489264902297,,5.904462256576754,,3.655504949154692,,2.7435553588648256,,7.648728258570908,,3.982165863393432,,3.0684026471401213
LT_1355,3,fold3,2,,0.0004173690464920176,,5.879215252198792,,2.663052983265553,,2.0793256117693075,,7.518602497734513,,4.055336071233391,,2.9662780775718995
LT_1357,3,fold3,2,,0.00041670073227872105,,5.960082718364106,,2.5575825813868813,,1.9348559385328241,,7.347251274096383,,3.767543725180761,,2.787040045360964
LT_1358,3,fold3,2,,0.0004172393085873725,,6.0858682778098,,3.2538349175207357,,2.5499647463762205,,7.663146282805412,,5.3159610446123375,,4.041838225749364
LT_1366,3,fold3,2,,0.00041503338462516373,,6.091570358477868,,2.9339835226611526,,2.3196240069907414,,8.29238606117384,,4.777334539008163,,3.6125798351876486
LT_1368,3,fold3,2,,0.0004155734707311995,,6.012408970731223,,2.6859198353218927,,2.1050328225838544,,7.969834239304638,,4.171592142554145,,3.1782819277581043
LT_1372,3,fold3,2,,0.0004181051267476525,,5.8188210094449575,,2.8519647718984036,,2.2027930024330398,,7.397725751079625,,4.6447205402837,,3.5296882446090625
LT_1373,3,fold3,2,,0.0004164548115990034,,6.348125087725951,,3.2396600194334124,,2.488537846345843,,8.036848795568801,,5.305581476337262,,4.10172702236471
LT_1378,3,fold3,2,,0.0004171704135948577,,5.672143946817308,,2.6719751022568485,,2.116269577601022,,7.784849384781844,,4.752137016768954,,3.6413512696808668
LT_138,3,fold3,2,,0.00041898373241850903,,6.30152713177121,,3.0056863716940296,,2.2924476325779763,,7.55847667008663,,4.596000912150223,,3.4836625477392054
LT_1422,3,fold3,2,,0.0004156569436436462,,6.041129550819299,,2.647637146252793,,2.099397200070711,,7.844312698476709,,4.471191918148438,,3.254385725959367
LT_1425,3,fold3,2,,0.00041665995596276706,,6.31287517521119,,3.922964746068155,,3.13799294156413,,7.828736697664975,,5.117445087165924,,4.036438284906577
LT_1426,3,fold3,2,,0.000415089520407641,,5.951562884887543,,2.4879727667959077,,1.912723239127575,,7.750056443261645,,3.7577072035159342,,2.7947898512717324
LT_143,3,fold3,2,,0.0004229629813400273,,6.107390278397791,,2.694257355422242,,2.0816131640267255,,7.233694964958198,,3.9844606985966573,,2.9696267896332085
LT_1431,3,fold3,2,,0.00041684101770497924,,5.948096139440926,,2.7495882130282845,,2.14374550237769,,7.828926140421415,,4.4023179381111905,,3.221997734819997
LT_1432,3,fold3,2,,0.0004149235031063233,,6.373084412456708,,2.639936662013062,,2.0323588304994082,,8.124759645722275,,4.079484610588237,,3.0262334708948555
LT_1433,3,fold3,2,,0.0004150817005976887,,5.912709982273584,,2.496276367774774,,1.9390718509057732,,8.246269073183266,,4.43973767627334,,3.263604443491384
LT_1434,3,fold3,2,,0.00041472171842992997,,6.111087252529263,,2.6659751515747327,,2.034785991011263,,8.14600880781784,,4.402151181715812,,3.220507753278849
LT_1436,3,fold3,2,,0.00041455660677479356,,5.91687373998265,,2.6049163904838757,,2.0224706885440757,,7.743596154166636,,4.071597306695043,,3.0232555789567983
LT_1438,3,fold3,2,,0.00041634818987835824,,6.111099072930344,,2.5797017960027846,,1.992640601136747,,7.84907826797734,,3.6414447301525628,,2.8291534927336874
LT_1439,3,fold3,2,,0.00041596876749136306,,5.879394896464514,,2.9219754640446225,,2.2601236736783714,,7.718976261337534,,4.90174669283822,,3.722574672980153
LT_144,3,fold3,2,,0.0004220936952603928,,6.244792605340674,,3.853422501493581,,2.9808029365366164,,7.831735180304825,,4.354630514841024,,3.419974315290233
LT_1441,3,fold3,2,,0.0004164517985372866,,6.2944939440997,,3.8436567460557782,,2.981946769884216,,7.9524967020752975,,4.399849654556733,,3.449584118786813
LT_145,3,fold3,2,,0.0004170194813485281,,6.317312837160529,,4.365806917850605,,3.3710584938750427,,7.400516147393355,,5.041915622975141,,3.873753057786443
LT_147,3,fold3,2,,0.0004155156143965319,,5.880638302263646,,2.458279822054346,,1.9085779187436325,,7.805951716770475,,4.064441431987058,,2.9567472573205924
LT_1472,3,fold3,2,,0.00041622177564572954,,6.161173447382182,,2.784068295922596,,2.1635911906549308,,7.6900047289676925,,3.906671898764428,,2.9743824771539256
LT_1478,3,fold3,2,,0.0004161535944888113,,5.8583446211986425,,3.674565789766123,,2.8387419056353558,,7.616278366425517,,4.12035194726312,,3.2931323046161904
LT_1486,3,fold3,2,,0.00041478898051696897,,6.006675896359739,,2.6621433285248726,,2.108857024916326,,7.676166439595172,,3.9266345865688836,,3.076738316015649
LT_1488,3,fold3,2,,0.0004173709226035771,,6.472861191309059,,4.344114051259131,,3.336262199083994,,7.6133459144413145,,4.835170340565264,,3.797122591250488
LT_1499,3,fold3,2,,0.00041546807177559285,,5.988938478398699,,2.5683870384810246,,2.02376920629933,,7.447131742986182,,4.135517616372845,,3.0624110027480524
LT_1500,3,fold3,2,,0.0004153963856798216,,6.113629498312589,,2.615647014897968,,2.050137741666423,,7.53805240624508,,3.9832625322054818,,2.964525444866851
LT_151,3,fold3,2,,0.00042117270905722357,,6.33492683446122,,3.9305278080914694,,3.1902139818602397,,7.783037999697219,,5.006593845129817,,4.0862336553180745
LT_1515,3,fold3,2,,0.00041531832680151946,,5.921002884217085,,3.7380082739626186,,3.0258754636017295,,8.097756598183572,,5.019727336162811,,3.9384816252034347
LT_152,3,fold3,2,,0.0004343302987655142,,5.388654833497882,,2.6276471722181287,,1.9857077681676518,,7.189721812214117,,4.550096932847625,,3.3358955641473225
LT_1525,3,fold3,2,,0.00041615381657074055,,6.118566991375257,,3.7371582831720613,,2.930274052898527,,7.849597853896884,,4.793425088893439,,3.838895196139642
LT_1528,3,fold3,2,,0.0004162166836773947,,6.163454073706781,,3.804182977081982,,3.0529470825727665,,7.841167176356123,,5.0942225857523855,,4.001175600666129
LT_153,3,fold3,2,,0.0004270665928663292,,5.718056892573619,,2.735775313631079,,2.100771116858624,,7.378748000935317,,4.651417576087957,,3.5451644552376007
LT_1530,3,fold3,2,,0.0004164391667389848,,5.881217579337089,,2.911346993457308,,2.250303516443551,,7.637260429266072,,4.570501412264279,,3.4426464183238963
LT_1532,3,fold3,2,,0.00041585821561717154,,6.299295699607432,,3.796188378303772,,2.9444918867076706,,7.8690910414121715,,4.4186016947522715,,3.430819843604414
LT_1538,3,fold3,2,,0.0004162740466398321,,6.237206583458422,,4.027822647334018,,3.133063638724894,,7.991960971042216,,5.051227061677469,,4.0155247368019396
LT_1543,3,fold3,2,,0.00041643086678162626,,6.124106034517113,,2.586802460630442,,1.9782420898732362,,7.89530537104105,,3.9049012019298144,,2.976520165247337
LT_155,3,fold3,2,,0.00041590383463578975,,6.324341182830791,,2.935919661235672,,2.296599996660656,,8.127655066850881,,4.944337567718449,,3.9082728819422687
LT_1555,3,fold3,2,,0.00041853893794873906,,5.668515692713506,,2.530350106511158,,1.959230575425753,,7.284189292336103,,3.7191349702127177,,2.7825826986160633
LT_158,3,fold3,2,,0.0004227588689016924,,6.322001084485752,,3.256689456047155,,2.515014079692604,,7.715526553002302,,5.1898132650834885,,4.059377383977018
LT_1583,3,fold3,2,,0.0004162152278511244,,6.293865046389627,,3.7884181002709845,,2.8794689021290796,,7.856742086921526,,4.273054806444017,,3.3397718300006667
LT_1587,3,fold3,2,,0.00041787419134045253,,6.460282514063862,,4.267169622108911,,3.378980714452513,,7.788965325639487,,5.531737083702877,,4.2930286371562865
LT_1591,3,fold3,2,,0.00041789040686669027,,6.522671989711761,,4.291918300314724,,3.383676184930671,,7.98032766462603,,5.541348745781352,,4.300786839763798
LT_1592,3,fold3,2,,0.0004144813429265235,,6.102212343703236,,3.8522252974943463,,2.9872704524046085,,8.025643978314372,,4.7666274660720935,,3.736918342923861
LT_1595,3,fold3,2,,0.0004165112614877252,,5.951429834760594,,3.670122634488633,,2.7431395322401517,,7.856373351989794,,3.9805843853657046,,3.1369042176546813
LT_1611,3,fold3,2,,0.00041647604191191387,,6.395438010948224,,3.3174255145407696,,2.5549161584350664,,7.774233680950715,,5.299459156247606,,4.063984288172917
LT_163,3,fold3,2,,0.0004225918701347385,,6.618915527316041,,2.892443460149475,,2.211351307180527,,7.846992051013439,,4.343637563966511,,3.324524298406278
LT_1630,3,fold3,2,,0.0004182627145040037,,5.742727086154461,,2.6527960650558526,,2.1000456123067894,,7.633914074426744,,4.290593427284879,,3.254222162878964
LT_1637,3,fold3,2,,0.0004209709568249939,,5.806301347407837,,3.7698589492513626,,2.99870694651522,,7.789799624752445,,4.7646688411274365,,3.796566060288763
LT_1642,3,fold3,2,,0.0004163344633107153,,5.851480738522922,,2.487138479256852,,1.952082843349614,,7.840145649545676,,3.632444185030185,,2.819047127794324
LT_1643,3,fold3,2,,0.00041593391438173727,,6.193046477536576,,2.6341335284569074,,2.064269704321104,,7.983725146416332,,4.166432033155422,,3.054794469774429
LT_1644,3,fold3,2,,0.0004163362120475772,,6.120233543035284,,2.5865092162346324,,2.0061298453593035,,7.930121662996175,,3.8441281963149403,,2.8385452369916284
LT_1646,3,fold3,2,,0.00041532016247811283,,5.874661563812811,,2.5652445872741385,,1.9627916338175362,,7.562120597597506,,3.7827558133548163,,2.8650007150959205
LT_1647,3,fold3,2,,0.000415379132287794,,6.396542870983068,,2.8043249560844985,,2.1376526384667125,,8.092883456783815,,4.589149496621296,,3.4783665958840406
LT_1648,3,fold3,2,,0.00041680475668562367,,5.730255561195706,,3.581131323591221,,2.79045218707795,,7.285563556951802,,4.054404203163667,,3.1325066663138164
LT_165,3,fold3,2,,0.00042479435129112383,,5.740562000406242,,2.572607656824571,,2.010549820855587,,7.112624940734941,,4.171869432974054,,3.147748027196948
LT_1650,3,fold3,2,,0.0004162549436126199,,6.164788908179634,,4.001942389719469,,3.2443637191119565,,7.536087030731973,,5.31988341022771,,4.309464352083409
LT_1653,3,fold3,2,,0.0004175792225783268,,5.911012969207265,,3.818604983945592,,2.99356950086464,,7.981748875086683,,4.936319643907748,,3.9731141618709755
LT_1655,3,fold3,2,,0.00041651262797880693,,6.156905955751809,,3.2272885894031487,,2.4694800701291952,,7.708852580472612,,5.238065537264577,,4.020005919397467
LT_1675,3,fold3,2,,0.0004155124243865171,,6.368986879486693,,2.8282103300012844,,2.179667697023743,,7.972361220847565,,4.249882791291819,,3.260049301746588
LT_1677,3,fold3,2,,0.00041486635813290686,,6.122588762225131,,2.637344106949393,,2.079186531104871,,8.081753587351676,,4.3153662567417665,,3.1663801566442364
LT_1678,3,fold3,2,,0.00041596465422383613,,5.988515443492724,,3.75964458643778,,2.8918055995656906,,7.704407070701772,,4.561704326671752,,3.5987260495323117
LT_1689,3,fold3,2,,0.0004175758163491392,,5.800972080137039,,2.9671324640291354,,2.4129585216979756,,7.381079685339762,,4.873338551287264,,3.7680353416183414
LT_1708,3,fold3,2,,0.00041434956537498083,,6.081772528540491,,3.8981947402147723,,3.04186517137136,,8.034194619818184,,4.870320657900055,,3.8476485850695674
LT_1709,3,fold3,2,,0.0004153713547281942,,5.964943943151557,,2.700948754670111,,2.0986383748715243,,8.153815805430858,,4.623224263906973,,3.4435716396418528
LT_1713,3,fold3,2,,0.000414848247518234,,6.172002350601113,,3.8265712207120726,,2.957486190027002,,8.030853519821235,,4.779159772302743,,3.699795466359214
LT_1716,3,fold3,2,,0.0004149670230359243,,5.943198306484563,,2.7135513761062,,1.9756068322722855,,8.0621455001096,,4.312564775889172,,3.131217671053831
LT_172,3,fold3,2,,0.000415299254080086,,5.923400883677096,,2.766856315788079,,2.193767498449758,,7.608946602669684,,4.147761146242727,,3.2629090079691614
LT_1721,3,fold3,2,,0.0004146926331505419,,6.001030512046454,,3.8575419830881166,,3.067209047306758,,7.982924601342989,,4.925561422923892,,3.82709906652626
LT_1724,3,fold3,2,,0.0004169843494847801,,5.811055944811702,,2.5037480753875605,,1.891173745117264,,7.422075126728531,,3.5339236522260196,,2.648017234472283
LT_1728,3,fold3,2,,0.0004151938540839853,,5.901982696095415,,2.5617267571213365,,1.9807491216425621,,7.497046501381975,,3.7025370552912125,,2.78403722665828
LT_1730,3,fold3,2,,0.00041499099702955317,,5.900757061964043,,3.712764596573082,,2.833946860146704,,7.634866463921026,,4.384300493578767,,3.4513847197869314
LT_1733,3,fold3,2,,0.00041711172251427536,,5.924205351137516,,2.62211753880833,,1.9746256819774206,,7.8969148444930415,,3.6633431670208103,,2.7658180244854944
LT_1734,3,fold3,2,,0.00041512865010628897,,5.8715846109714995,,3.7653508562421067,,2.869776304174676,,7.65920261913242,,4.572920728586117,,3.551962706021029
LT_1736,3,fold3,2,,0.00041674172710612356,,5.939504755698757,,2.640605153211976,,2.028872161073698,,7.612640517855118,,3.777637513118294,,2.884447089440928
LT_1738,3,fold3,2,,0.0004149455326085353,,6.061516343590966,,2.6997685546353822,,2.062187626841434,,8.06274180340247,,4.615298466635298,,3.383385819671578
LT_1748,3,fold3,2,,0.0004158118770668691,,5.677702397999083,,2.574059943849738,,1.9786351273756158,,7.916170492502172,,4.075678120047631,,3.0129145608205565
LT_1755,3,fold3,2,,0.00041469826813134505,,5.985706727290241,,3.8549292643695874,,3.047530349923579,,7.893903725865048,,4.905852341812007,,3.7803758412111663
LT_176,3,fold3,2,,0.00043200099436480933,,5.455157201501118,,2.424419710818521,,1.9018545462180048,,7.706573820217191,,3.6330926849738554,,2.608717519096183
LT_177,3,fold3,2,,0.0004150835003559148,,6.097508342707113,,3.858032297556691,,3.009974812975513,,7.976616961703331,,4.797920099442622,,3.7365592330978585
LT_1795,3,fold3,2,,0.00041616433798551643,,5.882876307284922,,2.5598064963981213,,1.954957276884953,,7.764679578395165,,3.641982031228001,,2.6906639979257543
LT_1819,3,fold3,2,,0.0004166447808124866,,6.013897234344233,,3.1680550633668023,,2.5108558867784634,,7.921218890884373,,4.998601524966253,,3.826143272228201
LT_1822,3,fold3,2,,0.0004180918667120656,,5.763252929798946,,3.66178568408558,,2.7677835360929017,,7.216649397906798,,4.051381897138591,,3.1093783485629283
LT_1830,3,fold3,2,,0.0004159681876823567,,6.037312399988936,,2.697757602318878,,2.029608128854011,,8.305617164764193,,4.672606224529189,,3.5627974719070554
LT_1831,3,fold3,2,,0.00041505693435744603,,6.334767425518209,,3.0463332933438023,,2.3753859137931115,,8.084728985702027,,4.966294269422294,,3.802657438452405
LT_1832,3,fold3,2,,0.0004165449968790789,,5.931726793192636,,2.7454672593311686,,2.099993195610727,,7.947435545069717,,4.499983678969675,,3.395136704423172
LT_1835,3,fold3,2,,0.00041738245713182805,,5.640241785676655,,2.4960142161222554,,1.8739504205704398,,7.6236827951099855,,3.732853149323332,,2.815637172424012
LT_1838,3,fold3,2,,0.00041694391469433364,,6.024794370718167,,2.9227157731319604,,2.1842517841235805,,7.817143559448,,4.4178946044825045,,3.3249048007159505
LT_1856,3,fold3,2,,0.00041744620289775776,,5.780823706430886,,2.5920235599432826,,1.9940126854994957,,7.196575582982949,,4.244807484011663,,3.216450384006427
LT_1862,3,fold3,2,,0.0004191830263695212,,6.077219663233614,,2.7677890511204897,,2.142975086932133,,7.951631573233119,,4.498964923789322,,3.411304138901201
LT_1863,3,fold3,2,,0.00042692440893934806,,5.690127982798556,,2.9045721633958492,,2.243018613301252,,7.621126117551302,,4.906055334188347,,3.7419001306740225
LT_1864,3,fold3,2,,0.000420302036444057,,5.833228992352716,,3.7442129479861093,,3.057034933797469,,7.4048406605666335,,4.991712823534997,,3.994874110394756
LT_1865,3,fold3,2,,0.00041944533092864306,,5.69628455834135,,2.543614539806052,,1.9557539264003427,,7.2303819837240875,,3.674017290925907,,2.740149062785788
LT_1866,3,fold3,2,,0.00041705079526106574,,5.940200425875722,,2.6731891703284147,,1.988796728448961,,7.618369899608496,,3.6148625294432484,,2.7045803188460082
LT_1867,3,fold3,2,,0.00041933809141466577,,6.435932711339606,,2.7320005499976308,,2.0808275206693363,,7.690492279260094,,3.8252988021239958,,2.913035368210259
LT_1868,3,fold3,2,,0.0004167930745058966,,6.228442917357573,,2.680692735185284,,2.070385516667251,,7.309529220593632,,3.7888497398299728,,2.9001701294084805
LT_1869,3,fold3,2,,0.00041619639299211343,,6.225891525581647,,2.9357006090276863,,2.253731410745807,,7.718401333456401,,4.671315520929056,,3.6594902363870494
LT_1870,3,fold3,2,,0.00041734351116047563,,5.784090732705552,,3.76684828234397,,2.878030087415838,,7.244623630524913,,4.12246315927404,,3.2148144561890164
LT_1871,3,fold3,2,,0.00041627070425828694,,5.9081537898037615,,2.7685357265222494,,2.1274778930174434,,7.679239091862701,,3.988127529845979,,2.9997801919272042
LT_1872,3,fold3,2,,0.0004212897928101752,,6.377424786429338,,2.89384618897189,,2.248140009330127,,7.6065308126427285,,4.213889211337007,,3.168433805141754
LT_1874,3,fold3,2,,0.00041605208784881165,,5.937295933605306,,2.5880138855552053,,2.0009403847799963,,8.017391701785694,,3.986485303526176,,3.0096700029491337
LT_1875,3,fold3,2,,0.0004158884049815289,,6.045767605549286,,2.552222225125979,,2.0101993965594773,,7.9660947265495246,,4.244011849219558,,3.2598505158603253
LT_1876,3,fold3,2,,0.0004153921602213107,,6.0984879300156125,,2.6469127811212996,,2.0894717390482733,,8.00321526876905,,4.107099759789291,,3.1270152663718798
LT_1877,3,fold3,2,,0.00041646539160858365,,5.726006074684209,,2.61472076223565,,2.0189405255264132,,7.969780458527134,,4.152228261875097,,3.1133410690717684
LT_1882,3,fold3,2,,0.0004157251871980544,,5.887843639323571,,3.759174817726512,,2.980177885087079,,7.996901601420837,,4.62104322305719,,3.6262927376646834
LT_1884,3,fold3,2,,0.0004158527307485116,,5.823330745572057,,2.661823425175029,,1.9820077837267438,,7.5317510795617695,,4.036192818610333,,2.958785526862621
LT_1889,3,fold3,2,,0.0004167142182155154,,6.073441731975123,,2.6659978583774366,,2.015727125163481,,7.729346282359492,,4.175221631236733,,3.117129702225199
LT_1894,3,fold3,2,,0.00041801850448905213,,6.0403666507468134,,2.756830332261009,,2.076865894016782,,8.191052789406122,,4.388937744061213,,3.30785383487726
LT_1895,3,fold3,2,,0.00041706457745355023,,5.542367758309666,,2.4976418226846193,,1.901070228885155,,7.419841394689183,,3.5091926195895256,,2.6662651506357116
LT_1896,3,fold3,2,,0.0004167389123217735,,6.2732178471160704,,3.186897617108291,,2.421206490874344,,7.4541970285636046,,4.7145101914929,,3.5888593427539046
LT_1912,3,fold3,2,,0.00041626636871756016,,5.962214629948381,,2.605821366899555,,2.006179020765816,,7.98119487460448,,3.7015997701592083,,2.837698641622123
LT_1924,3,fold3,2,,0.000414743366426688,,5.937714375614311,,2.867108637263467,,2.2534151938301994,,8.118572127438057,,4.796777868304252,,3.5652156059181332
LT_193,3,fold3,2,,0.00041868977391422944,,6.057057684865236,,3.023599266581709,,2.3243606919125708,,7.617342639964343,,4.942211546715429,,3.8039225804312244
LT_195,3,fold3,2,,0.00041659800035446885,,5.9265279064027565,,2.454407250240248,,1.940695972728667,,7.689743943903924,,3.831386983241515,,2.8537237082519975
LT_1954,3,fold3,2,,0.0004170571451183446,,5.8872945741105775,,2.9144900049575115,,2.293425622163954,,7.711213346135777,,4.791809039369263,,3.619491003442063
LT_1955,3,fold3,2,,0.0004145419099793827,,6.122227384082609,,3.8571615108711814,,3.0865131772516707,,8.157119159018007,,5.017815911153816,,3.935292879957685
LT_1956,3,fold3,2,,0.00041573908567964224,,6.127822648494336,,2.957722223547519,,2.296404900467266,,7.924719796952231,,4.782137999157772,,3.6242481566145117
LT_1957,3,fold3,2,,0.0004163666049542651,,5.823055793062827,,3.7966991141570823,,2.94746255576,,8.021413733406526,,4.900366902222645,,3.816538944617996
LT_1958,3,fold3,2,,0.0004153582468915569,,6.047142960077573,,2.8524600624275003,,2.1788411448767384,,7.720450465586312,,4.6204069846477145,,3.4402545148604715
LT_1969,3,fold3,2,,0.0004161889083148032,,5.7489372334527475,,2.562201618777275,,1.9810678505889376,,7.365932966373779,,3.688085199674426,,2.7891709603344803
LT_197,3,fold3,2,,0.00041744212201659525,,5.836829352037162,,2.4463363318926556,,1.9175032391501978,,7.473590694348348,,3.541614588802247,,2.692072953025564
LT_1970,3,fold3,2,,0.00041682509391768353,,6.262526369806759,,3.1636469119316515,,2.5425250982517515,,8.0685744507789,,5.104301760737821,,3.933695111070177
LT_1973,3,fold3,2,,0.00041745796363223606,,5.988875104781916,,3.076185276721342,,2.4329866073481736,,7.553862588055049,,4.826857587262606,,3.8167670237556677
LT_1975,3,fold3,2,,0.0004168111350907472,,6.5278141212017795,,3.1810855583072493,,2.3850517638201136,,7.6366115282116285,,4.889649531259353,,3.6904737023726786
LT_199,3,fold3,2,,0.0004248359149347687,,6.0787184350607,,2.934002597134783,,2.227906341115223,,7.417108811996557,,4.1315108600941315,,3.0883612611245517
LT_200,3,fold3,2,,0.0004169687180406948,,5.982934209861812,,2.748745809316404,,2.1664232508603862,,7.699359655616947,,4.262079526489956,,3.2486998991153855
LT_2001,3,fold3,2,,0.00042169978335619175,,6.064892165664095,,2.828786394341413,,2.207594883943237,,7.885572276717622,,4.719687620342407,,3.6021906639882624
LT_2003,3,fold3,2,,0.00041969070254674334,,5.815159716258725,,2.6116516000695653,,1.9990774361337655,,7.983097168063391,,4.158866838224275,,3.0389520622133595
LT_2018,3,fold3,2,,0.0004146583533582975,,6.045068270670463,,2.8084270471193036,,2.1892581427749174,,7.834783797754559,,4.174504266062589,,3.169008771834449
LT_2019,3,fold3,2,,0.00041598776035239697,,6.409564570927275,,3.249683874086632,,2.4344803565089093,,8.246993215447075,,5.377678814157143,,4.063481416147553
LT_204,3,fold3,2,,0.000415430955240631,,6.040664960440671,,4.062023761494796,,3.2677503978219615,,7.680601617783323,,4.530635066483042,,3.598898134254892
LT_205,3,fold3,2,,0.00041728468158477687,,5.944784838173345,,3.0273026579338156,,2.432370645258794,,7.900222243797648,,5.130803888152195,,4.035893518589286
LT_210,3,fold3,2,,0.0004179462630840465,,6.257741223683733,,3.0344199076482536,,2.323402135639466,,7.951592570683819,,4.821671785803421,,3.732461318066278
LT_213,3,fold3,2,,0.00041532345184069897,,6.112297627687779,,3.7605817201460137,,2.928500944380796,,8.201979844158231,,4.531749667265999,,3.514691155717913
LT_218,3,fold3,2,,0.0004160510280772356,,6.215772219743268,,2.5911045751637696,,1.9743299004390618,,8.014210167056815,,3.811892180696764,,2.791956905164841
LT_220,3,fold3,2,,0.0004166672912494507,,6.554424238230184,,3.1948629118227108,,2.382026315656686,,8.15274519056106,,5.111704395896788,,3.981671875191044
LT_223,3,fold3,2,,0.0004309597066238999,,5.866165458516831,,2.785385182999991,,2.103766556944563,,7.974847205534283,,4.435895821034967,,3.199374064010762
LT_226,3,fold3,2,,0.00041836446592288627,,6.040047183611571,,2.6706672477919997,,2.0152352513393716,,7.94497621561619,,4.29122020275009,,3.2715221237706977
LT_227,3,fold3,2,,0.00041627260632740547,,6.315940013987665,,2.9096322384865534,,2.2162239917130053,,7.747067822371685,,4.224546270930868,,3.110772042506021
LT_229,3,fold3,2,,0.00043124047468264676,,6.293849675903218,,3.1253538481184475,,2.479194346513011,,7.642786713526328,,5.223117016184041,,4.08968197299174
LT_23,3,fold3,2,,0.00041631072554120657,,6.254382467994175,,2.588271663791922,,2.018658361291746,,7.885909432694351,,3.8403235130433973,,2.9334582820627495
LT_232,3,fold3,2,,0.0004163727692500889,,5.969912888972763,,2.913746962321719,,2.2719562163319633,,7.6254624377569575,,4.212790920855271,,3.149935714278829
LT_236,3,fold3,2,,0.0004154045677412562,,6.242343665295375,,4.076316036472897,,3.336827145529858,,7.903657004369495,,5.123528996153985,,4.076564803436529
LT_240,3,fold3,2,,0.0004175270985245314,,6.151602513943031,,3.2132807510353447,,2.539762724583666,,7.7867762560241305,,5.205093603947594,,4.051549235209379
LT_241,3,fold3,2,,0.00041704780724621804,,6.268309212057278,,4.1182199745142745,,3.323278214159621,,7.611307283980806,,5.340001761279161,,4.272990466777906
LT_243,3,fold3,2,,0.00042129749018996257,,6.010828190581623,,3.7648386247626107,,2.9245276232858854,,8.031407999340962,,4.431575849912469,,3.4483599033615264
LT_245,3,fold3,2,,0.00042205226249022315,,5.814701406049847,,2.6902106835237944,,2.055106179010319,,7.863105121571729,,4.577559191236624,,3.4667510793001712
LT_249,3,fold3,2,,0.00043308876277438867,,5.690954212061349,,2.521582047174613,,1.9594283185114567,,7.50636946192304,,4.085698170632411,,3.0175582784445014
LT_25,3,fold3,2,,0.00041616025345957326,,5.7275369854262,,2.3394652813317864,,1.8218263341229726,,7.417941587816807,,3.652376458630337,,2.736198097872762
LT_252,3,fold3,2,,0.00041598184589111166,,5.949747791872387,,2.6147685521643034,,1.9995975836597453,,7.619846030333595,,4.336116593542632,,3.2055627561565867
LT_253,3,fold3,2,,0.0004150208441126256,,6.183976432572453,,2.6758965740815555,,2.0438539962623166,,8.097042610480543,,4.492141664986696,,3.3026313166888723
LT_254,3,fold3,2,,0.0004319978147814558,,6.009508357918912,,2.8772799743184208,,2.1795021836566,,7.767535763519275,,3.97004663504699,,2.97060203295096
LT_255,3,fold3,2,,0.0004171103053119355,,6.38106700592067,,3.117913986094136,,2.354753109005946,,7.563215695463115,,4.323622815546695,,3.186451452283616
LT_256,3,fold3,2,,0.00041719252986372607,,6.029094704373601,,2.8042454843914255,,2.139373392208595,,7.897652590318372,,4.488122698083916,,3.4560107262018653
LT_258,3,fold3,2,,0.00042063247450630815,,5.643623639989804,,2.570405118030548,,1.9558977800103619,,7.275274234190935,,3.5631447422878786,,2.6765665657731392
LT_259,3,fold3,2,,0.0004166104239916278,,6.02474182358774,,2.69130592024294,,2.061729305007982,,7.614996735148693,,3.9557648407234396,,2.998613547222156
LT_26,3,fold3,2,,0.00041778665551405955,,6.320239760820119,,3.009000466234184,,2.307535041780067,,7.822695658212857,,4.433899590357242,,3.33616729538788
LT_264,3,fold3,2,,0.0004158251108702469,,6.430717109025033,,2.6871208230726693,,2.0912052764413844,,7.984888211971897,,4.325558132829592,,3.240594031472577
LT_266,3,fold3,2,,0.0004163484278341175,,5.996100835904753,,2.4450301147589983,,1.9144212093191695,,8.09138427018097,,3.6811902074479925,,2.835868999511217
LT_267,3,fold3,2,,0.0004312844698976734,,6.272759290162614,,3.180760539019355,,2.440152226939521,,8.049344868833078,,5.1745721226412815,,3.906724061946593
LT_268,3,fold3,2,,0.0004223965452146237,,5.95420529266295,,3.7971889455636534,,2.8207892212973316,,7.57352129001779,,4.144861868682608,,3.196451414376402
LT_269,3,fold3,2,,0.0004327679089492151,,6.03049950098622,,2.962873126312118,,2.321245246886866,,7.864092649084779,,5.10434255732705,,3.9334859274470735
LT_272,3,fold3,2,,0.0004233181515110006,,6.159591545330663,,2.62540297530822,,1.9973865842057337,,7.456346327088334,,3.9054333588675023,,2.9700889309677936
LT_274,3,fold3,2,,0.0004157370187975601,,6.288999939163242,,3.974583882865947,,3.077799028357215,,7.700543345089973,,4.874968517622346,,3.869046822627809
LT_275,3,fold3,2,,0.0004158327788169273,,6.167069639348938,,2.8033436460135475,,2.1650450837551904,,7.9600888835175265,,4.35484889489201,,3.3565656594501463
LT_282,3,fold3,2,,0.0004166599167458075,,6.127120322151867,,2.7842186120675674,,2.1394060817227247,,7.550673475561276,,4.118430540824275,,3.1292728134838588
LT_283,3,fold3,2,,0.0004272898375908638,,5.590077537291933,,3.6766255573460764,,2.838208249419475,,7.284927825888497,,3.9151222422742133,,3.063611169026204
LT_284,3,fold3,2,,0.0004160389915478409,,6.147161071031593,,3.7348494163225014,,2.86711083351668,,7.801871943888035,,4.317242025780692,,3.2975444816017885
LT_285,3,fold3,2,,0.0004169988188635846,,5.9569422915263965,,3.767240201493614,,3.0026780013766916,,7.559894132787596,,4.894133623344073,,3.8744897724642793
LT_290,3,fold3,2,,0.0004160000685683434,,5.950731163389447,,3.7589090127225573,,3.0198081749371983,,7.757563324888119,,4.810959888979574,,3.8010033512905137
LT_296,3,fold3,2,,0.0004216854523487381,,6.002756338850311,,2.6658792860007443,,2.109740205926755,,8.266209780314894,,4.67580930453588,,3.4632893134461473
LT_297,3,fold3,2,,0.00041678997392391275,,5.698405328962013,,2.30000971453491,,1.8113157801343622,,7.659584426650893,,3.3861331264840318,,2.565075122985219
LT_304,3,fold3,2,,0.00041631377258199466,,6.017862074205265,,3.0499347352544475,,2.331872844138999,,7.494153981000684,,4.352232753479098,,3.282999934259784
LT_313,3,fold3,2,,0.0004167098293779044,,5.716043540425326,,2.4856615281057537,,1.8784988296406442,,7.191485691444043,,3.4568792259607144,,2.6419342482023445
LT_314,3,fold3,2,,0.00041641096334328956,,5.71827725241801,,2.5807347168162367,,2.0160901298158422,,7.753071893777206,,4.535025089897563,,3.461355303455162
LT_318,3,fold3,2,,0.0004234790632791762,,5.698472660750104,,2.6969363193347395,,2.0853138906694664,,7.506020084436309,,4.022209580435381,,2.899028437744315
LT_320,3,fold3,2,,0.00041625188747946955,,5.950350099511527,,2.5689688864144795,,1.9188013144035558,,7.590762158215294,,3.7470830362278638,,2.7454598053363073
LT_321,3,fold3,2,,0.0004232004636862078,,5.85921512326798,,2.5077447241146595,,1.9300047872699664,,7.341548816811353,,3.759939205342481,,2.751672314915153
LT_324,3,fold3,2,,0.00041672482197394056,,6.191578659156372,,3.0578815898828138,,2.3079243334177644,,7.738511204215107,,4.812346067665152,,3.7243020921244594
LT_325,3,fold3,2,,0.00042063248889787075,,5.742370362976338,,2.647428391169028,,2.0303129060835103,,7.624524042956738,,4.074089648024752,,3.036449128237675
LT_341,3,fold3,2,,0.0004169055377987469,,6.521039895095762,,3.870749301579964,,2.9255660547925055,,7.5881568965128,,4.298661941934488,,3.3991141512887837
LT_349,3,fold3,2,,0.00041684193021865844,,5.750715338699999,,3.765579137333554,,3.0231252125600756,,7.43494021435501,,4.693120157021405,,3.6226287804803095
LT_351,3,fold3,2,,0.0004313643259347584,,5.497847432254347,,2.426645252228694,,1.9020004300354147,,7.643676777272673,,3.9794824465597407,,2.988133449565886
LT_353,3,fold3,2,,0.0004240072391621646,,6.103220686785185,,3.753217753793235,,2.9685242759001818,,8.14268968480969,,4.78019109901433,,3.789320967531467
LT_354,3,fold3,2,,0.00041758888439431124,,5.90984334156334,,2.5965655131397223,,1.978944195753719,,7.78586852739739,,3.9271224203628194,,2.9216595608367806
LT_355,3,fold3,2,,0.00043233238131819285,,6.08788413540849,,2.6210737668298236,,2.052821892056627,,7.981763571079766,,4.099561681853468,,3.057839936225566
LT_363,3,fold3,2,,0.0004170235488823396,,5.782232847474371,,2.360942034946428,,1.8834831745318297,,7.567660869457625,,3.4699170686245933,,2.642506622688641
LT_365,3,fold3,2,,0.0004224620302652523,,5.825547647122628,,3.6555924660184123,,2.8472454065792356,,7.3603441307420665,,4.2322555685637235,,3.342959032857677
LT_367,3,fold3,2,,0.00043046179800108365,,5.957402170130205,,2.9106306819871115,,2.192388075745121,,7.766296618710585,,4.63830150000495,,3.451066622309547
LT_368,3,fold3,2,,0.0004206981134222236,,5.845186309053217,,2.921528823652223,,2.299637019027176,,7.587003005919032,,4.958966997866478,,3.889147337419158
LT_371,3,fold3,2,,0.00041579590304243776,,6.184175033587547,,3.8085426376713247,,2.858300657485514,,7.944056531425225,,4.3806949926315015,,3.3533069579757226
LT_379,3,fold3,2,,0.0004166870976060385,,6.346056007355407,,4.359586348276958,,3.443366178566593,,7.716619640362306,,4.82411539317365,,3.855482537647979
LT_38,3,fold3,2,,0.00043192572920631653,,5.7688979424563,,2.5830625832349323,,2.0086300095916005,,7.9062842642659215,,3.897807840038095,,2.926299823390565
LT_381,3,fold3,2,,0.0004164390191945845,,6.291059277996663,,3.172883425804719,,2.453156184805727,,7.301803155732741,,4.7602354650185985,,3.551436843140529
LT_386,3,fold3,2,,0.00042418631678264353,,6.029793617842374,,3.041415861925174,,2.3069060314299366,,7.742657684315758,,4.758532714446749,,3.632287371703644
LT_387,3,fold3,2,,0.0004202212416916963,,5.9771326700194445,,4.184818125778855,,3.4247506888182793,,7.539394108770495,,5.227378999057193,,4.1512218578699605
LT_389,3,fold3,2,,0.0004168131100482121,,6.222230711293384,,2.6445259283880107,,2.058091240440485,,7.885114328160542,,4.047169425240378,,3.1035243608840073
LT_392,3,fold3,2,,0.0004174124741272052,,6.235200928390927,,3.2481941682952358,,2.508974930188559,,8.002710046290327,,5.1042746016363925,,3.956365352374883
LT_395,3,fold3,2,,0.0004195219123107625,,5.870427483219686,,3.8278778681068313,,2.9853236959300307,,7.349489629500802,,4.206380257700989,,3.3372447690841645
LT_398,3,fold3,2,,0.0004185408357164598,,5.655210596339074,,3.615489042019981,,2.8395746186073287,,7.146337208024725,,4.218486497822734,,3.3146599076042667
LT_399,3,fold3,2,,0.00041750276150629047,,5.823809206486378,,2.5758319035057404,,1.9735562481428972,,7.195130899361903,,3.732255397964905,,2.7863324747387708
LT_400,3,fold3,2,,0.00041546832531403136,,6.276540063947043,,2.9325620729036888,,2.230128802576918,,7.991935089483037,,4.705702067746922,,3.511281823709536
LT_401,3,fold3,2,,0.00041771437872856025,,5.541364703473516,,2.402202641191725,,1.898014038379844,,7.25700080336584,,3.520699483502196,,2.6338615964981
LT_402,3,fold3,2,,0.0004166927161708498,,6.47416394605076,,3.8115857790969923,,2.956393121714767,,8.09373574272956,,4.453218855230839,,3.528445215527617
LT_407,3,fold3,2,,0.00041725483866457413,,6.1066609042731965,,4.098861293928603,,3.3111961662944682,,7.3546556241950825,,5.259899147362825,,4.080069027631812
LT_410,3,fold3,2,,0.00042364875528231455,,6.234646412514219,,3.317905285090275,,2.582705517092749,,7.36764928547141,,5.271325501924199,,4.090380847470553
LT_413,3,fold3,2,,0.00041712367417317577,,6.09984713946576,,2.9970169805057516,,2.3403910140428894,,7.897231313604671,,4.872711843259024,,3.8096519096044834
LT_414,3,fold3,2,,0.0004169955635642073,,6.006214060190655,,3.756394449899799,,2.837313012726225,,7.757913013318339,,4.25784844206221,,3.2951105408428876
LT_417,3,fold3,2,,0.00041661933733859804,,5.86689390954753,,3.6235452393089203,,2.78056729582608,,7.475517266365744,,3.993969956122922,,3.1974655428573624
LT_420,3,fold3,2,,0.00042729760260694187,,6.0389715217804225,,2.591771395811435,,1.9935763221258045,,7.633632803234831,,4.027597127659527,,3.0102402777867168
LT_428,3,fold3,2,,0.00042058815190405135,,5.635373905696275,,3.69853237969124,,2.7641167961984663,,7.345435565500248,,3.9350708053474572,,3.019710145858259
LT_440,3,fold3,2,,0.00041561345154348187,,5.959419894515049,,2.4403168873463237,,1.8863324950069316,,7.543434253938051,,3.7023158805625727,,2.7142013812305508
LT_447,3,fold3,2,,0.00041694096996896905,,6.337657197342585,,4.04322088328096,,3.2759725168465286,,7.626510265689774,,5.344504972358427,,4.209601077023203
LT_45,3,fold3,2,,0.00041615577065288317,,6.297136688908184,,2.716126913250452,,2.0985149547657245,,7.6384873357448715,,3.943595545590106,,2.990042614233597
LT_457,3,fold3,2,,0.000415859710978881,,5.920235983836692,,2.8071260438063805,,2.197202335022069,,8.40401409381132,,4.941557170786344,,3.7401468096348887
LT_47,3,fold3,2,,0.00043176316342129033,,6.095073502358193,,2.9947606874189256,,2.277913942552286,,7.758235370413039,,4.847950857226325,,3.6019848810056962
LT_484,3,fold3,2,,0.0004166732808076612,,5.801926808514014,,2.6347362046732035,,2.0753275534169444,,7.735622541241889,,4.0213094527837825,,2.9837315064120946
LT_499,3,fold3,2,,0.0004160937331708914,,6.293894781834709,,3.269331943715482,,2.4449742050442294,,7.848362110037134,,5.272616020080875,,3.959171619493517
LT_514,3,fold3,2,,0.00041810013630455035,,5.642307016458306,,2.7421026043259498,,2.135763369084606,,7.5577019853075615,,4.673325976984506,,3.5590611217900348
LT_532,3,fold3,2,,0.00042168151202129356,,6.078759446629295,,2.8133078674623335,,2.157301347590493,,8.065678368445273,,4.574570024973488,,3.478953567920532
LT_538,3,fold3,2,,0.0004168950286060919,,6.169805168306894,,3.006007318601452,,2.3752853364325985,,8.154136116754508,,5.006344035763894,,3.8443914021001997
LT_541,3,fold3,2,,0.00041681444816046853,,5.866619945087142,,2.500825350093953,,1.9876106993979206,,7.842522014675704,,3.915727675110854,,2.9420773094837305
LT_542,3,fold3,2,,0.00041608913672520204,,6.1729550121757,,3.8122708870882183,,2.9098654693061983,,8.18862236873316,,4.620346594300144,,3.533654322307578
LT_549,3,fold3,2,,0.0004173097827009885,,5.9803187444611074,,2.475692245688312,,1.9143931777562324,,7.517013651673393,,3.6298837853582566,,2.7145990947347376
LT_556,3,fold3,2,,0.0004161269894607574,,5.705751295163578,,2.4200678882357765,,1.9005262817870172,,7.330209592781863,,3.642405043992138,,2.706121580349272
LT_561,3,fold3,2,,0.00041971348542794475,,5.8510727667745455,,2.7796523786283536,,2.153202302422483,,7.367634841622934,,3.9969325002671123,,2.983006186439044
LT_562,3,fold3,2,,0.0004170268849821284,,6.1715924906185595,,2.9473382405649726,,2.326803506782992,,8.250724894112198,,4.958340517715791,,3.7838610199045077
LT_570,3,fold3,2,,0.0004170722534565484,,5.986488274588019,,2.8635707776794486,,2.1863633896653374,,7.4888345333931925,,4.132561465195081,,3.026028671794732
LT_582,3,fold3,2,,0.000419484514447014,,5.956776127862352,,3.0989673298109683,,2.3674040132138425,,7.331208373753143,,4.373388485193342,,3.238911019654675
LT_583,3,fold3,2,,0.00041677065265628005,,5.7521328690523035,,2.3875158762425386,,1.8023928467668873,,7.673811660621527,,3.4071118976284804,,2.5637949224681083
LT_588,3,fold3,2,,0.00041697574492188284,,6.278691354422982,,3.2143377279141943,,2.467014155866119,,7.707345684295489,,5.015809837730293,,3.9463848200854468
LT_596,3,fold3,2,,0.0004230785016243587,,6.047246334489284,,2.5620791520369215,,1.9880454120837876,,7.718603761159768,,3.7063532208508136,,2.8495788194134883
LT_599,3,fold3,2,,0.0004224423538664677,,6.070098918558787,,2.94433270321827,,2.2658247927693655,,7.7874309337235195,,4.782392702253109,,3.742032206560051
LT_607,3,fold3,2,,0.0004165604243487435,,5.856158981193011,,2.5625097129869894,,2.037798996509716,,7.9950259929711915,,4.5262908252021115,,3.438879054201225
LT_610,3,fold3,2,,0.0004158427154528962,,5.949055618256343,,3.7678861196502904,,3.0120801126420296,,8.15042711361752,,5.0409823869171175,,4.022992224629049
LT_620,3,fold3,2,,0.00041727300343973213,,5.918926676265811,,2.5895931359651163,,2.0554916819969815,,7.644330501785923,,4.48343839082197,,3.3435357833486132
LT_621,3,fold3,2,,0.0004180263323978542,,5.662804359030784,,2.3542618741838908,,1.9079451987396872,,7.406034806882588,,3.938700926559267,,2.965618806348086
LT_636,3,fold3,2,,0.00041558986870483816,,5.648034512635475,,2.3853449996900773,,1.9197411175863766,,7.547822545301303,,4.067499911005314,,3.0455980017472846
LT_637,3,fold3,2,,0.0004148019361670408,,6.153065200495196,,2.7094441901992905,,2.0940480158614845,,8.154053129789627,,4.582334902662732,,3.3405906738711106
LT_648,3,fold3,2,,0.00041607155299257237,,6.027134954328796,,2.43897187278231,,1.8836370031372374,,7.943120105871299,,3.9182405944103267,,2.930740545878624
LT_654,3,fold3,2,,0.0004178375216493807,,5.643423235216428,,2.4164574094770197,,1.938584778193635,,7.450108776701951,,4.228039559810903,,3.1842673924189318
LT_659,3,fold3,2,,0.00041608467456636343,,6.345147381574726,,3.946936999466638,,3.1338462087043113,,8.015571601126199,,4.879634806398363,,3.945893609923505
LT_666,3,fold3,2,,0.00041639536583169996,,6.001070141177242,,2.590140724246937,,2.008528057476823,,8.227519415268109,,4.1028285391711234,,2.9684317906698348
LT_667,3,fold3,2,,0.00042529117170703526,,5.477449837978983,,2.3449618199701336,,1.8374949296011778,,7.269201198310221,,3.5498640069500547,,2.7011784014746225
LT_674,3,fold3,2,,0.00041640706305212834,,6.283025165527393,,3.0140619030229097,,2.319210401406473,,7.633438444087658,,4.277209320057095,,3.176054266772291
LT_679,3,fold3,2,,0.0004158242283186491,,6.120222108710476,,3.7581566683691845,,2.949452812179767,,8.390959112499264,,4.703183791228226,,3.6654044352142345
LT_69,3,fold3,2,,0.00043223699687070655,,5.645782543118418,,2.382691506498524,,1.8425945634863137,,7.833813423168917,,3.683299239162257,,2.625512848765397
LT_698,3,fold3,2,,0.00041859858085306796,,6.2852647003069535,,2.8933670867245516,,2.2012562032933394,,8.20925217456375,,4.682032729125148,,3.4409523800911335
LT_703,3,fold3,2,,0.00041629671975158995,,5.865303836733665,,3.6378568911071665,,2.725654019121406,,7.498058946932836,,3.966058868413846,,3.1525429345080482
LT_715,3,fold3,2,,0.0004169574504117035,,6.235222330519961,,3.030150232139769,,2.243126928598657,,7.322540899757738,,4.534483965465476,,3.343871422147607
LT_716,3,fold3,2,,0.00041642672315859997,,6.283599611954609,,2.7094993964549965,,2.1279921839883444,,7.474180387260455,,3.9603525633892342,,2.954862603215769
LT_724,3,fold3,2,,0.0004163808259623567,,6.175633137313431,,3.8073267171303384,,3.0888145744645983,,8.407525435277886,,5.10045216798152,,3.9977678414851217
LT_725,3,fold3,2,,0.0004159735365463109,,5.723501070941173,,2.4593919400281044,,1.8751088610853623,,7.496184979446692,,3.576679485377485,,2.695343548896165
LT_726,3,fold3,2,,0.00041642512336217963,,5.936802044606929,,2.8041708561868677,,2.1485560693739916,,7.582584329732289,,4.173196124627673,,3.279101488227562
LT_74,3,fold3,2,,0.0004217159129274988,,5.933434920743875,,2.6044046180868645,,1.96593441318989,,7.815099356359156,,3.77457562374636,,2.7774271609998213
LT_753,3,fold3,2,,0.00041637338597119537,,6.055058692425822,,2.537963623346301,,1.945794325063253,,7.818563272694646,,3.7817018275012053,,2.856250867920866
LT_758,3,fold3,2,,0.00041520822117712027,,6.305914536991421,,2.9010346455664497,,2.229378518973022,,7.917901621429806,,4.724450696231437,,3.5252622852717974
LT_760,3,fold3,2,,0.00041681317859132254,,6.200361392684223,,2.8547537758562815,,2.18929166280354,,7.562903317482276,,4.097039555845741,,3.011293805788601
LT_768,3,fold3,2,,0.00041580881628789507,,6.127635762343183,,3.72226519151081,,2.829178949673188,,8.027870803135123,,4.141418104929333,,3.185767458669615
LT_769,3,fold3,2,,0.0004160893589735797,,5.682766924938934,,2.4894965554608683,,1.9337819270568342,,7.082586664979028,,3.565068550494143,,2.6622910431005264
LT_772,3,fold3,2,,0.000416906332087269,,6.408015328549389,,2.8311073588530085,,2.1449485976606018,,7.902186177490685,,4.06920945934661,,3.1703549968457043
LT_775,3,fold3,2,,0.00041519741501172894,,5.867721044674352,,2.5275142880355976,,1.99754894304213,,8.149701190031623,,4.291630427543548,,3.2810395306432865
LT_776,3,fold3,2,,0.0004161087446129027,,5.971145262281442,,3.670425219485647,,2.8469242731564313,,8.023335688958678,,4.370632773803697,,3.447684665448225
LT_780,3,fold3,2,,0.000415913530008331,,6.181271952045979,,4.169743674112512,,3.310422152348863,,7.26373823979655,,5.346320742739475,,4.226774905731473
LT_794,3,fold3,2,,0.000416445226464654,,6.4519956631630215,,2.669086343216131,,2.068127903557096,,7.995174012494363,,4.116713425131581,,3.121573140645828
LT_796,3,fold3,2,,0.00041661221183372614,,6.55812370875778,,3.8788273732269567,,2.9835352456599757,,7.936380437335293,,4.557944896886096,,3.5372011923235864
LT_798,3,fold3,2,,0.00041628036354956696,,6.216534042396722,,3.7761407410741175,,2.8905253360173,,7.918309554448016,,4.609776990990228,,3.6129269076535393
LT_799,3,fold3,2,,0.00041629948880204763,,5.83471817941022,,2.4015883125461612,,1.85963279081847,,7.2743961362347305,,3.403170231739126,,2.577871495906601
LT_8,3,fold3,2,,0.00041633105300024724,,6.349712571338936,,3.017404736957584,,2.27817446639496,,8.005244941110647,,4.648080638461869,,3.5738023802363603
LT_802,3,fold3,2,,0.0004166418463474632,,6.114246379364428,,3.7043990887260434,,2.858863136431439,,7.523490777016327,,4.264243897923545,,3.3492042387636785
LT_803,3,fold3,2,,0.00041653641047168996,,5.512186934086062,,2.4404001450186503,,1.8836380416794596,,7.1552976000334345,,3.4405570472840123,,2.6398233252092633
LT_804,3,fold3,2,,0.0004154907138716156,,6.002913294580264,,2.632164444490156,,2.017249599372816,,8.001663038946946,,3.869419656881721,,2.882588717790635
LT_806,3,fold3,2,,0.0004167283478558638,,6.225948066321206,,2.574159410994152,,2.01115423245264,,7.702854876173915,,3.749222417629002,,2.843942749404321
LT_808,3,fold3,2,,0.0004154399854914975,,5.678454692446519,,3.7201847762309797,,2.852565477365384,,7.691208245503513,,4.430635158990582,,3.4069389994467905
LT_813,3,fold3,2,,0.0004166311807118749,,6.248068447632775,,4.244599521534658,,3.2603932501623705,,7.471027891441062,,4.701196162076208,,3.564234086483599
LT_815,3,fold3,2,,0.0004157968281615406,,6.018346123070712,,3.7670099613404693,,2.8719509444338622,,7.749804096550259,,4.614313900794053,,3.5732208391039353
LT_82,3,fold3,2,,0.0004152123340882864,,5.871834949381184,,2.644311409327495,,2.0701441956379285,,8.203356067996511,,4.383466934088346,,3.2623020396205886
LT_83,3,fold3,2,,0.0004343969303689972,,5.887680984215561,,2.4040391607041123,,1.852895569158295,,7.481417045850868,,3.5862609935973366,,2.6325402281408325
LT_832,3,fold3,2,,0.0004166266488662574,,6.445259355858227,,3.1433728763704516,,2.383356250887563,,8.00011965835546,,5.042892180257527,,3.9543257101959153
LT_834,3,fold3,2,,0.0004150665976387774,,5.8014995973374175,,3.668813495913527,,2.9289328140929105,,7.513507075014994,,4.584403486182076,,3.600415686121169
LT_835,3,fold3,2,,0.00041636231975011005,,6.046961741555275,,2.4718272820279017,,1.9002938463593868,,8.171173935965125,,3.495369530504687,,2.6163092537225907
LT_84,3,fold3,2,,0.0004157508459667423,,6.20722390112749,,3.046683981821942,,2.347813258675096,,7.922468103442102,,4.773240600271926,,3.6077916832716648
LT_842,3,fold3,2,,0.00041591026130209305,,5.8476326766127045,,2.519643791487435,,1.905673757042302,,7.74317137615081,,3.637857968341677,,2.685393613025966
LT_86,3,fold3,2,,0.0004226968920160671,,5.653099027981764,,2.4760491405218223,,1.8756808036408341,,7.444492497688001,,3.516174352283834,,2.6284186324854595
LT_862,3,fold3,2,,0.0004294086293255856,,5.934101164541599,,2.838314678404206,,2.1321005477662838,,8.00005085911457,,4.670507423329542,,3.4718465176639874
LT_87,3,fold3,2,,0.0004228333174387377,,6.158220557357476,,2.6116447869561803,,1.956457195696848,,7.988621504565358,,3.6526473465331626,,2.7474503618045842
LT_871,3,fold3,2,,0.000420530522269617,,5.850612511244397,,2.7684230604754227,,2.1144139270137527,,7.512364025215981,,4.4505934201194846,,3.411959045792104
LT_872,3,fold3,2,,0.0004173119735382258,,5.565182736391416,,2.41861646635362,,1.8556814224063185,,7.3550112724414864,,3.6583253404405203,,2.7673330584602156
LT_873,3,fold3,2,,0.00042137773684787494,,6.02308077564654,,3.1014707420789254,,2.3773919810279818,,7.312520287702914,,4.346849683016228,,3.2323470132880345
LT_876,3,fold3,2,,0.00042984774546080996,,5.821772325596518,,2.7571294776761057,,2.124113663294047,,7.820638923319968,,4.560461635054086,,3.4276994471315954
LT_881,3,fold3,2,,0.000416583524270148,,6.530853066064867,,4.191096588307523,,3.395917333200385,,7.895489769120627,,5.475246089713835,,4.440187002089581
LT_885,3,fold3,2,,0.0004186518132703945,,6.263918488181572,,2.6976761627085364,,2.101067036326915,,7.9740702726341945,,4.289830534661283,,3.304435638739555
LT_895,3,fold3,2,,0.0004163140230212855,,5.888778666367912,,3.775618416777366,,3.011848850863159,,7.3902470200217945,,4.788803902151733,,3.7364492236719906
LT_897,3,fold3,2,,0.00041723707394545825,,6.051231230549073,,3.753973904836485,,2.8587588049983768,,7.550437744002635,,4.2512836328951495,,3.284457372549808
LT_904,3,fold3,2,,0.0004171457074837494,,5.838868287275919,,3.099999624561877,,2.4349849053782964,,7.67394387448635,,4.899095997607173,,3.8504474681165526
LT_905,3,fold3,2,,0.0004162316186842787,,5.910885023204696,,2.826697643719543,,2.2012171528229265,,7.620228407014111,,4.624669871976521,,3.5042741819900427
LT_906,3,fold3,2,,0.00041725315269370775,,5.78553665592196,,3.154151562724551,,2.4735327813655874,,7.52085609611803,,5.117279541582224,,3.9164258109421968
LT_907,3,fold3,2,,0.0004149830100497742,,5.829991310276667,,3.9318522614106257,,3.1465923040860266,,7.802495548796668,,5.213072633363652,,4.146418842192552
LT_916,3,fold3,2,,0.0004163786714620702,,6.104370969130089,,4.320506866676347,,3.3456540556470946,,7.245985244171539,,5.1897266379665,,3.9360223343931695
LT_920,3,fold3,2,,0.00041681551576930147,,6.397052201030799,,4.062724865617399,,3.2176324839350925,,8.16925564034211,,5.41062581322629,,4.282842984841416
LT_925,3,fold3,2,,0.000417698734466879,,6.014118289467985,,2.9128194240858045,,2.237383062996041,,7.4115831907731,,4.73054675800721,,3.7377811085690476
LT_929,3,fold3,2,,0.00041656358463542514,,5.818217881305021,,3.816054374642263,,2.9182906174851144,,7.613757384339462,,4.303080247436693,,3.425685729650017
LT_930,3,fold3,2,,0.0004160202949147502,,5.905548203964607,,3.6854540706464536,,2.779429954403124,,7.7426100595946075,,4.280078976707728,,3.3009551720942722
LT_934,3,fold3,2,,0.00042358023845709067,,6.172226405345654,,2.7392407175367697,,2.0700210392198675,,7.9720262806351485,,4.38197708198046,,3.319632482463041
LT_96,3,fold3,2,,0.00042961492529781757,,5.910701131601559,,2.924478691825292,,2.2150408985914636,,7.367349755726128,,4.20602447327318,,3.122518658000561
LT_97,3,fold3,2,,0.0004164324420028436,,6.292533973445842,,3.0184469248713435,,2.2801606700538493,,7.535889636684734,,4.525003097617733,,3.3085087707531406
LT_989,3,fold3,2,,0.0004153780515669253,,6.21795734800096,,2.7263475706015394,,2.0929176409456853,,8.073898464798964,,4.738375578512159,,3.6035006928974775
LT_992,3,fold3,2,,0.0004253596963531645,,6.1848910650772275,,3.0266508184165106,,2.374010672939289,,8.042918016358795,,5.140798583488763,,3.9673669582741873
PCL_32477,3,fold3,2,,0.0004317404488882286,,4.987464663452601,,2.887392157481865,,2.2151543700099983,,7.264587884669459,,4.598836191377789,,3.4628956641515414
PCL_32673,3,fold3,2,,0.0004031938429109212,,5.9447320892331605,,3.680468755000891,,2.933127523150663,,8.02050881429406,,4.878114097208041,,3.956011856998373
PCL_32674,3,fold3,2,,0.0004031938429109212,,5.9447320892331605,,3.680468755000891,,2.933127523150663,,8.02050881429406,,4.878114097208041,,3.956011856998373
PCL_32675,3,fold3,2,,0.00040262924008547044,,5.944254853162628,,3.811343956055226,,3.0483912869730196,,8.029564717152716,,5.093537554583692,,4.077484864776085
PCL_32678,3,fold3,2,,0.00040296631231432657,,5.773889181398982,,3.7392336788783473,,3.015455160783591,,8.099911252613182,,5.146608570267799,,4.081481650801347
PCL_32679,3,fold3,2,,0.0004031938429109212,,5.9447320892331605,,3.680468755000891,,2.933127523150663,,8.02050881429406,,4.878114097208041,,3.956011856998373
PCL_PCL0192,3,fold3,2,,0.0004044995022525772,,5.621167002075327,,3.409428246893272,,2.7137022028183115,,8.118138284770698,,4.573686408025568,,3.683287648517674
PCL_PCL0195,3,fold3,2,,0.0004154362139352323,,5.269593805421855,,3.6776826912150495,,2.817162275535642,,7.544389397324677,,4.654802109860261,,3.7994081399533997
PCL_PCL0196,3,fold3,2,,0.00040932087690183534,,5.69147692103287,,4.252338666999462,,3.2939990130356525,,7.7052653503587845,,5.024159457402932,,3.9717628373117964
PCL_PCL0201,3,fold3,2,,0.00040512563338246897,,5.734178804324244,,4.023956333714922,,3.142666495338923,,7.695838810667441,,4.759222071145126,,3.7161600454146626
PCL_PCL0209,3,fold3,2,,0.000412494119234566,,5.805953517476383,,3.628099178437297,,2.696492446642188,,7.470210724090373,,4.481050405947535,,3.512970773537217
PCL_PCL0210,3,fold3,2,,0.00040956721996153987,,5.152870717373414,,3.5129424067951422,,2.596318999703327,,7.3712844603912835,,4.103634852457353,,3.218669650163235
PCL_PCL0242,3,fold3,2,,0.00043437725183220754,,5.727464397391235,,3.8144732128187386,,2.933284075362214,,8.287710177335484,,5.744099149522927,,4.515158968211336
PCL_PCL0245,3,fold3,2,,0.0004163803909251144,,6.137707663155895,,4.566458520910642,,3.58278282011875,,7.739100436231051,,5.468373515755935,,4.2874472105360235
PCL_PCL0246,3,fold3,2,,0.000413685438412378,,5.881782958682816,,3.836374044643373,,2.8498880083018006,,7.971365632104658,,4.9285054525172445,,3.7339151203144403
PCL_PCL0247,3,fold3,2,,0.00041357339375402806,,5.855191257196766,,3.7894797926690247,,3.12727644901201,,7.428490317414611,,5.399632911121652,,4.408306162694964
PCL_PCL0330,3,fold3,2,,0.0004146954052705043,,5.835580905307576,,3.1268562329569423,,2.3588203115457618,,7.781239603914297,,4.825686047884337,,3.5356861301484033
PCL_PCL0331,3,fold3,2,,0.0004174990679908057,,5.927088838950947,,3.294203135955401,,2.5157834214771375,,7.5707178717020795,,4.975478261640506,,4.012879307899255
PCL_PCL0385,3,fold3,2,,0.0004323310820023452,,4.964887411722584,,2.710834144952914,,2.14810657714519,,7.821738744921198,,4.617300157628452,,3.58794639304795
PCL_PCL0389,3,fold3,2,,0.0004360464292026186,,4.693177105943637,,2.3945045085159586,,1.8894187704099448,,7.655936288084043,,4.146511007973279,,3.0989306347940295
PCL_PCL0390,3,fold3,2,,0.00042997388890273804,,5.243925082949265,,2.5405756114635394,,1.9889828752480134,,7.729335341856239,,4.6453869204569544,,3.5943142621929907
PCL_PCL0391,3,fold3,2,,0.0004368348920027725,,4.692999923148902,,2.5023353694929686,,1.930469454957654,,7.851654125310011,,3.8637208547183586,,2.9305675323612004
PCL_PCL0392,3,fold3,2,,0.00043647015993587834,,4.812337868609576,,2.452135659851831,,1.9282496416994812,,8.115787292109422,,4.723011182095689,,3.6912575379003387
PCL_PCL0393,3,fold3,2,,0.0004337493576357463,,5.705884133192084,,3.0493189365387257,,2.406500778794288,,8.17040392388393,,5.0163624422592195,,3.8791887334117816
PCL_PCL0394,3,fold3,2,,0.00043471123404454845,,4.835180758428098,,2.5677073595043765,,2.0200643396003257,,7.808600429823615,,4.744852941277511,,3.7140277949847573
PCL_PCL0395,3,fold3,2,,0.0004346539217097607,,4.969054885408874,,2.6368238987984283,,2.0945143007935507,,7.669434930328659,,4.664501599682971,,3.842441666779289
PCL_PCL0396,3,fold3,2,,0.00043360268250387975,,4.941146347219597,,2.7641432797321692,,2.154275785831367,,7.645900295493572,,5.23807566284834,,4.111573235242577
PCL_PCL0397,3,fold3,2,,0.00041369177588891984,,5.768872053633282,,3.0637372090440382,,2.3311121852783594,,7.252137046626427,,4.485159015692428,,3.492883509308276
PCL_PCL0398,3,fold3,2,,0.0004351438561870785,,4.708059051551219,,2.2696762972182727,,1.763707026417312,,7.334966887860736,,4.243457409630485,,3.1370591496378313
PCL_PCL0528,3,fold3,2,,0.0004148084132295903,,6.315174501776239,,4.307683279477054,,3.5583188241287784,,7.708395152316435,,5.8161455285396535,,4.763940878170238
PCL_PCL0529,3,fold3,2,,0.0004182153567045821,,6.186968741238947,,4.400170279954363,,3.510135570763595,,7.64501919695738,,5.69266948198143,,4.614522735718502
PCL_PCL0530,3,fold3,2,,0.0004124683667876515,,5.603337435040536,,3.9826874980539135,,3.3162138209092524,,7.683216100770691,,5.449770844039163,,4.517917998361184
PCL_PCL0531,3,fold3,2,,0.00041769036608534614,,5.924102554254821,,4.1277392531991905,,3.3619678395107306,,7.724608227281116,,5.428053895275986,,4.327398176140443
PCL_PCL0532,3,fold3,2,,0.0004188241920535952,,5.38596979926608,,3.7827378760004393,,3.1256012246514024,,7.652099494017236,,5.412330035904977,,4.469751206143752
PCL_PCL0533,3,fold3,2,,0.0004188241920535952,,5.38596979926608,,3.7827378760004393,,3.1256012246514024,,7.652099494017236,,5.412330035904977,,4.469751206143752
PCL_PCL0534,3,fold3,2,,0.0004182714293467678,,5.20934646675051,,3.8855202419242683,,3.219374694388307,,7.5130596941188825,,5.4683611712168485,,4.5625767574848926
PCL_PCL0535,3,fold3,2,,0.00041563873581188134,,5.7575246137424525,,4.003210144343395,,3.3552878148210694,,7.389791450699771,,5.417382345671482,,4.6605574360151
PCL_PCL0536,3,fold3,2,,0.0004229337946693116,,6.129589775735495,,4.371454682661751,,3.4022564042191603,,7.514971727013687,,5.0679102251276715,,4.181809308001563
PCL_PCL0537,3,fold3,2,,0.00041271971258844894,,5.594410892528565,,3.9036977864909033,,3.2358179597159507,,7.455386878346723,,5.3313249371958475,,4.519825383164102
PCL_PCL0538,3,fold3,2,,0.0004136032230460246,,6.376221219725959,,4.345320517439063,,3.4265985128563847,,8.202306306374362,,5.344940536152411,,4.380029767058419
PCL_PCL0553,3,fold3,2,,0.0004330164988069641,,4.697715958244772,,3.841457244803112,,3.155553465363888,,7.887350000854147,,5.248408012268236,,4.163747955483982
PCL_PCL0554,3,fold3,2,,0.0004345834730092521,,4.7999797256834,,3.575336815355071,,2.7584731257167387,,8.18047330599584,,5.646234330023181,,4.2287351389992756
PCL_PCL0555,3,fold3,2,,0.00043437854302054435,,4.791359449401094,,4.077400215205408,,3.347050425634921,,7.837486659295912,,5.587926684222071,,4.2846718142999745
PCL_PCL0556,3,fold3,2,,0.0004348818758189016,,4.660040298261675,,3.9264122918322593,,3.2311757743297,,7.868954637968493,,5.387267093453535,,4.108852686321538
PCL_PCL0557,3,fold3,2,,0.0004314380170473437,,4.891512728157343,,4.119582985806596,,3.407831147258664,,7.652630986565649,,5.5772903419534865,,4.422390282477173
PCL_PCL0558,3,fold3,2,,0.00043223144712164346,,4.792554159634191,,3.66539494748966,,3.0252624236165926,,7.7470245451965685,,5.692331099755044,,4.6556538625592
PCL_PCL0559,3,fold3,2,,0.00043366747483310035,,5.0177225290287915,,4.08522032239689,,3.310531612617645,,7.827773200281573,,5.785958101750511,,4.832875802315716
PCL_PCL0560,3,fold3,2,,0.00043256752472555816,,5.0015456327117205,,3.694712779931875,,3.0007580647271497,,8.062565805809614,,5.700150298881264,,4.533484346434745
PCL_PCL0561,3,fold3,2,,0.00043528411927335094,,4.691654621444486,,3.583650649413405,,2.8220882098445395,,8.158611522054276,,5.668184130404374,,4.292045724990134
PCL_PCL0562,3,fold3,2,,0.00043545987969295305,,4.722865739391328,,3.5673598459151337,,2.8004000289844053,,8.060028995951752,,5.640930310865075,,4.121480750700071
PCL_PCL0563,3,fold3,2,,0.0004350410320102423,,4.367500533269825,,3.3901031387238647,,2.5809319614034716,,7.57910016528518,,5.666790408167127,,4.273173694583016
PCL_PCL0568,3,fold3,2,,0.0004345761408027834,,5.018796666101943,,4.012446077615024,,3.044056875771114,,8.17849565887313,,5.466946387695471,,3.980499875645724
PCL_PCL0569,3,fold3,2,,0.0004336072439608315,,5.545196952119239,,3.8304357954186123,,2.963258158365709,,7.688590193597427,,5.105266385214557,,3.8053864957213492
PCL_PCL0570,3,fold3,2,,0.00043529108916286023,,5.140932587648162,,4.098322791613294,,3.375286191751208,,8.292931005532674,,5.5292849177851995,,4.357228579134724
PCL_PCL0575,3,fold3,2,,0.00043595674477716825,,5.348480940694126,,4.218932395336705,,3.369089449759167,,7.947290268014625,,5.617728802151671,,4.228563630924437
PCL_PCL0596,3,fold3,2,,0.00041282833740769777,,5.858856304819573,,2.8813154827129828,,2.2893721242999385,,8.351400452771497,,4.802459091805831,,3.8819870601704576
PCL_PCL0610,3,fold3,2,,0.0004075428392210888,,6.131339960552323,,3.2369047440311403,,2.5605452822063044,,7.8870603794992205,,5.20700468967573,,3.9983247788208502
PCL_PCL0627,3,fold3,2,,0.0004031287514958317,,6.287107047560672,,3.0202380111032427,,2.3103536485511937,,8.325594504661305,,4.154231778647603,,2.9348256123587535
PCL_PCL0628,3,fold3,2,,0.0004049741115464134,,6.186566543868948,,2.8314510343284653,,2.1505184781014526,,7.643590581122136,,3.4896606988017327,,2.5442187205348303
PCL_PCL0632,3,fold3,2,,0.0004055550331586739,,5.847423453695557,,3.21951948933089,,2.579569901869524,,7.55609749919228,,5.057523293908063,,3.9857517990697775
PCL_PCL0634,3,fold3,2,,0.0004018915103961868,,5.724843609253519,,2.5116686388618374,,1.9931710142090024,,8.011878325902213,,3.847669976132663,,2.7051555358637414
PCL_PCL0640,3,fold3,2,,0.0004076319283548603,,6.298723272929209,,2.7968418341025107,,2.13670445755268,,7.328057245197248,,3.5262945898606004,,2.6252868151140967
PCL_PCL0643,3,fold3,2,,0.00042877551157870925,,5.088718865128299,,2.731802406471596,,2.1565770494594063,,8.080382963748182,,5.053883812418662,,3.733952375679521
PCL_PCL0688,3,fold3,2,,0.00043157578717874234,,4.741630852032589,,2.5647098322420945,,1.959325184205755,,7.590073726795772,,4.731384418636421,,3.692720213394244
PCL_PCL0692,3,fold3,2,,0.0004333333203343087,,6.095436647497724,,3.141826503387859,,2.417770072559666,,7.772348641036575,,5.041117961904655,,3.8516065609948567
PCL_PCL0704,3,fold3,2,,0.000406995089299313,,5.703625708022768,,2.9236265612715453,,2.2362592074094745,,7.833530209271866,,4.425736110459451,,3.261511175584285
PCL_PCL0727,3,fold3,2,,0.0004342584151841491,,5.4806326092423205,,2.4637293587995743,,1.9329862159216,,8.234606959891726,,4.589724088242737,,3.4698416279149513
PCL_PCL0728,3,fold3,2,,0.0004215535879989133,,5.595529850581998,,2.534491849212794,,2.031855766085068,,7.538755298720824,,4.046383868189194,,3.0480774234769563
PCL_PCL0729,3,fold3,2,,0.0004334461691841759,,5.0616120214954385,,2.77275876507622,,2.1889939110651535,,7.838258974271977,,5.012464148629281,,3.856853868004144
PCL_PCL0730,3,fold3,2,,0.0004136940882717814,,5.642486285172752,,2.86269022838546,,2.365389813618643,,7.950399018470789,,5.4504268682030625,,4.174538377070494
PCL_PCL0731,3,fold3,2,,0.00040613484762037563,,6.218950281326721,,3.2861758809792443,,2.5232535329276353,,7.844453042543233,,4.769507551170057,,3.7102568896933175
PCL_PCL0732,3,fold3,2,,0.00040893311498659685,,6.089384773075693,,3.229404035078806,,2.410465034128807,,7.7142013357827395,,4.3328264139139065,,3.2619244055433225
PCL_PCL0733,3,fold3,2,,0.00043367373167892825,,4.846392683885782,,2.635738915895778,,2.037492942103216,,8.201955547406774,,5.173286446025396,,3.9800985177210397
PCL_PCL0734,3,fold3,2,,0.00042775011593376017,,5.535030779279697,,2.643010156589208,,2.074958389204825,,8.341197254754599,,4.963052479498315,,3.7303574129666726
PCL_PCL0747,3,fold3,2,,0.0004293843176032524,,4.868054943118438,,2.4748665131626724,,1.9604771200255824,,7.780406900554413,,4.768231892768483,,3.613700981388585
PCL_PCL0751,3,fold3,2,,0.000434105683182473,,5.08102176269093,,2.445994254450548,,1.9747825158764172,,8.279357047213082,,4.821028523338898,,3.750107044053767
PCL_PCL0752,3,fold3,2,,0.0004298845797603909,,5.327189815770988,,2.518640892341424,,1.969060344318278,,8.106942514524329,,4.338800835502943,,3.13070236702431
PCL_PCL0753,3,fold3,2,,0.000423309525082188,,5.900351784581463,,2.658072655161513,,2.07212075931558,,8.133944805016474,,4.649965002924596,,3.455100802523504
PCL_PCL0755,3,fold3,2,,0.0004282081299338547,,6.189803626959255,,3.2557532945810643,,2.4666092824424632,,7.346875489180512,,4.432901045413662,,3.3770902779054905
PCL_PCL0756,3,fold3,2,,0.00043503607634533085,,5.071285535715077,,2.7245165699036735,,2.124078092487617,,8.207373554917394,,4.480019879778513,,3.3425365903528514
PCL_PCL0757,3,fold3,2,,0.00043301801749304203,,5.095962246452395,,2.6914734824652014,,2.1643399272906354,,8.02725598621298,,5.288607181819525,,4.201452578374025
PCL_PCL0758,3,fold3,2,,0.00041293594562137777,,5.439201459140558,,2.653681866754607,,2.1022856066866638,,7.568446949987108,,4.46183046422083,,3.528915971764765
PCL_PCL0759,3,fold3,2,,0.00041813771168255735,,5.453825684518727,,2.725090137695812,,2.152160623007137,,7.45486047428744,,4.429123910376191,,3.248187504474606
PCL_PCL0760,3,fold3,2,,0.00043063889374362653,,6.01090713169261,,3.0617075432497294,,2.3715966600487968,,7.611916919595454,,4.576525960620974,,3.3706004742203945
PCL_PCL0761,3,fold3,2,,0.0004113944894651358,,5.721474701107063,,2.6963030521079587,,2.1250160153323874,,7.592063935381295,,4.765886349241913,,3.5747048232351917
PCL_PCL0762,3,fold3,2,,0.00042594741251636425,,5.400984578875244,,2.5587377929504695,,1.9737943815471415,,7.697225834932783,,4.667337006707314,,3.439489126884262
PCL_PCL0763,3,fold3,2,,0.00042848815341358683,,5.064598632559229,,2.505198708736454,,1.9680593805810802,,7.433753202652859,,4.690824013729848,,3.662109804974525
PCL_PCL0764,3,fold3,2,,0.0004287936375993659,,5.4759969595133775,,2.8536778680942976,,2.3177695221293475,,7.730653499177244,,5.073477564849634,,4.116820587646292
PCL_PCL0770,3,fold3,2,,0.0004205262485552502,,5.625193203674038,,2.668491296338131,,2.119138547762873,,7.344898592932995,,4.352823949979576,,3.432271731611367
PCL_PCL0771,3,fold3,2,,0.0004346609796146879,,4.919515659604082,,2.5408663812382644,,2.0331378340627038,,8.07050119960116,,4.782703926089347,,3.4745042784019384
PCL_PCL0779,3,fold3,2,,0.0004340739974389926,,5.23581371391941,,2.4218319788618765,,1.9160732498118622,,7.577406502608327,,4.463094550703691,,3.3350449188678915
PCL_PCL0780,3,fold3,2,,0.0004341964801943231,,4.7832811018468995,,2.377928400458874,,1.8879045714277334,,7.959706989523162,,4.5711297005200775,,3.4076748681316977
PCL_PCL0782,3,fold3,2,,0.0004310921889430167,,4.968518911105809,,2.6340647686321974,,2.076321990239342,,8.106627993951594,,4.9367723035280555,,3.894750775149062
PCL_PCL0783,3,fold3,2,,0.00042617008789428736,,5.309114819938274,,2.6519355446898834,,2.0470090654136004,,7.923021866194479,,4.899010033234333,,3.7677977436499464
PCL_PCL0784,3,fold3,2,0.00040074539175353406,0.0004012297067069702,5.017990476426481,5.812184467801551,2.0981984062841486,3.423863076491979,1.4733968034077656,2.6901881084722454,14.85734347459538,8.390627737872332,7.285503410075805,5.332915372926236,4.3507503144670885,4.2195427169080295
PCL_PCL0785,3,fold3,2,0.00041730392506282804,0.0004062096461731838,7.420726464789805,5.7884147326385635,1.5020451252765925,2.2367546785315957,1.2200433718434973,1.6501336954333474,9.912830638363282,8.110255331266629,1.6067172761822506,3.599722668728951,1.256714516758441,2.6625664413020558
PCL_PCL0786,3,fold3,2,0.00041127989672084874,0.00040609403786655285,4.266391935213123,4.639561485652031,2.5008923350650325,1.9222574573693356,1.9304442296921014,1.4789013942146503,9.0,7.795064265104454,5.302974333310511,2.759318324683839,3.997620935765266,1.9825387724890022
PCL_PCL0787,3,fold3,2,0.0004194294511137981,0.0004038444247259042,3.1464000581473566,5.124122203402375,1.437094202227436,1.9754002451316992,1.2102638868317543,1.5057367069873782,5.0,8.278405415725313,1.6950570699191936,3.19391937934507,1.3112329058692067,2.2621822197903585
PCL_PCL0788,3,fold3,2,0.00041352186412362425,0.0004063845096800925,4.317269335975656,5.367568418247746,1.195117804899242,1.981109948159223,1.0642093077274253,1.5802640226992195,7.648138833025388,7.601284959510404,1.3042477240099495,2.830138374879805,1.094029805370291,2.039296010795776
PCL_PCL0789,3,fold3,2,0.00041650217881573475,0.0004079245141211125,6.476557052382113,5.461133828328383,1.35768317950642,2.137587609267934,1.126151752355055,1.5866413792541985,7.2600082137316555,7.764329165369734,1.412574078827242,3.3328450185782037,1.1451127889457886,2.4633747658105767
PCL_PCL0790,3,fold3,2,0.00040576853364882634,0.00040688304820316393,8.188038510220224,5.643748531236597,4.042370383261699,2.7811381077826995,3.017213730047551,2.218989390211341,11.42999673769383,8.404551360881008,5.323614354255383,4.523864677995374,3.678738104153608,3.4351724534204777
PCL_PCL0791,3,fold3,2,0.00040625872151962784,0.0004039701543608488,4.230198968429198,6.279185735171779,1.3018764485687253,2.6606569323270106,1.1204325920790112,2.1281568557315778,6.876519010587451,8.504966844613904,1.6872134643388168,3.7356006621285722,1.2771479689007248,2.7664863079854074
PCL_PCL0792,3,fold3,2,0.000398440540058669,0.00040524674369381633,,5.569958906541332,,2.3490424054413936,,1.7415464108962706,,8.265423297755502,,3.8695933365660826,,2.8599824614566116
PCL_PCL0801,3,fold3,2,0.00041324037503930803,0.0004060134829430538,5.5936654893206885,5.699778985500627,1.730301846485656,2.456876230763395,1.3065084912911673,1.8950092973066703,7.0,7.951075359043248,2.003697615409798,3.351204948155109,1.4064308681672026,2.508149635740615
PCL_PCL0802,3,fold3,2,0.00040583762471636407,0.00040357448678832,4.425899753934502,5.365391283784557,2.6689635238091207,2.160824471692103,2.2892492744803197,1.6888455389240993,5.0,8.017434272665259,2.8357422926417373,3.0990719868833603,2.42511252522117,2.2762336024954863
PCL_PCL0803,3,fold3,2,0.0004070400852737124,0.0004106308449073927,3.183864906481411,5.255659772497143,1.3783334841127284,2.0951057874042567,1.1617537115667025,1.661470207896521,5.0,7.811638036488729,1.8834080428899542,3.6220052651714214,1.383828045035824,2.724219495525756
PCL_PCL0804,3,fold3,2,0.00040075696535299524,0.00040685940589921255,5.027440158843151,4.811717164531513,2.245948958794725,2.1285299138945564,1.622383120749332,1.754746854849298,7.0,7.274108196522223,2.703742760630345,2.880566215540459,1.8137947843041675,2.0434588075895084
PCL_PCL0805,3,fold3,2,0.00040743991753029957,0.0004017691113586373,5.66911179494066,5.3764913634311755,1.6412144251431768,2.9673785839062505,1.278122312782621,2.269195107461479,6.252088743246308,7.984319993739811,1.71194019992236,4.17640877733456,1.2891853017627821,3.098056623577688
PCL_PCL0810,3,fold3,2,0.00040818476692412156,0.0004053247786903313,5.49557763352009,5.94876698482633,2.7829694384717816,2.6046385992955607,2.106296296223471,2.0516203577555676,6.0,8.781645070073244,3.1667494614864657,4.64668517800156,2.4522042776080317,3.5614064197968682
PCL_PCL0811,3,fold3,2,0.00039208475894949034,0.0004028829124373065,5.277814269885893,6.04936583873402,3.1690423817117126,2.998923023132041,2.386471216582776,2.3201205727791523,6.0,7.8036900639230184,3.497908619672177,4.263417189219711,2.5520833333333326,3.018198157184997
PCL_PCL0812,3,fold3,2,0.00041077014424822597,0.0004046902123902435,,5.48951528512812,,1.9481640855726012,,1.5660682407156006,,7.8241126219925405,,3.0243627359066405,,2.254560044137808
PCL_PCL0813,3,fold3,2,0.00039827396360950245,0.00040248342585903416,5.352266114033085,6.239163908301358,2.4633213076734517,3.154351408478117,2.1584808839030347,2.4126677230508458,5.853302965033379,7.7835388630587845,2.628326527581683,4.230917551040842,2.2467947388075182,3.2810954304442523
PCL_PCL0814,3,fold3,2,0.0004089620344711983,0.00040340422170064005,,5.0988994693905765,,2.4713792441050293,,1.9246485970912308,,7.961445936042382,,3.5522700303752544,,2.6523722183976592
PCL_PCL0815,3,fold3,2,0.0004055722593266866,0.0004056438434413695,,6.147567792462104,,2.5372958736643336,,2.042668407185308,,8.413661694007471,,3.561051889064168,,2.570334197289325
PCL_PCL0816,3,fold3,2,0.0003913515979388494,0.0004036739256666321,3.8390931344515846,5.626051899565645,2.669256188955813,2.6591747102932906,2.4133872961327607,2.0494470386246064,5.0,8.882988187165736,3.6966072669892704,3.5288052235165575,3.240982058545798,2.6351471566987104
PCL_PCL0817,3,fold3,2,0.0003895612168425409,0.0004062811554641152,4.433640303352634,5.491496131398704,2.6734136334374714,2.1474437525786074,2.400222012484059,1.6381194171211642,6.0,8.483657770907119,4.01991687639808,3.599880847517077,3.5227113906359184,2.4954404805701125
PCL_PCL0872,3,fold3,2,0.00040553072259048346,0.00040660849995135043,8.874389216987321,5.326995531609771,5.36158120917885,2.1864785275669965,3.7891962596308475,1.6851244872239854,10.24373148000503,7.962405504291252,6.561395702719954,3.545340716476031,5.039263203738484,2.665920416598476
PCL_PCL0873,3,fold3,2,0.0004133639944325428,0.00040634821113326447,6.246601871646776,5.578844816220837,1.8772614936074532,2.7998009207463377,1.3835550025090053,2.088996468858638,6.857524838939119,8.13665575406294,2.0676383821384596,3.578576819771453,1.4733106470618818,2.5086938907740604
PCL_PCL0874,3,fold3,2,0.0004148628199997004,0.0004091808722189536,4.703905289943802,4.966207542071339,1.4090029854436619,1.9744934856919152,1.1719482815850324,1.5405216911174964,10.890187265848096,7.355101480536005,2.27009742007323,3.085569712086159,1.5263200348460162,2.317887197592674
PCL_PCL0875,3,fold3,2,0.00041344263891561836,0.00040355452644290704,,5.787081461206211,,2.4870135639167383,,1.9948305321900595,,7.575999313961538,,3.295760238771866,,2.568772041353279
PCL_PCL0876,3,fold3,2,0.00040614864155273146,0.0004030018554988194,,5.470378906701285,,2.125063438571956,,1.7197491990456246,,7.6139475489583495,,3.2732746447132635,,2.4572715132154794
PCL_PCL0877,3,fold3,2,0.00039945609944146707,0.0004034954176146098,,5.164124674197856,,2.141310475497874,,1.689082138512858,,7.626985988317892,,3.0384250266441,,2.2404469027376885
PCL_PCL0878,3,fold3,2,0.0004002827930615721,0.00040361251754268343,4.5601759890236355,5.473684292865675,2.431892117236125,2.4656139730656084,1.9349244666008991,1.9291153751818757,5.427368912698921,7.595179263283863,2.5845311215521445,3.3638814129500547,2.00073152439849,2.4572022510935563
PCL_PCL0879,3,fold3,2,0.0004057317867695258,0.00040870527798751895,,5.151361198424577,,2.267003081965892,,1.7407932712288743,,7.785647410132629,,3.1401374766658448,,2.333423344472462
PCL_PCL0880,3,fold3,2,0.0004048321608245517,0.00040586026902723546,6.30943703339205,5.669329109084264,1.730212975428569,2.4817765556405087,1.359299693470167,1.9621229724592715,14.110441245998055,7.646158118535059,3.998446401365314,3.2500587597119925,2.9691186922116852,2.58341409117105
PCL_PCL0881,3,fold3,2,0.00039400023481812803,0.00040535253902886786,4.691007643045284,5.665790226207993,2.9661641219648542,2.3844926945137277,2.4996114535693783,1.9030466332453129,6.0,8.215640785496225,3.9401727692372828,3.1263570700282175,3.047619047619048,2.3965695024624067
PCL_PCL0882,3,fold3,2,0.00039755118100358175,0.0004034029996784448,,5.6757621446963356,,2.314058527175954,,1.7513853901083376,,8.58876073697051,,3.622447126655379,,2.6992539316195523
PCL_PCL0883,3,fold3,2,0.0004102291838915687,0.0004036937397250435,8.028255985113953,5.576068070882554,1.6218600106616963,2.043571368959606,1.2381707973180263,1.6266917133922674,8.888964343271667,8.086209924248127,1.686273991566803,3.0647937316603664,1.2574922741788734,2.2930190528282495
PCL_PCL0889,3,fold3,2,0.0004123728378597179,0.0004037636649486358,7.037685148439968,5.440279517609796,2.3174151134440573,2.82087000861899,1.6020748070767472,2.2485285153063623,10.260180781580145,8.052434733829317,3.4615578462834664,3.964310743956762,2.300957384935214,2.9387596136238545
PCL_PCL0890,3,fold3,2,0.00041630570610371896,0.00040384016423210267,8.271230568857444,5.658860030683028,4.786801371077085,2.7255924891536725,3.902756221066526,2.234440272052223,9.243988463655402,7.7608632716315835,5.2219918459260635,3.6538987620277283,4.229059301660458,2.703074850541717
PCL_PCL0891,3,fold3,2,0.00040019616608924356,0.00040437257660502594,7.373237162315694,5.487847519973598,3.185820161649441,2.453092906363148,2.264443213380817,2.005918118857227,11.0,7.552662703825563,5.5624905078019395,3.186260924233438,3.8221429679020003,2.384002845809554
PCL_PCL0892,3,fold3,2,0.0003839635744104339,0.00040483907657100533,6.122702004201624,5.622836919961873,3.1064869621515454,2.197907280936908,2.522085495522466,1.7650505664760665,10.257827557442214,7.866583489067235,5.142429468244206,3.1200245679632475,4.159027382349933,2.244805645428458
PCL_PCL0893,3,fold3,2,0.00040581288974255553,0.0004050827260121889,3.540073348340089,5.393208435136864,1.765604291431091,2.3563215265997575,1.3971685520979962,1.8699592802521907,6.0,8.14909963516258,2.906641096933257,3.4931403288621916,2.1050949760340845,2.597734876012827
PCL_PCL0894,3,fold3,2,0.0004020314561239551,0.00040442887672373536,4.35523237838931,5.960715562859456,1.9584896103787093,3.002207960870426,1.4772570576124986,2.282985501522769,9.858579971650833,8.763600169538902,5.138722071413609,4.748186881660011,4.432795330098662,3.65700151720349
PCL_PCL0895,3,fold3,2,0.0004145935905213985,0.00040679913054622596,9.527277392996398,5.67746752546568,3.897435755217643,2.8253154166762986,2.5065652856870573,2.131967882309028,10.85821698227327,8.273697168147411,4.430565097320584,4.820081048045585,2.718345417914015,3.7275042134012444
PCL_PCL0900,3,fold3,2,0.00039493401334835443,0.00040390187661244054,7.414195733602607,5.638394861261358,4.894555473207243,2.48250202536444,3.6748444053559877,2.0366298829304865,11.0,7.612045049906622,7.800420509617246,3.231875949111975,6.151162790697674,2.3600000147738225
PCL_PCL0901,3,fold3,2,0.0003907735935046007,0.00040458072455311876,5.534708934865892,5.696584255430694,3.089390817004042,2.8859212377940793,2.5258334715458686,2.2723437606661214,9.243243129282732,7.807634017622294,5.657887819323978,3.4049679166709237,4.308267247340619,2.4902885008972158
PCL_PCL0902,3,fold3,2,0.00040559499278186134,0.00040542272300858086,5.558289688876366,5.163072846409861,2.245509986911795,2.16693052207541,1.5202001638590164,1.6150158974175577,11.859459147663934,7.756639357594676,7.7291693257497665,3.6188476855271254,6.234243819902731,2.663891248472715
PCL_PCL0903,3,fold3,2,0.00040689017839045944,0.00040416892186490375,3.549317377693011,5.326133834242309,1.4620305340991349,1.9724068587237278,1.2797771461317822,1.521982412959529,7.0,7.67233189180535,2.7448860681016254,3.1529708004443635,2.264932137782351,2.3504772631214927
PCL_PCL0904,3,fold3,2,0.0004054007076893215,0.0004049194918002031,4.5789925694779425,5.095270523773406,1.377050066474174,1.9726901615030044,1.1681076059213393,1.6017768067538973,7.257539868224043,7.345346079698091,2.078486267194324,3.0917676820914717,1.5079766896911428,2.4142538449323823
PCL_PCL0908,3,fold3,2,0.0004071518064381606,0.0004037634267721607,7.0268556440348995,5.9550318107520805,2.086399183124128,3.0995030726365287,1.5936446559702733,2.4489876788271614,9.861107947410112,8.748528216934494,2.6013974930757358,4.030441838310462,1.743448460638057,2.852769676669026
PCL_PCL0913,3,fold3,2,0.00043840767216516476,0.00043710925774322236,,4.684358851075368,,3.0775471412984827,,2.365708933777022,,8.045599259305108,,4.589977744104934,,3.4694781900391805
PCL_PCL0914,3,fold3,2,0.0004378869971020457,0.0004371201227483211,,4.4906117665237595,,3.112193327326348,,2.3870460556962705,,7.978802973181558,,4.125945602607722,,3.1247139698515727
PCL_PCL0915,3,fold3,2,0.0004386003512767799,0.00043714769725866805,,4.508159358581682,,3.0578458250239127,,2.3309191144481742,,7.66458037380263,,3.9381905704164497,,2.9474162934250123
PCL_PCL0916,3,fold3,2,0.00043744547198137733,0.0004361127807280159,,4.61032856736539,,3.2927986247669128,,2.5393165763694445,,8.230638143082565,,4.558512670004233,,3.369063573833091
PCL_PCL0917,3,fold3,2,0.0004385410252736187,0.0004368405502804783,,4.5356330549843875,,3.4138564503474016,,2.809440931219396,,7.856434840074828,,4.8269858573171875,,3.7252437311638045
PCL_PCL0918,3,fold3,2,0.0004366192275888879,0.0004366730137261871,4.520448556518377,4.497089635080375,2.6177968116562558,3.254287089292931,1.8888599701916478,2.67311642687225,6.830216770588211,7.827620137411975,4.386753201837591,4.807602473598683,3.3594624860022395,3.6715046018136896
PCL_PCL0919,3,fold3,2,0.00043674336568130784,0.00043656166117225434,,4.7000204631408495,,3.3579501631842477,,2.7058877036960998,,7.936059713384932,,4.831535243335296,,3.692504988654973
PCL_PCL0920,3,fold3,2,0.0004374987079949912,0.0004357424195238768,,4.572960489186659,,3.1136790574840805,,2.51049604428574,,7.19657996045915,,4.506022017124048,,3.4310331531171503
PCL_PCL0933,3,fold3,2,0.0004206035799590927,0.00042358803645720436,6.197740558516149,5.574013272558696,4.699400967665035,4.243771122072267,3.7522009830050456,3.588781229346809,8.832759320817745,7.563784913599041,6.739426025377426,5.846284113854117,5.136585365853659,4.883432672073196
PCL_PCL0934,3,fold3,2,0.00042517256261556256,0.0004296460293208258,,5.407283187512647,,4.213915467232434,,3.442453443861841,,7.72235164923411,,5.762421551695803,,4.821080925605701
PCL_PCL0935,3,fold3,2,0.0004293951248711715,0.0004287974595482552,,5.646105390328199,,4.211010568756295,,3.535030597085594,,7.785776142256841,,5.643279261900651,,4.765893382501359
PCL_PCL0936,3,fold3,2,0.00042492572663318964,0.0004287974595482552,,5.646105390328199,,4.211010568756295,,3.535030597085594,,7.785776142256841,,5.643279261900651,,4.765893382501359
PCL_PCL0945,3,fold3,2,0.0004318669496166609,0.0004352391936531287,,5.3129121689641154,,3.957635272966226,,3.1755267801591773,,8.096818215116507,,5.674315485076266,,4.393897242745161
PCL_PCL0946,3,fold3,2,0.0004351770320986417,0.00043600177952036676,,5.408170075926753,,3.776850193238364,,2.998146249084416,,8.070063995932756,,5.538113890350696,,4.215106069294877
PCL_PCL0947,3,fold3,2,0.00043524583070173116,0.00043568774320086427,,5.8056090223125265,,3.9020521407927204,,2.956333860468343,,7.421101157595942,,5.357574862828069,,4.214623585426892
PCL_PCL0948,3,fold3,2,0.0004358697048995211,0.0004352502074528135,,5.531144446102587,,3.940086436406066,,2.9675518777361627,,7.194595918650219,,5.002045990092227,,3.8099223158932967
PCL_PCL0971,3,fold3,2,0.00042886877279102735,0.00043339776427860945,4.340830148197263,6.048609402347919,3.163574280895514,4.164538547240029,2.3023697814116884,3.4174956660505513,7.5745245860259285,8.151153831749545,4.354384655299588,5.682482146220416,2.7409602845287493,4.67573802145362
PCL_PCL0972,3,fold3,2,0.00043106332506128033,0.000432248491904038,6.9447520663407785,5.988457712625016,4.660929329089722,3.973536540401423,3.4848495570072866,3.2205481805709426,8.796035662096237,7.988869295258175,5.6050616070491674,5.497701166764635,3.84090909090909,4.366836790103946
PCL_PCL0973,3,fold3,2,0.0004238745746661686,0.0004295409439240977,,5.885413879248661,,3.918124513505781,,3.1919897988142876,,7.716716668397873,,5.1263824666906,,3.9908991963527836
PCL_PCL0974,3,fold3,2,0.000430027096341637,0.0004346025564947037,6.434023114317288,5.8401362163439385,5.858575425652926,4.035834085436515,5.039301717008789,3.2315300355592957,8.816891002005843,7.90829917496375,8.752656217754662,5.722199615105072,8.56609642301711,4.3890452823267125
PCL_PCL1104,3,fold3,2,0.00043081884597809006,0.00043494831427711225,,4.783364318268653,,3.4079568162590688,,2.642210177630376,,7.62395823918057,,4.369287524077848,,3.1876411804120233
PCL_PCL1105,3,fold3,2,0.0004229863019683411,0.00043491326520654107,5.378839091565371,4.7048240228308105,4.25755641696966,3.3934994042646687,3.716926378148278,2.6359143159298504,5.810953925065898,7.841931568983789,4.65853984052671,4.781331202716987,4.146868250539956,3.794103804238138
PCL_PCL1106,3,fold3,2,0.00042526880737197453,0.00043496993337098326,,5.003515031494777,,3.6645761854059695,,2.9305064079604795,,8.087826375876055,,5.474876338234995,,4.35366738742575
PCL_PCL1107,3,fold3,2,0.0004217775873974522,0.0004339834100791015,,5.1450836824352475,,3.6466023148123425,,2.840459095554366,,8.300481351128816,,5.361412769193578,,3.9679976428915706
PCL_PCL1108,3,fold3,2,0.000430912816221716,0.00043519244669547666,,4.640237481140605,,3.395011968400933,,2.612483542465326,,8.061924927932193,,4.520937944603251,,3.591214418855944
PCL_PCL1109,3,fold3,2,0.0004298103580518243,0.00043565801959126287,,4.711425968082547,,3.5433384105096972,,2.751713311081338,,8.355214592098488,,5.056059698625124,,3.7322532464847487
PCL_PCL1110,3,fold3,2,0.0004310076287979787,0.00043508568728307766,,4.608944491126103,,3.427079923398807,,2.6912588630381324,,8.144783946307085,,5.060075852720944,,4.016580203192107
PCL_PCL1111,3,fold3,2,0.0004258979813232708,0.00043525748277909587,,4.789854118709857,,3.481884846866978,,2.6022042647470536,,7.993754870157793,,5.195583661968481,,3.883015324967181
PCL_PCL1112,3,fold3,2,0.00043183345471019345,0.00043557385633259324,,4.769387432158341,,3.428127746184095,,2.645479817196602,,8.668330009521162,,4.867234002135459,,3.704559696651477
PCL_PCL1113,3,fold3,2,0.0004299558040425879,0.0004354787069933905,,4.705042057428446,,3.2583224732312805,,2.5098884162913664,,8.30227709815218,,4.757459338517091,,3.5286319577312533
PCL_PCL1114,3,fold3,2,0.0004311186093914828,0.00043537305084595176,,4.765996167566499,,3.4349677876605207,,2.6737994387585298,,7.904421402383855,,5.106241514901882,,3.7957851021409303
PCL_PCL1115,3,fold3,2,0.00043154454866265406,0.00043659454853184516,,4.7318989960145705,,3.2348449481885946,,2.408359065396611,,9.864104245181926,,4.600868944967767,,3.382585291593017
PCL_PCL1116,3,fold3,2,0.0004309119788704642,0.0004371340309114284,,4.668084473388235,,3.0654524149988163,,2.2898232450619234,,9.415490632868824,,4.3109158655926825,,3.225959399936426
PCL_PCL1117,3,fold3,2,0.00042957740712767017,0.00043533369098441854,,4.601080656912534,,3.4709218475369945,,2.628732860141669,,8.493628898145237,,5.365212372942306,,3.996720347000027
PCL_PCL1118,3,fold3,2,0.0004297399399713726,0.0004362764767561981,,4.761224824426932,,3.2644063246651576,,2.49819795405143,,9.723214441247302,,5.188748163527646,,3.789026255719283
PCL_PCL1119,3,fold3,2,0.00043737080096217535,0.00043486791670678017,,5.032579854719361,,3.881570353451797,,3.1143511260229255,,7.891395319507316,,4.842733421474874,,3.5240542551469023
PCL_PCL1120,3,fold3,2,0.00042629732048557424,0.00043523074494174543,7.3780345020233735,5.081459282222133,5.4653243386241535,4.013583074415861,4.339722354188353,3.4023985398993655,8.089014413153016,7.988440858890349,6.46519137365766,5.893316773125696,5.351351351351351,4.889237221249214
PCL_PCL1121,3,fold3,2,0.00042621874091977786,0.00043489398445277147,,4.439000471484848,,3.4066638900412527,,2.7195059166028708,,8.326783376015168,,5.116090385737611,,4.053914323970284
PCL_PCL1122,3,fold3,2,0.00042550768789706417,0.0004370546754393981,4.508284921981618,4.5917941586912105,3.8420067136572187,3.0346464741629764,3.343167237995348,2.315712451277501,5.0,8.942133532867269,4.295819673775236,4.21762284333597,3.7216494845360826,3.07731289124791
PCL_PCL1123,3,fold3,2,0.0004289403213039192,0.0004367273822406814,6.046955417261592,4.67077343740296,3.8968032223255036,3.2163152983187593,3.0823290538605765,2.4457848004910194,7.233073735470647,8.22998386691749,4.334264433048455,4.281990660393461,3.27555988315482,3.236025061596767
PCL_PCL1124,3,fold3,2,0.0004314385360953183,0.00043635219181493816,,4.6916157561802825,,3.2804801701624413,,2.489637905800586,,9.677733802971998,,5.002973642934467,,3.6279896536724734
PCL_PCL1125,3,fold3,2,0.0004314568401259183,0.00043591169383852546,,4.613251441227439,,3.3595952609046154,,2.626697541998904,,9.624396882958552,,5.275785918726844,,3.979592350488455
PCL_PCL1126,3,fold3,2,0.0004316868342158016,0.00043621938046677425,,4.598500642148239,,3.435909438001376,,2.7711711520147118,,7.871598652296748,,5.096009764841852,,3.8485834382683537
PCL_PCL1127,3,fold3,2,0.0004275002726222208,0.00043642953568735765,,4.6708183802215615,,3.2376149254299817,,2.4114539792764162,,9.809389003739357,,4.882651308428815,,3.787339587670353
PCL_PCL1128,3,fold3,2,0.00043385521684904477,0.0004366383169669627,,4.7921939958412985,,3.2011143991834845,,2.399294768630052,,8.303792117637554,,4.120319257873374,,3.096884857510624
PCL_PCL1129,3,fold3,2,0.0004253290729205886,0.0004347321449379316,7.272650323159589,4.845088018761694,5.186465045763947,3.848694152539818,3.966364316210341,3.2639480761683424,8.161969192445246,7.9843176170164645,5.818100760221041,5.779936701017209,4.415823367065327,4.536272450623922
PCL_PCL1157,3,fold3,2,0.00043446982509726627,0.0004366579208058517,7.585049979876684,4.327860357543871,5.15493790640136,2.34528903355823,3.744070183749669,1.9285064237504972,13.637797813315334,9.822069471334611,7.325083557809249,4.407097049034851,5.107123841976361,3.3065416469752273
PCL_PCL1170,3,fold3,2,0.0004337745203083641,0.00043723695722326823,2.867259549966874,4.427427417827157,2.0312084170542293,2.3353802581424286,1.6503774265005966,1.8327269878509862,5.0,9.598927207802877,3.6681416718833395,3.823494532341473,2.89321468298109,2.927204421717635
PCL_PCL1171,3,fold3,2,0.0004368928569762598,0.00043552017202516495,6.415757411969068,4.932523837528047,3.9839842695735888,2.3972707862692344,2.8547437002304705,1.9042774888785166,6.790976465772172,8.622407112918152,4.235243631606577,4.7658303361788805,2.991150442477876,3.433507477112092
PCL_PCL1172,3,fold3,2,0.00043467663834102977,0.0004372155117928281,6.105180662619734,4.485413433574642,3.435495847517072,2.3148095103431716,2.7603756714594403,1.8491751336169762,11.910188929187218,9.5020839863438,4.151144585728334,3.872495169910214,3.237215319101327,2.816375356018631
PCL_PCL1173,3,fold3,2,0.00043638517710765994,0.00043733227249271624,4.991662554690336,4.446715808352506,1.2653085006492297,2.208876225855963,1.1098734206670549,1.7911309641869329,11.139527679018322,9.511075967681617,1.8673657319339467,3.9786134425062856,1.3305743223029576,2.9120726759606583
PCL_PCL1174,3,fold3,2,0.0004343869488982367,0.00043709012087569075,3.4352942219013274,4.7510171476732355,1.6866356153344668,1.9929830185720045,1.3754451803131285,1.6114654269915902,9.177060199926046,8.69066856022267,3.6627179758916903,3.729587181948299,3.0012220512356302,2.841093535693118
PCL_PCL1175,3,fold3,2,0.0004364078964577535,0.00043672785660319943,4.226564105060393,4.911914591494822,2.7379855444325045,2.0662865473682683,2.38216387195799,1.6540383824629417,12.120335198461795,9.656481602376555,5.278927909013964,3.945583717149407,3.524295893091954,2.835075156365203
PCL_PCL1176,3,fold3,2,0.0004353419217757791,0.00043615401149515315,4.626370814885113,4.847678367054873,1.5723092583593699,2.1117963943510665,1.2502627103376762,1.6215206451528312,10.176342805085984,9.798266155440672,2.4709407687495424,4.19150557454865,1.5650695273626063,3.0469159956957945
PCL_PCL1177,3,fold3,2,0.0004357405107005065,0.000436481611113761,5.704278319136265,4.668238314384555,1.8752499063692054,2.293762009522128,1.3719753673472257,1.837258907261281,7.858168540561812,10.364377644563268,2.1316071504772105,4.829635839763745,1.4503611386489166,3.6618998538370264
PCL_PCL1183,3,fold3,2,0.00043481696466795476,0.0004371282962581727,4.749197884082823,4.57562730041153,1.5728956297091858,2.364325986589786,1.2611651852549097,1.886582811040384,11.178502010348579,10.06860723489882,3.3919938250934094,4.110752484005782,2.1640454400471087,3.083705544138471
PCL_PCL1192,3,fold3,2,0.0004355719251108638,0.00043712522542969055,7.530304820769851,4.507230510709768,2.409207424517297,2.079797657838453,1.7604711889854134,1.630201122258581,12.137572442451315,9.411669941232576,2.7489325533060143,3.7558631982708186,1.8367671225658577,2.962272467504897
PCL_PCL1193,3,fold3,2,0.00043511485648289156,0.000436093203497908,5.601012077467073,4.610643532579028,2.548007462581329,2.372087194069883,2.142145870197956,1.8658532844539226,7.876519010587468,8.176668219184222,2.8542807716484684,4.559094941002214,2.2634705164641673,3.2131327621789536
PCL_PCL1194,3,fold3,2,0.00043464939527518146,0.00043624818573126216,,4.6602676898636775,,2.3359546498387957,,1.8457721796812112,,8.0971355615573,,4.293704253122647,,3.0069303217894525
PCL_PCL1195,3,fold3,2,0.000434501212951067,0.000436674749700423,7.649231273040582,4.629706607480911,3.2363672838054653,1.9296557686223255,2.5038545704324364,1.561410736947027,10.908226544530962,9.923278336644122,3.783445546906029,4.217959282692773,2.8772511022543554,3.0851799896769183
PCL_PCL1202,3,fold3,2,0.00043682058279687617,0.00043618408829756636,3.437196538251028,4.661889037323498,1.4176069477200188,2.2216718694884663,1.1774923101544115,1.7357189363179792,6.0,9.75326088993404,2.1349119101436056,4.578321954130286,1.4899274778404512,3.4786357734444655
PCL_PCL1216,3,fold3,2,0.0004076792648132353,0.00040473404267737066,,5.504739032132084,,3.2620777653788484,,2.614411714590224,,7.857493722905186,,4.466003040192173,,3.4067617414669105
PCL_PCL1217,3,fold3,2,0.0004036097513123043,0.00040342235340436357,,5.307706090844948,,3.7632602686189793,,2.944419227896549,,7.439109961514691,,4.452255849943333,,3.5762579273390243
PCL_PCL1218,3,fold3,2,0.0003991946814006799,0.0004046397129952844,,5.932522655704144,,4.147267347908151,,3.283568552574459,,8.488075852498524,,5.271648397223915,,4.225743549604813
PCL_PCL1219,3,fold3,2,0.00039892893569142945,0.00041217390176310695,5.87298177180978,5.3003996893735215,2.8641974603528833,3.8257454983500123,1.934477172979155,3.099022095924952,8.144126981858545,7.659758919836894,3.6600791592926947,4.909418188255008,2.4122180987724806,3.8995266909610447
PCL_PCL1220,3,fold3,2,0.0004132246824317748,0.0004095140241159017,,5.654621459382309,,4.056692679166687,,3.3446956959845395,,7.487881863293734,,5.346980772528439,,4.467757263076646
PCL_PCL1221,3,fold3,2,0.0004046725016012159,0.00040751603103314493,,5.887805119458459,,3.9311395892401197,,3.1062561175521135,,7.6399465151787815,,5.020193596227866,,4.177374695036469
PCL_PCL1222,3,fold3,2,0.00042855619604898935,0.0004120143101820333,,5.751218038959402,,3.509892662660451,,2.68472480641932,,7.6689894478758625,,4.950078503179344,,3.9034129589977575
PCL_PCL1223,3,fold3,2,0.00041372416300237524,0.0004086503275089297,,5.711933816584631,,3.7292915032871266,,3.0010121891609,,8.174470599081497,,5.1143322897289245,,4.158408960014269
PCL_PCL1224,3,fold3,2,0.00041415360754602115,0.0004065359438688073,6.175775144798813,5.687262674784751,5.069500457458952,3.6731560449137963,4.130719835258489,2.953620008755344,7.035755203921296,7.777532131371161,6.049023515160949,5.029779723330789,5.090909090909091,4.052198476851385
PCL_PCL1225,3,fold3,2,0.00042120411464846206,0.0004092023158521023,6.10268044494117,5.291902709475784,4.328772083396333,3.5546347144402635,3.3579711634184797,2.8593049646056006,8.103856964417297,7.049961444548728,5.867945408549881,4.994430472347854,4.632727272727272,4.197187163885574
PCL_PCL1226,3,fold3,2,0.00041428996970923324,0.00042537230777083684,,5.590155753632882,,3.378289493880236,,2.5115285326597894,,7.394310957884883,,4.5494424486977865,,3.491875070810403
PCL_PCL1233,3,fold3,2,0.0004008966176104365,0.00040397478817880486,6.7209004941406825,5.690222878237082,5.0085497146767635,3.3711725000119164,4.237187483236368,2.480906265631535,7.834952306792606,8.533496871619358,6.1387606328788475,4.291367604760065,5.356687898089172,3.3907182156498874
PCL_PCL1234,3,fold3,2,0.0003911274919667011,0.00041172778629544604,12.782191554350232,5.492293259485363,7.683563231166812,3.7885755110158166,5.4888401630649435,3.080599029196113,16.08854446397509,8.15456790938678,9.892010715769654,5.18417784896851,7.813733228097868,4.39459111119589
PCL_PCL1235,3,fold3,2,0.00039762182507870823,0.00040568604419783175,8.182330874284027,6.311853124157364,6.356164998615682,4.006251333500812,5.020090522703111,3.1851310623141473,9.224856784837986,8.492726547624605,7.928975763764181,5.287910911115059,7.061893203883495,4.306872106978416
PCL_PCL1236,3,fold3,2,0.00038947458083601997,0.0004035153531781934,11.459647084389859,6.031120760248982,6.256205875231541,3.8073125644811525,4.288218566109171,3.063601148439273,13.486556925228522,8.379556365494848,7.807661729914912,5.283224231643811,5.231961193828742,4.118804931320392
PCL_PCL1237,3,fold3,2,0.000411133589431918,0.00042262790503363665,,5.363487323113065,,4.063173542271169,,3.4015541322118783,,7.363079631447054,,5.611596584634616,,4.54032290753484
PCL_PCL1238,3,fold3,2,0.0004191134010986481,0.00043279822783686035,,4.687679956783288,,3.6324196718653803,,2.9958650714200923,,7.396155979081168,,5.351608655405371,,4.327354159548259
PCL_PCL1239,3,fold3,2,0.0004193724223468813,0.0004336795705004587,,4.477812062858398,,3.6846511913814277,,2.927017530097281,,7.507609235310023,,5.182683531670753,,4.281169557587076
PCL_PCL1245,3,fold3,2,0.0004117080152362145,0.00040799672813438513,13.350000740306417,5.508838321641684,8.352512574668403,3.651381231237439,5.625634564315781,2.8391679574796482,18.020896989399333,7.145097087566933,13.013163552368114,4.695234289997038,10.112977099236643,3.608187493079635
PCL_PCL1246,3,fold3,2,0.0003949594365580613,0.0004043118957001903,7.854779548139422,5.277207623985902,6.449798559927467,3.2105254120252638,5.156394971227446,2.408393034725295,9.237906209320148,7.8502414835173315,8.406996651802691,4.218987096576083,7.580997451765558,3.2004242883725373
PCL_PCL1247,3,fold3,2,0.00038861914017587437,0.00040602218764676686,8.006651393091062,5.7937845145872995,4.560413027938179,3.7708830233835733,3.1244126096745135,3.0810859665057313,9.862545113327952,8.081948847584503,6.061870389769032,5.26579175904989,4.790786948176583,4.406535771597612
PCL_PCL1248,3,fold3,2,0.00040330875929252475,0.0004048055998069188,5.696384887389889,5.425244742657032,3.0318575835697965,3.577812902520868,2.2436686155373917,2.6411979446221365,6.842551634292206,7.105053605839166,3.8487390751398305,4.429853594695779,2.8365724381625443,3.356056036534723
PCL_PCL1249,3,fold3,2,0.0004070940449212096,0.00041799611943912386,5.222255153516798,5.47552944542761,3.888757396563516,3.740338451168067,3.3245207315642085,2.9287741548851827,6.0,7.725417122765411,4.493749464116864,4.783113959815713,3.871604938271604,3.8123155427651914
PCL_PCL1250,3,fold3,2,0.0004061026046209716,0.00040440053386507115,,5.719639991249716,,3.7533107063516673,,2.8348822384488708,,7.4750036088414245,,4.223676768971558,,3.2951129538582307
PCL_PCL1251,3,fold3,2,0.00040197869038435905,0.00042980526602883797,6.396163740292609,5.332762372187067,3.12177407883879,3.9475604881227726,2.3509737693823443,3.371478778004095,7.8625451133279425,8.210043087099011,3.6836370583582263,5.624214918651393,2.9052984449203834,4.6132339062486025
PCL_PCL1252,3,fold3,2,0.000399633885469073,0.00042921982138880745,8.536074723347232,5.243552481339202,4.836403874728375,3.77433104591134,3.818414366002724,3.0966362598832653,10.624439491800947,7.574276412952141,6.440682971582646,5.407972251430719,5.030314807617566,4.521021167965594
PCL_PCL1253,3,fold3,2,0.00039171582076379807,0.00041265821923187375,10.717458428605985,5.3914274536738,6.088653709922088,3.6819026063012648,4.492735068387712,2.9629162039609644,16.05680538236059,7.1846355446111625,8.869993915794103,5.114439430872924,6.370741482965932,4.110409453992125
PCL_PCL1254,3,fold3,2,0.0004089862607037163,0.00042962033169537117,,5.237449135688918,,3.8286731938879965,,3.105132362430365,,7.697258478874686,,5.45241125920724,,4.566006333177533
PCL_PCL1255,3,fold3,2,0.0004140668968973475,0.0004106992226120751,,5.42069735404259,,3.7068477261364463,,3.0506441240190587,,7.219116399544575,,5.039779568077181,,4.070826388217034
PCL_PCL1256,3,fold3,2,0.0004149460437638763,0.0004302482980412612,4.450566842758245,4.9184069820069976,3.5025935584633276,3.6068176839913737,2.992596360799818,2.947057187492117,5.0,7.269130719380557,3.9351040209304617,5.531005566667528,3.3802469135802466,4.387274195238356
PCL_PCL1257,3,fold3,2,0.0003998808272429636,0.0004151213302640497,6.425464173427371,6.01739669396987,3.307103448784948,4.218368424328414,2.5422061609372544,3.375599401165243,7.245071701098226,8.00512849389466,3.8094484377389444,5.4544444256316185,2.956043636363636,4.4398093073995675
PCL_PCL1259,3,fold3,2,0.00041810074892679956,0.0004193551927636225,,5.524299284931462,,4.325929958360054,,3.398095866376449,,7.72768964294585,,5.009734313082678,,3.942963803561163
LT_0,4,fold4,2,,0.0004083744469185555,,6.570472729460773,,4.062223049671487,,3.056884823996743,,7.794956883548725,,4.558524624871167,,3.3994251287972945
LT_1,4,fold4,2,,0.0004086013927976171,,6.126943296169367,,2.4332639691496287,,2.019673022655594,,8.09447896928998,,3.9330093410869247,,2.915152035283127
LT_1030,4,fold4,2,,0.0004098047404130934,,6.802012290598489,,4.049802726060372,,3.0972353260681755,,8.011434206467403,,4.52532601679096,,3.434897009868891
LT_1034,4,fold4,2,,0.00041012796161718316,,6.115638362986728,,2.2140510612916744,,1.8434079318980148,,7.929595319312738,,3.117170214774085,,2.2691694743198294
LT_1035,4,fold4,2,,0.0004123253902623934,,6.677536300290237,,2.52672049576656,,2.087103892041852,,7.902273394884952,,3.5283980039017604,,2.501488261556708
LT_1041,4,fold4,2,,0.00040975641344236265,,7.285472006438349,,4.544782313987757,,3.3316560826049644,,8.609105058825042,,5.582156062236815,,4.220834652701307
LT_1047,4,fold4,2,,0.0004103072641599304,,6.349426528177414,,4.017505688795861,,2.95812121137754,,7.646090132648979,,4.287523001289678,,3.1181021687992927
LT_1048,4,fold4,2,,0.00040822598678106475,,7.065249204883861,,2.8054558271741947,,2.2866539610471706,,8.81737654666773,,4.25095901597096,,2.9445034526360736
LT_1097,4,fold4,2,,0.0004102106531539019,,6.580671185876543,,3.9816262559393474,,3.0469745295151354,,7.788527541554025,,4.643511570256321,,3.4258660200885607
LT_1099,4,fold4,2,,0.00040858542537225775,,6.493112502391768,,2.5356624241749417,,2.0616319131514618,,8.614143696661644,,4.3227243771028,,3.1574775298968794
LT_1102,4,fold4,2,,0.00040790768435749504,,6.365245068401766,,2.3810028691353806,,2.0410661043709686,,7.960396105046358,,3.705309836224958,,2.756091302314135
LT_1117,4,fold4,2,,0.0004085657505386933,,6.239489264005607,,2.3176643406997326,,1.9653269491105851,,7.8345179133627045,,3.477824949275289,,2.5615288269332313
LT_1120,4,fold4,2,,0.0004107753026294878,,6.817813947103374,,4.358244049946501,,3.2150113196299106,,7.902256202497793,,5.106435865037781,,3.684477877352263
LT_1121,4,fold4,2,,0.00040757942060634135,,6.52774222672278,,2.6294419670264197,,2.0933342556559693,,9.227320959729399,,4.507178021576734,,3.2816068048659726
LT_1122,4,fold4,2,,0.00040832100300184845,,6.485166369443312,,2.458659781679687,,2.0755130389314553,,8.849813024107837,,4.005516959358768,,2.8618254879153513
LT_1124,4,fold4,2,,0.00040748324324423046,,6.592059079502711,,4.271635398740513,,3.149417994248531,,8.218688794023999,,5.190460038464551,,3.8212578850562258
LT_1134,4,fold4,2,,0.0004163147993137741,,6.1075684228364,,2.3671592917955064,,1.9564632617424287,,7.749732389640488,,3.611446713536724,,2.7381177354723105
LT_1135,4,fold4,2,,0.0004096497927842842,,6.35847229890674,,2.2141455043520524,,1.8105227756231008,,7.616729076547675,,3.508074040698231,,2.568567207704305
LT_1136,4,fold4,2,,0.00041094907241140226,,6.153375205874962,,2.5085365022623574,,2.03681289906301,,7.858513453269002,,3.4636912951777745,,2.634275917601715
LT_1140,4,fold4,2,,0.00041194417863702447,,6.617133232887458,,2.5220192806116186,,1.9972262102201404,,7.922503501504655,,3.902709257441903,,2.9296338530685295
LT_1142,4,fold4,2,,0.00041191197389302617,,6.2929290680071945,,2.6415872874383655,,2.133417504077095,,7.972933251876088,,3.752009711091653,,2.8080036627745386
LT_1144,4,fold4,2,,0.00041297233787481076,,5.923901297803395,,2.148706696610432,,1.7976020616436366,,7.794375026104821,,2.882077516752057,,2.1661685311893604
LT_1145,4,fold4,2,,0.0004125952827320669,,6.4966244242972015,,4.06635144983505,,3.1749047273982134,,7.740961081058977,,4.18374639393566,,3.23459422838422
LT_1151,4,fold4,2,,0.00041066841570697697,,6.396597086298747,,2.636209966836194,,2.1235516703771675,,7.969319951814734,,3.7105309896575647,,2.718351109063337
LT_1172,4,fold4,2,,0.00041068827617864526,,7.7725297440915915,,3.234141611201945,,2.458582218266355,,9.568752364911113,,5.149929759262647,,3.763947060436097
LT_1177,4,fold4,2,,0.0004161638459074177,,6.202215985606713,,2.4590791879441554,,1.9548340437843525,,7.697201313115229,,3.3804135996604803,,2.454697385684305
LT_118,4,fold4,2,,0.0004268881228455517,,6.430780034653205,,2.546801295614239,,2.0536306675198888,,7.671463973645057,,3.1168492640894914,,2.44335059472817
LT_1185,4,fold4,2,,0.0004139576353667518,,6.832343233937788,,2.5130565228997885,,2.018696367145654,,7.842387232568175,,2.9402035296315305,,2.2685973619604614
LT_1194,4,fold4,2,,0.0004191732471747721,,6.424154970210453,,4.014280985046143,,3.1516670445602206,,7.8181684665478235,,4.396255108430877,,3.3945621929089973
LT_1195,4,fold4,2,,0.0004116619317958911,,6.395263006292807,,2.4674531172500878,,1.9653449533672687,,8.47027200934445,,4.063769595724082,,2.9839116815156603
LT_120,4,fold4,2,,0.0004103657045809884,,6.565792698948707,,4.089551371013578,,3.059640036208266,,7.636795802613577,,4.408892161149276,,3.323991515406447
LT_1204,4,fold4,2,,0.0004126914520210835,,6.456325650966067,,2.615952428756521,,2.1723298025417015,,7.441579331444874,,3.132615479100301,,2.4180538427008154
LT_1207,4,fold4,2,,0.0004168659857531152,,6.914956049631074,,2.856932309110335,,2.316624074125942,,8.290137067944913,,4.3093644728432965,,3.2888141540777456
LT_1208,4,fold4,2,,0.0004163276214041566,,6.7045840297547485,,2.6049302037378808,,2.156373668004131,,8.305309149181916,,3.968762295323827,,2.860851948702908
LT_1209,4,fold4,2,,0.0004094177645060839,,6.348629943403214,,2.665585440050746,,2.1813777693642473,,8.18392234408275,,4.311289709925423,,3.159817938443628
LT_1210,4,fold4,2,,0.000409561807079779,,6.248048811053078,,2.5430044491341266,,2.083213527583406,,7.525351338649162,,3.576173358909186,,2.7027834367025565
LT_1211,4,fold4,2,,0.00041095764352387307,,7.14110495370895,,3.1814888237007897,,2.485640679918489,,8.782087275926328,,4.9620811779028315,,3.6693016109393883
LT_1212,4,fold4,2,,0.00041575128372547954,,6.399782082305949,,2.6202754163607342,,2.254458038059802,,8.627112596637549,,4.1372714872395875,,3.0220757394348294
LT_1214,4,fold4,2,,0.00041785925463111266,,6.210020709742084,,2.495853842940607,,2.115862594998717,,7.871743078757862,,3.16004138065362,,2.346504051734702
LT_1215,4,fold4,2,,0.00041187423682015334,,6.688330347650337,,2.9923735868112042,,2.329897262318833,,8.368222121398016,,4.587229262832151,,3.5561660531035155
LT_1216,4,fold4,2,,0.0004165109557316641,,7.216547818203775,,4.512061311987072,,3.4229122880146075,,8.715120808312737,,5.418514572756369,,3.878860009789282
LT_1217,4,fold4,2,,0.0004173812307376023,,6.684887670597222,,4.41299718719968,,3.3493287219971397,,7.788119555519579,,5.057959484800687,,3.997573800168832
LT_1220,4,fold4,2,,0.0004093562603199284,,6.884139629980763,,4.438118943091748,,3.2867615561339387,,8.952138304053356,,5.4055557341247225,,3.949682029199965
LT_1224,4,fold4,2,,0.00041670972368426304,,6.281397171086507,,2.438814306640825,,2.029798254856104,,7.886351028224787,,3.2225665107328854,,2.3681653453233977
LT_1227,4,fold4,2,,0.0004117876100363637,,7.539491936626267,,3.333852184164217,,2.6012141334144214,,9.56667997918681,,5.238591045953719,,3.88263000040407
LT_1229,4,fold4,2,,0.0004175166238730571,,6.503905872440071,,2.2505988214457995,,1.84165472764565,,8.548759775093693,,3.8455507499121824,,2.7471729572627464
LT_1233,4,fold4,2,,0.0004177043639689657,,6.826707973244016,,2.428301236071853,,1.9544200804191498,,8.54712636552459,,3.812645086003493,,2.7062028069647144
LT_1234,4,fold4,2,,0.0004174479233767653,,5.909570050665427,,2.2591329497279804,,1.8555603473736286,,7.88410265398665,,3.0183701584449705,,2.2380020897431803
LT_1235,4,fold4,2,,0.0004083558179516153,,6.817271756428259,,2.640378273415751,,2.09642137730608,,8.885332577612076,,4.380289834407407,,3.200132435176058
LT_1237,4,fold4,2,,0.000420865286263292,,6.661154105071116,,2.4115761904539186,,1.961241836829731,,8.222066575015553,,3.3185572939157537,,2.427565643578639
LT_1238,4,fold4,2,,0.000420341896974508,,5.872762929180215,,2.2794652676773883,,1.835084290280642,,7.927142555692279,,3.239887429992517,,2.4980512522119938
LT_1241,4,fold4,2,,0.0004152938254711417,,6.545372160289815,,4.0838362847174725,,3.1607747831628257,,7.925702795335891,,4.109449506737605,,3.0881114276726986
LT_1243,4,fold4,2,,0.00041585919032685083,,6.166633354119585,,2.5000846545295663,,2.0023081773200624,,7.606209574443636,,3.1402752987451406,,2.3501076354211796
LT_1247,4,fold4,2,,0.00041129177404249616,,6.26655852837484,,2.4266938422348705,,2.024298750331548,,8.293012973911125,,3.5313430217149953,,2.734648918047656
LT_1249,4,fold4,2,,0.0004244181072885992,,6.704223747936415,,2.6009681623914678,,2.095500542070296,,8.168313025975195,,3.711230317269379,,2.7801554623323024
LT_1251,4,fold4,2,,0.00041384132984489085,,6.050701995382574,,2.2195106353530134,,1.7942052284664478,,7.820459317384424,,2.983999365566074,,2.250742306825638
LT_1252,4,fold4,2,,0.00041536489905764744,,6.676421148018573,,2.700966626656452,,2.220725645104501,,8.357101294318607,,4.150778900777643,,3.028982513435509
LT_1255,4,fold4,2,,0.0004172117421837665,,6.669217998993081,,4.132631555680165,,3.16164971349944,,7.954357995850327,,4.018280215348159,,3.0803589406360024
LT_1258,4,fold4,2,,0.0004144428595510997,,5.981316532776868,,2.188446400367276,,1.7846588660380416,,7.797695498458039,,2.9294834937577825,,2.215805160419067
LT_1266,4,fold4,2,,0.0004092898286092092,,7.702823866215627,,4.600147571097639,,3.4274073409279633,,9.740257619902545,,6.1495693716779405,,4.500751813152078
LT_1277,4,fold4,2,,0.00041423631151386343,,7.33064385786245,,4.5660683871447345,,3.391823565118085,,9.032430352367156,,5.684667250626212,,4.320009957097393
LT_1278,4,fold4,2,,0.00040732492465720554,,6.964020247817015,,2.826601401222297,,2.2954002636487956,,8.691928894017206,,4.548727045161601,,3.251483559625664
LT_1280,4,fold4,2,,0.000410857726389921,,6.457751142524146,,2.5429941051505294,,2.014613580111431,,8.18168518661717,,4.209186181586661,,2.993591271682914
LT_1281,4,fold4,2,,0.0004187613954388502,,6.108323011623385,,2.2261316128966784,,1.8545468749576595,,7.764059082844403,,3.263336712070485,,2.4678013378482224
LT_1282,4,fold4,2,,0.00041088554314218893,,6.869041577577484,,2.5688635759888183,,2.0477971164112736,,8.149322421590256,,4.097864800041943,,2.9590787742128617
LT_1283,4,fold4,2,,0.000410633335832614,,6.822286046120016,,2.530532000924146,,2.00802502360634,,8.195675468378793,,4.011822654712021,,2.772020663250775
LT_1299,4,fold4,2,,0.0004199488912718461,,6.1037527358899535,,2.1551546469225045,,1.759732143652432,,8.12565759758132,,3.494767562847402,,2.6375671466077732
LT_1300,4,fold4,2,,0.00041070367199610297,,7.092532152757493,,4.3007596667381645,,3.3483743588146266,,9.150451437804763,,5.410474851408837,,4.137392378472512
LT_1303,4,fold4,2,,0.00041022203337962894,,6.550320922777632,,4.14266330169958,,3.1101900809374996,,7.896875284299515,,4.5389158550878115,,3.521328343302487
LT_1304,4,fold4,2,,0.00041026483295493466,,6.861619430632057,,4.145772737411633,,3.2715386784711558,,8.450979566041958,,5.310624454962495,,4.037041880030089
LT_1305,4,fold4,2,,0.00041085253380065273,,5.861912069985826,,2.052191896318467,,1.6849780621818014,,7.917816539882801,,3.140440185860452,,2.4422575901381673
LT_1307,4,fold4,2,,0.00041111506564372145,,6.848425964600706,,3.985023097774087,,3.135155212309923,,8.20847155037636,,4.913276339480741,,3.7002689049805544
LT_1311,4,fold4,2,,0.0004135566927596212,,6.045196668283419,,2.2239754962554192,,1.8252776440187388,,8.061218595443133,,3.6044707393555773,,2.677219516370651
LT_1312,4,fold4,2,,0.00041817416344798117,,6.768628337557072,,4.066225418265888,,3.1141870323992538,,8.577906282518235,,5.06937860083255,,3.7796890636847897
LT_1314,4,fold4,2,,0.00040869068382881797,,6.716553637017126,,4.413393979271363,,3.318540220479263,,8.700415220534204,,5.613522788103824,,4.2678707786746255
LT_1319,4,fold4,2,,0.000408264660188477,,6.223909992410669,,2.3532419144018757,,1.9953879167872144,,8.150386102134576,,3.658189194161021,,2.6997507753520766
LT_1330,4,fold4,2,,0.0004116773419140518,,6.434991945449847,,2.1296318870944693,,1.785381008294173,,8.04254866613645,,3.420432081003688,,2.529630565739313
LT_1334,4,fold4,2,,0.00040920732462027334,,6.545671142419243,,2.5232783307754363,,2.096774899338459,,8.14531909753653,,3.9508550255401857,,2.78564594835706
LT_1335,4,fold4,2,,0.00041657147578945224,,6.231510320468742,,2.2436703356926446,,1.83087070061611,,7.945671152921346,,3.5737483230974676,,2.7708955049791983
LT_1338,4,fold4,2,,0.0004098411795400037,,6.654345623950756,,2.8188144257973975,,2.2386809723818892,,8.759226947634803,,4.733505406290933,,3.5395303390804456
LT_1341,4,fold4,2,,0.0004137015396721271,,6.652658112482689,,2.4897446410113053,,2.0488771307445686,,8.665018857419994,,4.312917220592388,,3.146993709091767
LT_1342,4,fold4,2,,0.0004082040392240187,,6.381905664336478,,2.46403058044977,,2.0510460882259296,,8.127692387437971,,3.947201938412282,,2.8597772655456706
LT_1343,4,fold4,2,,0.0004196174469118172,,6.063427631230435,,1.938876589184403,,1.6189690697899235,,7.871754582262156,,2.8624842249571074,,2.153299761425884
LT_1345,4,fold4,2,,0.00041103598009160566,,6.468174322776392,,2.1115979136183216,,1.7793234995554768,,7.796495734436783,,3.0089317129139483,,2.2748718232194705
LT_1346,4,fold4,2,,0.00041953043348577114,,7.273668803025573,,2.9208000280344226,,2.2608084428238535,,9.44340610491564,,4.99874571195969,,3.669376429393837
LT_1352,4,fold4,2,,0.00041109358229065446,,6.39021640765391,,4.039026434948363,,3.155555112152243,,8.005274152986315,,4.7976715813848765,,3.817455832582415
LT_136,4,fold4,2,,0.0004119174945006049,,6.1747629097791785,,2.2342766387036934,,1.7842997254394295,,8.188000930211997,,3.7660302582569614,,2.699809784387619
LT_1363,4,fold4,2,,0.00041004309014417394,,6.412616352320589,,2.3179073247191053,,1.9727381341394774,,7.831985954987716,,3.55782429207611,,2.6468908760085403
LT_1367,4,fold4,2,,0.0004093899061880738,,6.427618239864946,,4.2214551992822065,,3.1855006156171677,,8.633793075810992,,5.225040735988826,,3.910655911502361
LT_1370,4,fold4,2,,0.0004101981035773278,,7.206223280612366,,4.383640640107722,,3.3063887804962757,,8.917174692219728,,5.509337209022594,,4.150268594165164
LT_1374,4,fold4,2,,0.00040956948454273084,,6.920017017904406,,4.241070027461061,,3.132349703369196,,8.197833832863388,,5.233755939712143,,3.809731346701117
LT_1375,4,fold4,2,,0.00040934129035320906,,6.452673771956806,,2.4010627592572513,,2.000900860476828,,8.01432594107337,,3.8230801904407357,,2.7544767599712445
LT_1376,4,fold4,2,,0.00040824162405017454,,6.144326979781827,,2.3850980952728777,,1.9415103807705578,,7.700927536138143,,3.4236155474449417,,2.548670827672731
LT_1377,4,fold4,2,,0.0004074811686220082,,6.664237159309662,,2.4967591944732623,,2.0025251064975556,,8.48146398545997,,4.302125873069877,,3.039139799484613
LT_1379,4,fold4,2,,0.000407219966472824,,6.813356587929555,,4.478167488399637,,3.26507177029893,,8.216954336644346,,5.636798611785263,,4.1828570375748315
LT_1380,4,fold4,2,,0.0004106354224952032,,6.7501612065131,,2.500071086467338,,2.0036979843805756,,8.266324051656285,,4.112916072899539,,3.026639125123666
LT_1384,4,fold4,2,,0.0004143511607134047,,5.996263782310124,,2.03343046618505,,1.6545362808386272,,8.178615551346157,,3.3672350308150127,,2.446748763442616
LT_1388,4,fold4,2,,0.00040729571347167433,,6.636029370228722,,4.227681454821332,,3.2082169572370924,,8.67038145678871,,5.458660524768252,,3.9693787243767322
LT_139,4,fold4,2,,0.0004096550108269592,,7.275838492157842,,2.776927439946665,,2.1811226264696093,,9.363599632523208,,4.628481322774201,,3.448553033975774
LT_1391,4,fold4,2,,0.0004195276011361958,,6.450182929802536,,2.1947106559300593,,1.7836055730422211,,7.971812904329893,,3.448910956005023,,2.608994811126566
LT_1392,4,fold4,2,,0.0004093441888374013,,6.684921830469792,,4.152036878544047,,3.0813572466181625,,7.809783844604389,,4.552049652675352,,3.3333986389322425
LT_1393,4,fold4,2,,0.00040894752621778267,,6.361040223941185,,2.288401528371123,,1.8788565079418569,,8.10184086844566,,3.3187696519472416,,2.391511322640178
LT_1394,4,fold4,2,,0.00040975578113098925,,5.984152332965682,,2.1765767788412154,,1.7845456212707886,,7.871369571267728,,3.315476354436863,,2.5250766142489254
LT_1395,4,fold4,2,,0.0004083691402621669,,6.518757763001474,,2.3866682815173106,,1.951494373320561,,8.065538846619354,,3.3920680147046602,,2.5377259233135026
LT_1397,4,fold4,2,,0.00041087877382181386,,6.507280903697888,,2.3832672077696735,,1.8984678852733157,,7.714680496938251,,3.1698539854579453,,2.251915680782364
LT_1399,4,fold4,2,,0.00040772583037356445,,6.9527356848655835,,2.748005629992813,,2.2088527725758165,,8.585202479120131,,4.251227495727082,,2.9804782207572744
LT_140,4,fold4,2,,0.00041204616104719045,,6.453350227350987,,2.3281670696009162,,1.8891881965003663,,7.858753110316807,,3.568352951618398,,2.653529050753771
LT_1400,4,fold4,2,,0.00041620472939181766,,6.306235538988744,,2.183101326292422,,1.8037622653169771,,8.520554002490123,,3.8848141342780376,,2.909381203429241
LT_1401,4,fold4,2,,0.0004101982641781139,,6.543384225117387,,2.364087765776854,,1.964827857041044,,8.060204712980179,,3.6634071038044578,,2.6232199229720923
LT_1402,4,fold4,2,,0.0004100253244365779,,6.56801436559996,,4.2279377845433395,,3.161442735965599,,7.855350627610428,,4.740409144458497,,3.6453796866783903
LT_1404,4,fold4,2,,0.0004070452651349591,,7.160622793731759,,4.279994716374306,,3.21163020994247,,8.825808178326232,,5.612064445169492,,4.102137033191621
LT_1406,4,fold4,2,,0.0004070494320142417,,6.578786770434323,,4.330859978756651,,3.1795027255564703,,7.997833894315121,,4.965378485073707,,3.716711361705948
LT_1408,4,fold4,2,,0.0004080471280958724,,6.446407157667192,,4.309668233588729,,3.2208323056240595,,8.407340699915924,,5.519750365747824,,3.997224090633445
LT_141,4,fold4,2,,0.00041369680229695095,,6.742517459813003,,2.655037327933607,,2.207137947087447,,8.018770934811394,,3.6918636180162707,,2.6483498998932005
LT_1410,4,fold4,2,,0.0004080111297588597,,6.043322035942736,,2.205688098137286,,1.806308108480877,,7.697599027350545,,3.437789383975047,,2.6576626386417557
LT_142,4,fold4,2,,0.0004140326416707373,,7.3323912029163525,,2.9466555560115517,,2.262954193987272,,9.330022667630079,,4.794935216787853,,3.629446873879001
LT_1443,4,fold4,2,,0.00040798275222494323,,6.358730722908867,,2.2636679270545508,,1.8378908723795124,,8.19025176492396,,3.739853984059266,,2.6597561384227966
LT_1448,4,fold4,2,,0.00041172138550775277,,6.257874650550222,,2.163268523323984,,1.7937946268739668,,8.191261718131635,,3.391037647245445,,2.5327253433843446
LT_1449,4,fold4,2,,0.0004167335432717807,,6.212283914527697,,2.169182551646666,,1.7663031210735582,,8.568947365914573,,3.7303451073308143,,2.6717013382808488
LT_1451,4,fold4,2,,0.00041780211025257454,,6.057002188779154,,2.2331719095417046,,1.822698080032336,,8.434040067660943,,4.036483259362845,,2.86836036436541
LT_1454,4,fold4,2,,0.00041654541313206235,,6.318076588692595,,4.021586832199546,,3.110493539848382,,8.459941077417104,,5.110552092506934,,3.8736467900193694
LT_146,4,fold4,2,,0.0004119827549334647,,6.627900634740539,,2.366988767073787,,1.9446229592362636,,8.091608348247874,,3.558412766473724,,2.6398509682574405
LT_1463,4,fold4,2,,0.0004175801888956776,,6.3502216973613015,,2.21046868482432,,1.8103927111473608,,8.435678636856357,,3.7574731949262157,,2.763953207381836
LT_1464,4,fold4,2,,0.0004174637106075362,,6.411452762493236,,2.2108997832205017,,1.7784334591432982,,8.69591457842583,,3.7178214863215833,,2.6607365277364474
LT_1467,4,fold4,2,,0.00041720791269217634,,6.45352924069414,,4.039388999175996,,3.1251834206870064,,8.493128536348632,,4.986185501358143,,3.7972068167496418
LT_1468,4,fold4,2,,0.0004175336054178091,,6.217949278248906,,2.1821082226862067,,1.7632826718375798,,8.614278839422212,,3.661218893206632,,2.6358186472728753
LT_1470,4,fold4,2,,0.00040945986695370765,,6.469022539188369,,2.3459111810375424,,1.9503705345407032,,7.983590369015237,,3.3725403380685726,,2.38133110332103
LT_1471,4,fold4,2,,0.0004102542893548028,,6.453009668660948,,2.3795405591942185,,1.9335193347896584,,7.926368047191428,,3.2196563791492174,,2.2964485833758235
LT_1474,4,fold4,2,,0.00041871016881671677,,6.404081197987209,,2.23963621479981,,1.8274270863044961,,8.597648095763065,,3.835454622292018,,2.8058070225742404
LT_149,4,fold4,2,,0.00041606105759476805,,6.155973947159343,,2.4008592088007026,,2.0115560952385056,,7.643798366750416,,3.2605398619419463,,2.409717220640474
LT_15,4,fold4,2,,0.00041118049011032963,,6.657832114587159,,2.4397210211559073,,2.0399450390351617,,7.959599459987109,,3.358542554433895,,2.387811732081631
LT_1507,4,fold4,2,,0.00040719615316299647,,6.4829883410885385,,2.496213448861884,,2.0282870572293015,,8.118193610696892,,4.190874795937769,,3.048331820413076
LT_1508,4,fold4,2,,0.0004074261793582893,,6.341501372241443,,2.4311088499818805,,2.04398989423182,,8.26797255614431,,3.846294790121211,,2.7955310318742552
LT_1523,4,fold4,2,,0.0004113976091114323,,6.606900561184922,,4.249212214928396,,3.2278429759174996,,8.12389817918184,,5.285768294209708,,3.8901143164425243
LT_1531,4,fold4,2,,0.0004174869939543562,,6.991259088475404,,3.9537259302268613,,3.0861548338589437,,8.638324123911358,,4.8311170117621,,3.6358640305232264
LT_1534,4,fold4,2,,0.00040739166254693746,,6.850934552249578,,4.262906536752382,,3.1770019016133095,,9.031059269991712,,5.513659265010713,,4.101325495159477
LT_1548,4,fold4,2,,0.0004158310554942708,,6.618713183123873,,2.307118447945061,,1.8506563227792805,,8.255340369891456,,3.567192262256479,,2.538864733765477
LT_156,4,fold4,2,,0.0004125231205254678,,6.354024126604685,,2.1782377191339126,,1.7578428300407156,,7.692571951656475,,2.7928787357911804,,2.1494858081519013
LT_1562,4,fold4,2,,0.0004089468874241241,,6.611244734229876,,2.7809853402172457,,2.266187352657389,,8.548114691035623,,4.616314568653746,,3.268462898921431
LT_1564,4,fold4,2,,0.0004085003460153197,,6.307002632578709,,2.2440704627152988,,1.9083349861529366,,8.374864531353222,,3.466687433439766,,2.526692380050056
LT_1566,4,fold4,2,,0.00041106605819889175,,6.632969070147102,,2.322734385371499,,1.9534108491083946,,7.7577432137309765,,2.9797119894302115,,2.1047672789311647
LT_1569,4,fold4,2,,0.0004145130784204455,,6.680367272052711,,2.1069729946031277,,1.6681096483982607,,8.414435263151459,,3.1361922523018735,,2.288455348191036
LT_1578,4,fold4,2,,0.00041572863590847234,,6.537561234935112,,2.136146727401159,,1.714224274545157,,8.423259336033524,,3.248561218909516,,2.333242475369997
LT_1585,4,fold4,2,,0.00040941312542879145,,6.541223499245432,,2.217477956558422,,1.8738250072373577,,7.722675060572957,,3.1975075758926854,,2.308353985203673
LT_1586,4,fold4,2,,0.0004072071428347021,,6.354736566891018,,2.6491232909530327,,2.123307015642404,,8.594927287084868,,4.3709499859876155,,3.176171355940955
LT_1588,4,fold4,2,,0.00040983954831555654,,6.660626865022542,,2.6388680759600422,,2.0938348956324915,,8.169351035472484,,4.112937224221808,,2.926301459579943
LT_1589,4,fold4,2,,0.0004090438088730601,,6.448911670200793,,2.496732351920758,,2.0645941255569307,,8.337224016904898,,3.8693776885393416,,2.787627976863223
LT_1590,4,fold4,2,,0.0004093058471138309,,6.197090607833069,,2.28612038355312,,1.903060224816573,,7.875844693464363,,3.2934895145419665,,2.44326873530282
LT_1597,4,fold4,2,,0.000408766585177826,,6.530608448074905,,4.28665741984378,,3.190776488955618,,7.781520116834722,,4.952333074579462,,3.8459144628036914
LT_1600,4,fold4,2,,0.00040855514398509263,,6.891981685438236,,2.659910156492047,,2.1543762844140435,,8.6441198660263,,4.43953050780208,,3.2499403579567496
LT_1605,4,fold4,2,,0.00040721058944370725,,6.583466742931672,,2.7223305890409133,,2.1945720302631067,,8.340995728190585,,4.525989975887698,,3.2596321885062034
LT_1606,4,fold4,2,,0.0004106972157709738,,6.659567449524468,,2.675114126685463,,2.1515507541604966,,8.236933154183737,,4.326836166873446,,3.235238365520868
LT_161,4,fold4,2,,0.00041781732913564844,,6.780446643846614,,2.538812500917582,,2.1016926209789135,,8.011004292073121,,3.5789401992361176,,2.7033656323450193
LT_1614,4,fold4,2,,0.0004076300578259272,,6.688457232704238,,2.8859819985354624,,2.306471130273623,,8.803401100675421,,4.545208143373998,,3.283314558117356
LT_1619,4,fold4,2,,0.0004111867021267899,,7.12966043849338,,3.0055463332190753,,2.3044848281499584,,9.295969266933046,,5.043294187480937,,3.7331844215880006
LT_162,4,fold4,2,,0.0004177396286114878,,6.195347690551578,,2.5068717518912984,,2.0880048543300416,,7.60369837876743,,3.019098406495216,,2.366154064273452
LT_1652,4,fold4,2,,0.00041474712492129556,,6.533355150140423,,4.077954115000549,,3.200347157537446,,8.533361042015573,,5.208921771246098,,4.107662430415038
LT_1658,4,fold4,2,,0.00040859095789750124,,6.4595989805445795,,4.23363953524673,,3.1498055285773536,,7.504419923995932,,4.659284734290432,,3.578008892969791
LT_1660,4,fold4,2,,0.00041276969725483406,,6.468525503257997,,2.1837599865336355,,1.784397269553861,,7.801228102328677,,2.9564775365785882,,2.199065298383791
LT_1668,4,fold4,2,,0.00040940351757985313,,6.231417706746528,,2.454011450829496,,2.047213354945572,,7.89278225536493,,3.518015078534963,,2.5644031802820693
LT_1671,4,fold4,2,,0.00040843601258161444,,6.280847316987471,,2.2823495497791266,,1.8537515586818303,,8.588616566798867,,3.859738843044362,,2.7066003850869427
LT_1673,4,fold4,2,,0.00041066329727589175,,6.5269157263020094,,4.07427790617875,,3.061384659836198,,7.813911437696353,,4.36605450585918,,3.2340009039112427
LT_168,4,fold4,2,,0.0004112028743258906,,6.527061665880878,,3.9572419781189536,,3.060688214738804,,7.528603477127311,,4.295420158985372,,3.3790109261944417
LT_1682,4,fold4,2,,0.0004104221253726451,,6.90173563046471,,2.6653429447450256,,2.1494827392872375,,8.3635579506716,,3.9185696767308844,,2.7115512204851533
LT_1749,4,fold4,2,,0.0004120228697825339,,6.9374918509782155,,2.5115773937637913,,2.013900662666419,,8.722117037218458,,4.133993274920791,,2.9595745439282344
LT_1752,4,fold4,2,,0.00041816738546470583,,6.765215658008415,,3.9131083492100425,,3.07093665077278,,8.162319633116391,,4.594411540708735,,3.47525685076595
LT_1758,4,fold4,2,,0.0004151238602308101,,6.74495383703312,,2.668169554809431,,2.23250698025967,,7.8705325714159455,,3.620818016827507,,2.657998752981207
LT_1760,4,fold4,2,,0.0004111960946676617,,6.423370517361378,,2.650451745600783,,2.1350702873283827,,8.64909318533853,,4.224246587986091,,3.345181005066162
LT_1761,4,fold4,2,,0.0004086759210270817,,6.505249319771701,,2.3540809769543123,,1.9465607385035895,,8.31870324725125,,3.9340962291812365,,2.8083328736417608
LT_1762,4,fold4,2,,0.0004092634619848462,,6.95489018315642,,3.039962262401592,,2.3337395743794556,,8.709631235727683,,4.921453292532663,,3.5035858862478815
LT_1763,4,fold4,2,,0.0004086608933498298,,6.294409818124772,,2.4382942069540334,,2.009127946580321,,7.832936732208015,,3.6209306049540317,,2.6645107142651825
LT_1765,4,fold4,2,,0.000407249427431082,,6.613066149811615,,4.342917935771569,,3.261803244473113,,8.278971147573724,,5.517058059325923,,4.176736085588593
LT_1766,4,fold4,2,,0.00041190538338791056,,6.362441626717629,,3.9984699010164104,,3.0891674557198803,,7.940428792389237,,4.500441220751144,,3.6055752131577345
LT_1769,4,fold4,2,,0.00041059021491569,,6.611674813861246,,2.5099202778459375,,1.9846219408705743,,8.243853520112355,,4.376018118824246,,3.183327184365744
LT_1774,4,fold4,2,,0.0004092300339110493,,6.274963718106772,,2.3311204079070507,,1.8920939902453906,,8.038534811135744,,3.5603464715949182,,2.532012690369091
LT_1775,4,fold4,2,,0.00040768085529521193,,6.319002139191498,,2.418100244036422,,1.9623897067746898,,8.240488227628614,,4.0313324106049055,,2.866641738549721
LT_1776,4,fold4,2,,0.00041043117538652925,,6.984449491025884,,2.7685830324140124,,2.241621642150128,,8.948212596858983,,4.288484846625503,,2.991709091175571
LT_1778,4,fold4,2,,0.00040827970880752233,,6.176790252376294,,2.38929142464068,,1.9864680508162245,,8.080581730718611,,3.831455978680176,,2.818469140971222
LT_179,4,fold4,2,,0.0004120958524489668,,6.157059158612766,,2.4320691206779657,,1.9654628555783757,,8.099722618958532,,3.719345869260766,,2.810881166253289
LT_18,4,fold4,2,,0.000429871936541466,,6.211276486332942,,2.253991667803063,,1.7994570612034584,,8.828530539614535,,4.255364581353907,,3.1067847513722553
LT_180,4,fold4,2,,0.0004197774450056292,,7.276676717585696,,2.952422910219141,,2.2652739269790754,,9.1560545689907,,4.907750849771505,,3.6433470013739426
LT_1807,4,fold4,2,,0.0004092236344948527,,6.286584211775344,,2.2845367026089525,,1.9255499878428537,,8.124707618725427,,3.732759132052934,,2.7169762746840487
LT_1808,4,fold4,2,,0.0004084077555708398,,6.943168127586317,,4.401678318117682,,3.315859890072945,,8.560289021662918,,5.727363640272658,,4.292446042851312
LT_1810,4,fold4,2,,0.00041054936494863345,,6.220428656533456,,2.342459465668404,,1.9226780239122068,,7.778031654033279,,3.252498756383859,,2.4250143843749417
LT_1811,4,fold4,2,,0.0004172683503119185,,6.253808162879776,,2.56923273076891,,2.083121800449854,,7.661331736063271,,3.1499111362070225,,2.4996118624993704
LT_1812,4,fold4,2,,0.0004156633012592729,,6.175582264729172,,2.517209233411272,,2.0113176867424425,,7.7396450893450455,,3.562082418288319,,2.69641055726328
LT_1814,4,fold4,2,,0.00042505882068585507,,6.2877027609478695,,2.4805487352795454,,2.0004744936062244,,7.742715156520771,,3.634474542149455,,2.759131302431453
LT_1815,4,fold4,2,,0.00041070247166759277,,5.965288710257462,,2.3880834312995525,,1.9495756729565052,,7.749670923082168,,3.6136639394714303,,2.7303629863166274
LT_1816,4,fold4,2,,0.00042406066803987556,,5.9414600575454894,,2.409626764726991,,1.9641341490913322,,7.8080156092765005,,3.372526567351809,,2.571316822118458
LT_1817,4,fold4,2,,0.0004083917011924072,,6.200741791078073,,2.3293312511443367,,1.9287869426027429,,7.822766768519071,,3.292924475216695,,2.4304068125383878
LT_1818,4,fold4,2,,0.0004103507101896678,,6.649229144806584,,2.816841289375231,,2.2257738410064123,,8.71531770622614,,4.561472172298162,,3.417627559115458
LT_1820,4,fold4,2,,0.00040853376867254314,,6.10867147922002,,2.344845035905401,,1.9445268800256947,,8.023732832912302,,3.513524463619089,,2.5828215833582195
LT_186,4,fold4,2,,0.0004188239036686508,,7.087130114074467,,3.1718654800912285,,2.4838020221704262,,8.464411553077168,,4.838146300778398,,3.6415545194086403
LT_1873,4,fold4,2,,0.0004132023509052854,,6.589069419976199,,2.600048933730122,,2.119116151914239,,7.781314827974289,,3.729139947573212,,2.651634753866669
LT_1883,4,fold4,2,,0.00041156224930417526,,6.104334111411492,,2.407489105753557,,1.9519302245662102,,7.9079674556594375,,3.535835660422133,,2.6496923320651744
LT_1886,4,fold4,2,,0.0004163025975960719,,6.030111508558199,,2.2845737590931217,,1.8521299879266089,,7.873603470323051,,2.977223719946978,,2.295489628061356
LT_1887,4,fold4,2,,0.00041237846243878835,,6.4463610673734415,,2.5149911902559277,,2.0731503799454933,,7.8901145526517285,,3.178443078652548,,2.4258577233224003
LT_1888,4,fold4,2,,0.00041065345663828315,,6.400249843494701,,2.481366535314319,,2.0321664210429464,,8.59635611891919,,3.768125252852994,,2.8297225847064214
LT_1892,4,fold4,2,,0.0004114949953979829,,6.442467430133683,,4.146345807809581,,3.0400611928897074,,7.843161566919404,,4.369206931641407,,3.300321095267564
LT_19,4,fold4,2,,0.0004106626406578887,,6.67035935899831,,2.472476294237745,,2.0390333093728725,,8.108570163966464,,3.732471362752448,,2.632162741158442
LT_1900,4,fold4,2,,0.00041248517645201856,,6.4318899432565395,,2.6487848383262778,,2.1540563692986163,,7.903016084015728,,3.8066374497010966,,2.8080351400755434
LT_1905,4,fold4,2,,0.00040962242236036034,,7.020872111872135,,2.836711943736711,,2.1943163441238798,,8.95308135098901,,4.325129825091686,,3.018923205872617
LT_1906,4,fold4,2,,0.00040936120952927285,,6.242642952457068,,2.3524781150537284,,1.9260412672890566,,8.083899510466688,,3.4682559283537238,,2.5069495329006957
LT_1907,4,fold4,2,,0.0004074154982215694,,6.712381533278357,,4.286847758074835,,3.23294084992838,,8.874733677332154,,5.487229008452728,,4.011870517504472
LT_1908,4,fold4,2,,0.00040688696507843597,,6.468124320793178,,2.4279734222635554,,2.0525436944698168,,8.559860841584548,,4.191199819591641,,3.0439922991121375
LT_1909,4,fold4,2,,0.00041236695452534847,,6.433824533583859,,2.5263916302136735,,2.093344512324888,,8.156462889967528,,3.4321985529976686,,2.5477459304092887
LT_1910,4,fold4,2,,0.0004094812297742445,,8.26991275883874,,3.3674601784307745,,2.5960616568523585,,9.962796110539042,,5.016568320023591,,3.743151428162522
LT_1911,4,fold4,2,,0.00041187289461688294,,7.2827023134894615,,2.992677619321372,,2.3145698214336954,,9.244929896309756,,4.697998766438822,,3.455307280072578
LT_1923,4,fold4,2,,0.0004105654745441105,,6.310063412913974,,2.2798366731738295,,1.9462918165725376,,8.007352755776322,,3.13090589408047,,2.258923253809183
LT_1925,4,fold4,2,,0.0004104602727743496,,7.507058708003734,,4.626263115989722,,3.4132372160392603,,9.522520025294822,,6.323236148481614,,4.603013390945154
LT_1926,4,fold4,2,,0.0004110902286146474,,6.55822262479323,,2.4971870391285127,,2.0471603769220823,,7.9126227910824225,,3.484510182364406,,2.4210663013082088
LT_1927,4,fold4,2,,0.00041064838811194666,,6.647249769002121,,2.4223026640971614,,2.039147544164834,,7.743414633936044,,3.343895318753269,,2.4365404335372824
LT_1928,4,fold4,2,,0.0004126837362208955,,6.593751525790532,,2.411428460819434,,1.9748288517177477,,7.7692688610918665,,2.9036448938600956,,2.1097322891849473
LT_1929,4,fold4,2,,0.0004112900697044869,,6.859283270989004,,2.5665306556691636,,2.0676222821224903,,8.558463480659023,,4.234040571051312,,3.1617306018839795
LT_1930,4,fold4,2,,0.00041188367875622314,,6.706945803791448,,2.4203325201515287,,2.041997160422019,,7.911229342499005,,3.487817086182649,,2.546544679553926
LT_1931,4,fold4,2,,0.0004105121100007707,,6.602193801723562,,2.4515557624616933,,2.030961337881136,,8.243710257574724,,3.5432037418231865,,2.470020979786683
LT_1932,4,fold4,2,,0.0004099611231696259,,6.358612227827473,,2.4048209076129186,,1.930412935781613,,7.954577494056976,,3.868210322299508,,2.8182813409854277
LT_1933,4,fold4,2,,0.00041040061711013036,,6.134344518731572,,2.358910082893101,,1.9565397607206891,,7.489200800809244,,3.494743748109353,,2.607577042641645
LT_1934,4,fold4,2,,0.0004079413449200372,,6.228846286263557,,2.474547374539269,,2.044707901066039,,8.337892497431984,,3.862168290229035,,2.775323574439179
LT_1935,4,fold4,2,,0.0004099840974739668,,6.377469374764018,,2.467836358163946,,2.035438793509044,,8.009582470528018,,3.575675921518641,,2.653742438973892
LT_1936,4,fold4,2,,0.00040977211367180556,,6.536979084481356,,2.378912285707465,,2.011694259758163,,7.89132624815482,,3.487561531857603,,2.5441331808831578
LT_1945,4,fold4,2,,0.0004077620503507382,,6.07679899345129,,2.3832959091179093,,1.9808448740085551,,8.083664219101024,,3.471792524943838,,2.576013014372444
LT_1946,4,fold4,2,,0.0004118779197670626,,6.864767106215609,,2.6635864196575274,,2.1428687752832407,,8.783411662405024,,4.235246131260128,,3.004759375478626
LT_1947,4,fold4,2,,0.00041087542392538416,,6.739712529796307,,2.5759809821056794,,2.0432549152007127,,8.238049182252196,,3.6577748706051683,,2.6040892472945107
LT_1948,4,fold4,2,,0.00041095970832549095,,7.226961079359439,,2.6670054934191687,,2.1639145189830487,,8.599242713289193,,4.199037511987028,,2.9861039520344934
LT_1949,4,fold4,2,,0.00041271733709655027,,6.5001132456887545,,2.3598197519532653,,1.9612611336757988,,7.726620721187682,,2.963563031442816,,2.2103680455730768
LT_1950,4,fold4,2,,0.0004073030781450975,,6.852822876913064,,2.7006698675820737,,2.1799199321221785,,9.062143272848417,,4.402591490902818,,3.0803109012790224
LT_1951,4,fold4,2,,0.0004095593021980395,,6.813130482552125,,3.0143536716125707,,2.2936306789299823,,8.678042386737756,,5.005577138131048,,3.670284519656525
LT_1968,4,fold4,2,,0.0004097575954068178,,6.492298117277519,,2.3946384701190633,,1.936882999908385,,7.950413067047613,,3.1096742604462526,,2.256794855914867
LT_1976,4,fold4,2,,0.0004116304951099943,,6.396345605454332,,4.186515604889167,,3.112137629144429,,7.652191686392228,,4.894361832598735,,3.5922818340264904
LT_1977,4,fold4,2,,0.0004098682951310644,,6.689730688767494,,4.167181107950307,,3.0655330497479607,,7.734182997640786,,4.6816108608683535,,3.4116696811139815
LT_1984,4,fold4,2,,0.00040944219906282643,,6.453248849942961,,2.955684905873387,,2.3049451287369442,,8.260980475738451,,4.622537476258815,,3.442455104586523
LT_20,4,fold4,2,,0.0004128726167139645,,6.438533810001681,,2.2684385800678992,,1.9230102383923136,,7.881636799975889,,3.1075207574779427,,2.2480320500017785
LT_2006,4,fold4,2,,0.00041546544393852684,,6.075363451844319,,2.440514922897391,,2.012114816108356,,7.832599868845899,,3.1853013203819702,,2.36706002925891
LT_2008,4,fold4,2,,0.00041631229731638013,,6.064576101340577,,2.6340445646346184,,2.1606948518202187,,8.343566568378764,,4.158642698355961,,3.0080093239846466
LT_2009,4,fold4,2,,0.0004161640181868792,,6.8397623946994415,,4.41774940024557,,3.352714298203129,,8.763989109648678,,5.370115820692032,,3.9684004402680757
LT_202,4,fold4,2,,0.0004217386179507631,,5.955592874884643,,2.318585655176884,,1.8916304741566592,,7.780590049783775,,2.9096992336933782,,2.2495368729951877
LT_203,4,fold4,2,,0.0004152532570674654,,6.080200039375872,,2.4646063312744007,,2.0145789966436682,,7.7794263161055035,,3.016126740649578,,2.3258731106985895
LT_207,4,fold4,2,,0.0004177887030221098,,6.032245217209605,,2.2436491521908972,,1.8177974673720136,,7.773384568402923,,3.2388311497672504,,2.4801835463176127
LT_209,4,fold4,2,,0.0004114606345374059,,6.111894585882594,,2.362513238143218,,1.9287429344723412,,7.311806483914338,,3.0564814651136527,,2.2585795028333497
LT_215,4,fold4,2,,0.0004235268714571309,,6.577740932275751,,2.4752528616448255,,1.9658159472068646,,8.346377104805,,3.5200570321088396,,2.5873942860242756
LT_242,4,fold4,2,,0.00041052323438029066,,6.31802375519953,,2.3118354169776842,,1.871466736482062,,7.919866023692522,,3.811668719548343,,2.7928320434893923
LT_250,4,fold4,2,,0.00043117029694022743,,5.9558586568237954,,2.0888880855723824,,1.6990282135417731,,8.407208568526444,,3.3110919780380192,,2.3773588045733085
LT_277,4,fold4,2,,0.00040910437266454026,,6.52698470540987,,2.546286582983417,,2.0543517329903476,,7.833067654861322,,3.7339565113873436,,2.6128677779229896
LT_28,4,fold4,2,,0.00043181418078649426,,6.496819119838425,,2.5309056893973074,,2.042851433954915,,8.594901743992573,,4.356694782895455,,3.221768606371948
LT_289,4,fold4,2,,0.00040995397029055733,,7.020267063979796,,2.846831098696625,,2.26871035262001,,8.902719012587617,,4.316503074374099,,3.0267100393873343
LT_291,4,fold4,2,,0.0004140689570312616,,6.375644004617216,,2.342851192507565,,1.8912499091013242,,8.342493108438797,,3.9261744637445273,,2.852537902107039
LT_3,4,fold4,2,,0.0004090613882242449,,6.970860852494963,,2.953778406017027,,2.286792620806209,,9.17449908346533,,4.755614150650963,,3.5254418184534426
LT_30,4,fold4,2,,0.0004173112285871961,,6.01026907274001,,2.1706761694580705,,1.7665873346637413,,8.499104343232908,,3.7108712215780804,,2.68500673230768
LT_301,4,fold4,2,,0.0004101599510889613,,7.199806581065655,,4.469505108114909,,3.3069592890461608,,8.660744258457672,,5.661136966223145,,4.103605774300144
LT_303,4,fold4,2,,0.00041219571645769934,,6.5847632515924195,,4.207952243607325,,3.2068495925498004,,7.5905822505952845,,4.29306456332327,,3.324938669349395
LT_305,4,fold4,2,,0.0004314317448368202,,6.695515945204637,,2.7572462110646154,,2.222581946910414,,8.136682894604796,,4.520109194545105,,3.463998745269314
LT_31,4,fold4,2,,0.0004180148969944314,,6.117728249399234,,2.18007355932604,,1.773192557537847,,8.17507936709517,,3.6598241649221817,,2.658067411042786
LT_316,4,fold4,2,,0.0004263926458502598,,6.448277348710642,,2.572354951093042,,2.0829470407805704,,7.694211817348002,,3.1831036462613573,,2.51813162446111
LT_317,4,fold4,2,,0.00041307172895109837,,6.344249994816846,,2.815848674524835,,2.204683446208579,,8.309426686413387,,4.364282643687619,,3.341498278608223
LT_323,4,fold4,2,,0.00041200676375465276,,6.771040474058757,,2.970461763567662,,2.3213098044220297,,8.510962062480761,,4.561118560890503,,3.426755679074602
LT_34,4,fold4,2,,0.0004117977495955768,,7.105713784976961,,2.9670745671005565,,2.446768457060628,,8.918137384913495,,4.471687899186014,,3.22865506855301
LT_344,4,fold4,2,,0.00040943020141412205,,6.652285750343785,,2.4787948594184543,,2.0083668068458276,,7.895472336169271,,3.569401481937005,,2.5508127832374465
LT_35,4,fold4,2,,0.00041101706340298735,,6.271383196805613,,2.59085852853533,,2.0806938132122097,,7.546075767353699,,3.710043221796283,,2.7104400831657567
LT_356,4,fold4,2,,0.00041279544859835864,,6.715336506593919,,2.4692399490305275,,2.0814133108746447,,7.987663984093985,,3.1741463644419774,,2.363514882932856
LT_36,4,fold4,2,,0.0004157038329276677,,6.565760104662531,,3.990256987136247,,3.0185901211484314,,7.81408017953231,,4.302031472957269,,3.3652402741670673
LT_373,4,fold4,2,,0.000409554696378071,,6.828064682510947,,2.8516045103727348,,2.363404756261716,,9.12226144565452,,4.648972403163726,,3.298488691041608
LT_375,4,fold4,2,,0.00041215994278830104,,6.2743291313296785,,2.306074141716827,,1.8984746841692484,,7.529574978987409,,3.0700819629311837,,2.2945130847390094
LT_39,4,fold4,2,,0.00043306752751506687,,7.084433084866683,,2.880425132186031,,2.2294028719921593,,9.150619863059855,,4.816519440638974,,3.681747503607897
LT_404,4,fold4,2,,0.00040944603679598547,,6.384541393826995,,2.6236062242679945,,2.140226931081981,,8.189211516318457,,3.9682159187586445,,3.02967280458404
LT_405,4,fold4,2,,0.0004178094402956297,,7.162407038370902,,2.938709809725748,,2.2411656056667373,,8.587385535693494,,4.978903211932338,,3.6389365883577947
LT_406,4,fold4,2,,0.00041120293144861035,,6.601402347355417,,2.314865735780374,,1.9143230954539643,,8.402150546720682,,3.398338910329101,,2.379292132479726
LT_426,4,fold4,2,,0.0004094286846028812,,6.639223436224848,,4.100442128837665,,3.0479915714396624,,7.836810463313095,,4.4639364625514,,3.2489869965988714
LT_430,4,fold4,2,,0.0004128129450520473,,6.84691192534181,,4.180594139950486,,3.140573536939227,,8.225021564170474,,4.665991528396504,,3.5055412047866628
LT_431,4,fold4,2,,0.0004167720146814706,,6.193216619073121,,2.415612427246712,,1.976017338456097,,7.648803396834949,,3.52651585388798,,2.6545451200734376
LT_434,4,fold4,2,,0.0004118559409768026,,6.394382329663876,,2.0921281135192804,,1.703199749986426,,7.925562088169441,,2.835513860658523,,2.074945001145018
LT_438,4,fold4,2,,0.00041995062419168845,,6.7108685579635985,,2.4609455254672303,,2.0297326502877744,,7.978479636366628,,3.7810892801644713,,2.7768189011923208
LT_439,4,fold4,2,,0.00041806283276480706,,6.325874674775964,,2.4961415976974695,,2.0276017156686543,,7.943718674468722,,3.9770669958998077,,2.832730914024472
LT_454,4,fold4,2,,0.00040947059108197535,,6.638088828779673,,4.175172332002664,,3.108977485208179,,8.30599724404049,,4.668172718966164,,3.5056821477184874
LT_465,4,fold4,2,,0.00041547407955010336,,6.324110161544764,,2.280315592510964,,1.8578785362521044,,7.653838419252253,,3.1481948989978323,,2.416667598263542
LT_468,4,fold4,2,,0.0004068823673057699,,6.5655745323526435,,2.59075683453439,,2.0697348431861435,,8.328067249128937,,4.235126449717795,,3.0347800476908167
LT_493,4,fold4,2,,0.00040970377555342614,,6.630084946700518,,2.3647150532789443,,1.939537588509185,,8.520286860042177,,3.801346028454971,,2.623438833676802
LT_495,4,fold4,2,,0.0004166830368893884,,6.584035471231448,,2.3175242760553934,,1.8912559853836084,,8.020882394969489,,2.9750261075688145,,2.2851346531828174
LT_506,4,fold4,2,,0.00041306283247609897,,6.267462488865156,,2.545279406805306,,2.028406046272435,,7.676340689856783,,3.34132541218932,,2.638884731061911
LT_507,4,fold4,2,,0.00041736476587378966,,6.150379991075787,,2.439136556651616,,1.9679384227001748,,7.694911088808932,,3.1434281312132835,,2.439305372555199
LT_513,4,fold4,2,,0.00041889955978629753,,6.401053755202224,,3.9083982698107,,3.128580381573317,,7.995176554143142,,4.293643568111666,,3.37651012991686
LT_515,4,fold4,2,,0.0004205424948775082,,6.112119487467019,,2.3473409628495565,,1.911877945843185,,8.367847413392564,,4.002725074601034,,2.9637170067476037
LT_516,4,fold4,2,,0.0004210524982865612,,6.336145768744431,,2.316654521492628,,1.9297321294944485,,7.736827471308496,,2.933473830137833,,2.22111426216094
LT_529,4,fold4,2,,0.0004092314737888115,,6.963408104282757,,2.5739781889551376,,2.1125616104716567,,8.85048974993096,,3.9378502818503724,,2.7968614069724596
LT_53,4,fold4,2,,0.0004118913972576861,,6.764333927437778,,2.583395505303216,,2.146410667456031,,7.9406786031672825,,3.376052692192916,,2.5600176997162416
LT_533,4,fold4,2,,0.00041010774361233994,,6.559588209012615,,2.5136199305581566,,2.052596265328296,,8.256615516014357,,4.124049713941457,,2.9290746155337577
LT_56,4,fold4,2,,0.0004165451493558653,,6.524075545474915,,2.4579257828946517,,2.070029224380171,,7.511818869952114,,3.0640333270400477,,2.32319121591922
LT_574,4,fold4,2,,0.00040978850432450004,,6.860311910888743,,2.42678280481791,,2.0153451624921352,,8.471318760599878,,4.02465935205843,,2.763042375537684
LT_589,4,fold4,2,,0.0004099182605488104,,6.298903990051967,,2.232437052972106,,1.9057522056944676,,8.488989908001622,,3.5331836629921125,,2.632756668337921
LT_608,4,fold4,2,,0.0004116110663030751,,6.644327494238913,,2.991068585868368,,2.396867325881062,,8.991811152816402,,4.581795777219763,,3.494743729532041
LT_61,4,fold4,2,,0.0004146527603769868,,6.482040750316456,,2.4374840346990307,,2.0057049758916885,,7.543811749013159,,3.1257403619420856,,2.525910891636071
LT_62,4,fold4,2,,0.00041143925354163863,,6.334769550233036,,2.4601069250528744,,1.9973214040346823,,7.886139069354253,,3.7917420926079983,,2.85635064146343
LT_631,4,fold4,2,,0.0004126446364169367,,6.41862169550425,,4.199453922588944,,3.1899650874409815,,7.809742458980359,,4.509056409495985,,3.4036476584418636
LT_656,4,fold4,2,,0.00041196892872085583,,6.165662127375815,,2.469044592765547,,2.0325511580387166,,8.19447094659268,,4.05532154541862,,2.9081480384213245
LT_658,4,fold4,2,,0.0004138448460490503,,6.174276402177992,,4.086829999057935,,3.2143362532792374,,8.338218596841376,,4.881436336901342,,3.7225396762272203
LT_668,4,fold4,2,,0.00040990624656217674,,6.685207845267032,,2.441129511791113,,2.0447288164814466,,8.487644627272434,,3.8187089810148107,,2.641801372030908
LT_690,4,fold4,2,,0.0004119274482780426,,6.604281033300607,,4.098349183933694,,3.0373031170968754,,7.966992718678922,,4.4706548710603045,,3.2816335328438573
LT_7,4,fold4,2,,0.00041027996370970356,,6.412522780745606,,2.560399845728919,,2.026926497470047,,7.873012360491478,,3.8647103991868197,,2.795706737394884
LT_723,4,fold4,2,,0.00041208287231978696,,6.586361985813062,,2.286848671738446,,1.8997591080184957,,8.260427730732586,,3.693198738924535,,2.653790269620581
LT_731,4,fold4,2,,0.0004086388997971719,,6.343956702995271,,2.476337656781681,,2.0312758266199045,,7.9547502660792375,,3.8498199157389252,,2.7171654465989388
LT_754,4,fold4,2,,0.00041268725257159397,,6.412156588649421,,2.080764754494185,,1.6702535432522565,,7.688907255964299,,2.776980528747189,,2.117202703226537
LT_756,4,fold4,2,,0.00041402295760217984,,5.96098216719826,,2.366762270084132,,1.9057633810447685,,7.887266406231741,,3.4742860584381594,,2.64473455959582
LT_759,4,fold4,2,,0.000422733508000284,,6.723319442699452,,2.7526507343106688,,2.2009701921284033,,8.497285955366486,,4.550508335787807,,3.298806092627573
LT_767,4,fold4,2,,0.00041180353351176133,,6.623065136851485,,4.10730505569081,,3.0284506584984308,,7.4177563226330525,,4.3383010676270475,,3.1965840383986603
LT_771,4,fold4,2,,0.00041255877296152155,,6.5005817706050815,,4.206020554362952,,3.0927916897167513,,7.358900334593541,,4.364537578524517,,3.2375438315131095
LT_782,4,fold4,2,,0.00040858652336588953,,7.105107774392467,,4.3289727340005655,,3.2644411388564447,,8.616239812326318,,5.3529804388578635,,3.900431295176865
LT_795,4,fold4,2,,0.00041076881677026833,,6.982039665191162,,4.330551911955105,,3.274643365484466,,8.163234906546679,,5.432463753262952,,4.064189513889094
LT_807,4,fold4,2,,0.0004107448822261786,,7.073721750368199,,4.161459638550347,,3.2478552327901236,,8.334139986669657,,5.319050641707514,,4.017150174504448
LT_809,4,fold4,2,,0.0004117733922317946,,6.350799940220693,,3.88139045608337,,3.0962430563912795,,8.129432298887624,,4.654892435242765,,3.7201560956583313
LT_814,4,fold4,2,,0.0004152140367687813,,6.726158751216199,,3.999910531334469,,3.1392824931484613,,8.471277788871893,,4.992284230701206,,3.7528949537297724
LT_822,4,fold4,2,,0.0004173929338542985,,6.7614480402434145,,3.0621259441830992,,2.3922056195071364,,8.51256161624087,,4.805209431397937,,3.5850183333500003
LT_826,4,fold4,2,,0.0004115902653103274,,6.874814183621685,,4.588770309513422,,3.394718691037966,,8.078722256759812,,5.518423544360563,,4.084852169818449
LT_827,4,fold4,2,,0.00041795054672075574,,7.280452600402921,,3.152299930932731,,2.455047840892848,,9.126539102361779,,4.778927569569286,,3.619268612228548
LT_828,4,fold4,2,,0.0004177256994129172,,6.193251573286819,,2.426370185743653,,1.9617320376108431,,7.603488710792835,,3.099827324583455,,2.42491860141105
LT_846,4,fold4,2,,0.0004088019452209331,,6.5885956130231556,,2.465800062618818,,2.0604147127046404,,8.792591649037822,,4.104767566600109,,3.0026120199828745
LT_847,4,fold4,2,,0.0004113470791900081,,6.474505009746764,,3.907532802619622,,3.0720326280465353,,7.707562457918223,,4.4171207623957285,,3.4227966029256525
LT_848,4,fold4,2,,0.00041150327836452123,,7.0287849263287505,,4.450806259855171,,3.350409666949166,,8.291772962217777,,5.572335210380518,,4.1726560268920085
LT_849,4,fold4,2,,0.00041755457208890456,,6.585643275728023,,4.128585576546687,,3.1686821307850805,,7.645944632981566,,4.352672309812203,,3.409511042798257
LT_850,4,fold4,2,,0.0004093266007114942,,6.63933000113427,,4.249453262298501,,3.097784198092782,,7.725972691536139,,4.756117783115101,,3.4836771327069087
LT_855,4,fold4,2,,0.00041027508111865854,,6.61938239880704,,2.3407349703123383,,1.9717886060282535,,8.152891706370783,,3.584942472102265,,2.538914456910274
LT_858,4,fold4,2,,0.000411363657107474,,6.664420388168821,,2.709679069176608,,2.189379314623053,,7.963677657502228,,4.002101223473874,,2.983584030342665
LT_859,4,fold4,2,,0.00041111327601491866,,6.381601270563612,,2.476649817463693,,2.016076810349637,,7.823689083983713,,3.346350601009618,,2.487035047354151
LT_861,4,fold4,2,,0.000411344055340275,,6.626451118321309,,3.906138916471386,,2.9379009455564655,,7.955991196543966,,4.102667618011443,,3.1640802212433745
LT_864,4,fold4,2,,0.00041141464800201373,,6.802005288334632,,2.783146729865466,,2.2377547797111066,,8.062302349362312,,4.093576777232007,,3.0153661934650065
LT_882,4,fold4,2,,0.0004066491573786711,,6.954457926331547,,2.8892158692034986,,2.317493167505555,,8.733511051835308,,4.715966091460547,,3.3836496279497585
LT_914,4,fold4,2,,0.00040779520490121304,,6.692750749209679,,4.453745600179006,,3.260701399761123,,8.467474454159847,,5.590659192787749,,4.08225680010113
LT_93,4,fold4,2,,0.0004360337068349089,,5.905075197679187,,2.0807473747268954,,1.711955109686069,,9.129419626281864,,4.102990471056727,,3.0422719844244486
LT_943,4,fold4,2,,0.0004174109119867448,,6.464568462070746,,2.5518691442127013,,2.1066406029090414,,8.088938501971409,,3.7659142125155785,,2.6899180329691292
LT_945,4,fold4,2,,0.00041726076954315405,,6.714037454743842,,4.321219115058068,,3.2510025018064064,,7.839843940005308,,4.752364198580695,,3.5547574443481547
LT_95,4,fold4,2,,0.0004365206990692098,,5.521160448404023,,2.0000275924781765,,1.6586967936583903,,9.179608762477722,,3.9800396845108166,,2.9229087680988877
LT_953,4,fold4,2,,0.000424685006856166,,6.40703072731135,,2.619035289289693,,2.0714609542083227,,8.668080170210056,,4.371843749494483,,3.2199789026243044
LT_958,4,fold4,2,,0.0004212452305429066,,6.243222300403499,,2.68911390910123,,2.165033069190102,,7.634105484505693,,3.3469452681644927,,2.6503757707579982
LT_960,4,fold4,2,,0.00042133975757913285,,6.807490240768315,,2.542816197231471,,2.0638939180634264,,8.487986535855947,,3.825284728755725,,2.7826998375046146
LT_961,4,fold4,2,,0.0004237436843305808,,6.3329757102219855,,2.298766880901693,,1.8975310106722632,,8.179466134487539,,3.7238695037954948,,2.642261683322507
LT_963,4,fold4,2,,0.00041718332706017387,,6.168776166335102,,2.3384280132851964,,1.9176196047411533,,7.7348001153524075,,3.1241112790524137,,2.323475860310469
LT_964,4,fold4,2,,0.000411989515222767,,6.516916997784431,,4.026108276123451,,3.0725520655980567,,8.002262165984991,,4.613720827621525,,3.570522700691828
LT_970,4,fold4,2,,0.00042264150894544966,,6.28503649573799,,4.010992098332163,,3.143884079299537,,8.038216799931812,,4.570846801048045,,3.430992773894176
LT_971,4,fold4,2,,0.00041342616003142013,,6.307197698307217,,2.4722284885490295,,2.0280034539728655,,7.761863179655559,,3.051859170595882,,2.3364168481812038
LT_975,4,fold4,2,,0.00042042354671555614,,6.25504071424194,,2.614190344731201,,2.0891402541622344,,8.452695136579578,,4.281038935657706,,3.166019732497116
LT_976,4,fold4,2,,0.00041266682512413645,,6.224010674579262,,2.5561514429914634,,2.0739356332335994,,8.457744881398625,,4.162342556435959,,3.095589842032386
LT_977,4,fold4,2,,0.000417683410336548,,6.091348985294653,,2.3032348515815917,,1.9110282323638117,,7.849641354289801,,3.1474874601323033,,2.3724181588259468
LT_978,4,fold4,2,,0.00042403325597210016,,6.074385153826868,,2.4283655300540845,,1.9998962215677463,,7.655471075991262,,3.3189373974728844,,2.4579510683543675
LT_979,4,fold4,2,,0.00041028800463686205,,6.568082874763476,,2.7317208577081686,,2.1639355208231823,,8.489150398640769,,4.2748460876035015,,3.1762459585601035
LT_98,4,fold4,2,,0.0004173946963698192,,5.759497101364345,,2.1289545902501894,,1.7475588708917746,,8.038996249758327,,3.718955732039821,,2.7830064621009942
LT_984,4,fold4,2,,0.0004203676166272003,,6.226272930175739,,2.484690343317039,,2.0292434177167094,,8.48438737592445,,4.290236902283577,,3.1364836728564467
LT_99,4,fold4,2,,0.0004309902234817444,,6.104838605212361,,2.1960323349978275,,1.7867354753232916,,8.654815212484404,,3.893583319532635,,2.9026910996326056
LT_994,4,fold4,2,,0.0004173802765027393,,6.635028433373559,,2.4516552210112876,,2.003830200363602,,8.479684844629906,,3.812432971032021,,2.7571114638948724
PCL_32695,4,fold4,2,,0.0004327926165555683,,6.1132269259464485,,4.22235918507636,,3.33019747853744,,8.303946226927406,,5.357894138248121,,4.098823064459438
PCL_32742,4,fold4,2,,0.00041908233252458543,,5.915404339749382,,4.158550151138579,,3.2954205440789686,,8.310517339139983,,5.5888590149687225,,4.595057219190822
PCL_32745,4,fold4,2,,0.0004192916898887785,,6.520839493335985,,4.085234385287666,,3.2616288386279546,,7.5593645229792426,,4.454556130805662,,3.779252118218159
PCL_32759,4,fold4,2,,0.00042625650463893293,,5.992787217992217,,4.173063423157182,,3.4336422880463084,,7.852355703628411,,5.317085735941505,,4.3880654816935
PCL_PCL0194,4,fold4,2,,0.00041284759237552454,,6.313513580115321,,3.8312264799440503,,3.0244833959231467,,7.962940125105871,,4.571059092763564,,3.688171996486583
PCL_PCL0197,4,fold4,2,,0.0003985521832208256,,6.604546411857538,,4.407708119142718,,3.263519484548815,,8.748176352430367,,5.2716588260998005,,3.8679925859263027
PCL_PCL0199,4,fold4,2,,0.0004016249360550561,,6.460005043512433,,4.153987796791841,,3.212202650569399,,8.547408947926273,,5.163886970066095,,4.080891462341094
PCL_PCL0203,4,fold4,2,,0.0004067088265832103,,6.647527295778047,,4.127256208806236,,3.212006898010033,,8.342535848275576,,4.88492729110691,,3.707514943997388
PCL_PCL0204,4,fold4,2,,0.00040314363901663985,,6.104715231767865,,4.029329013221942,,3.151930337786677,,8.239816484652176,,5.245203953338338,,4.104749587271036
PCL_PCL0206,4,fold4,2,,0.0004115341370743361,,6.627739780455887,,4.083926012037594,,3.177637834106914,,7.9876824565321485,,4.736360173355387,,3.670668221276592
PCL_PCL0207,4,fold4,2,,0.00041120904857220274,,7.010644612372532,,4.339495800459954,,3.3509989320105156,,8.264235943402499,,4.973128969520328,,3.9443584815251445
PCL_PCL0208,4,fold4,2,,0.0004005138755896927,,6.31998151604007,,4.409627911975096,,3.38342261851356,,8.025461318318198,,5.5755732185156734,,4.310196056684558
PCL_PCL0211,4,fold4,2,,0.00040922555544799753,,7.013895006488918,,4.285201926734372,,3.208603971892846,,7.44586005983097,,4.533590074091058,,3.7267938254352866
PCL_PCL0212,4,fold4,2,,0.0004004818353961128,,6.158737147122196,,4.064280186201522,,3.061214571497602,,7.1527439341595755,,4.305046601491658,,3.3472132921157236
PCL_PCL0220,4,fold4,2,,0.0004047352351293221,,6.041791002482926,,4.2541213798131725,,3.205434189878283,,7.463337360990818,,4.747467362630339,,3.6208657376851003
PCL_PCL0225,4,fold4,2,,0.00041953168486972073,,5.704710755298515,,4.065002193944277,,3.322116346380186,,7.684039481547549,,5.244687734347204,,4.357681086754502
PCL_PCL0226,4,fold4,2,,0.0004301870235074567,,5.805065354588734,,4.038075436098784,,3.2473097200829035,,8.089861855846658,,4.978269622426887,,4.053016202271932
PCL_PCL0227,4,fold4,2,,0.00042194924481943515,,6.07110565806082,,3.8939484880416417,,3.0747995929245246,,7.804234461509046,,4.647427107107686,,3.6558611055792674
PCL_PCL0229,4,fold4,2,,0.0004344180986034646,,5.60689636545693,,3.692122864317855,,2.9584810873279905,,7.411341659789803,,4.298492782094766,,3.400236237790975
PCL_PCL0230,4,fold4,2,,0.00041431432391373854,,6.712605291598162,,4.447778815767497,,3.313475798448741,,8.84049577396419,,5.637377708072728,,4.339842238021106
PCL_PCL0231,4,fold4,2,,0.00041343320239391364,,6.910333037491223,,4.217812309540323,,3.1902495866235987,,8.671423716526109,,5.132488743896989,,3.9841903314160434
PCL_PCL0232,4,fold4,2,,0.00041370262450309697,,6.564678151313861,,4.169372320966484,,3.2340675966374093,,8.483279496171999,,5.329751459211096,,4.076682281993829
PCL_PCL0233,4,fold4,2,,0.0004164304382359395,,6.763109467995595,,4.15907630651598,,3.286477632094467,,8.569957715046241,,5.33871834891889,,4.279829990648542
PCL_PCL0234,4,fold4,2,,0.0004241421492152033,,5.9678963502240565,,4.216214500334257,,3.360480867018586,,7.850718075593402,,5.530064599217871,,4.5867747451795005
PCL_PCL0235,4,fold4,2,,0.00041787079539016246,,5.976854134978279,,4.221019435674205,,3.40971234542196,,7.78597199047191,,5.839233050393711,,4.854454615086839
PCL_PCL0236,4,fold4,2,,0.0004166582415965417,,6.415818279918251,,4.235456644372544,,3.360904283261807,,8.116569779547588,,5.597227116568172,,4.702436483944149
PCL_PCL0237,4,fold4,2,,0.0004158465356621458,,6.333259469320601,,4.083797714493439,,3.1592678337427076,,7.992849314818444,,5.2023749914795046,,4.119455329871334
PCL_PCL0238,4,fold4,2,,0.00041530655185405795,,6.657743086271249,,3.9404959726523408,,3.0021713416929434,,8.026356238155033,,4.768376004651386,,3.697737505929056
PCL_PCL0239,4,fold4,2,,0.0004300897141922364,,5.958847935530339,,4.151969865711607,,3.2884149670194716,,8.106720531972835,,5.619409769926803,,4.375170254370194
PCL_PCL0240,4,fold4,2,,0.00042378984222247486,,5.50440351650916,,3.9814927484770313,,3.1159738647880397,,8.103267460870763,,5.256251175811776,,3.935741633870934
PCL_PCL0241,4,fold4,2,,0.00042079753434347104,,6.008478779403971,,3.9672037821631347,,3.1496732487358003,,8.891249275239106,,5.25239974923482,,4.322980030256781
PCL_PCL0243,4,fold4,2,,0.0004228188248561037,,5.472661256713288,,4.102889405326631,,3.3704860978944904,,7.4385917214809005,,5.075710495012243,,4.167871244886956
PCL_PCL0244,4,fold4,2,,0.00042396476812457673,,5.481376840948833,,4.145018513080862,,3.363358482032189,,7.468675698563095,,5.199504079972788,,4.24949839285348
PCL_PCL0248,4,fold4,2,,0.0004144647021796285,,7.087223928298562,,4.352191761184303,,3.2649847315133806,,9.234613920575178,,5.661396934926095,,4.229630725282444
PCL_PCL0249,4,fold4,2,,0.0004115783898984999,,6.650299267513032,,4.13766049648966,,3.285971804827584,,8.594509116522751,,5.3390883600931,,4.252906326807832
PCL_PCL0270,4,fold4,2,,0.0004158781358096688,,6.497565543881063,,4.225627953747051,,3.190043094603227,,7.749783531897341,,4.777403000607204,,3.7393892212366495
PCL_PCL0271,4,fold4,2,,0.0004149518186235251,,6.117329285406858,,4.049793714553578,,3.124397939484533,,7.664751718086067,,4.913823371133641,,3.9985473299393974
PCL_PCL0272,4,fold4,2,,0.0004139516540052502,,6.096304448520007,,4.0277691027517655,,3.0915308794864003,,8.56968005955346,,5.275661466860866,,4.141927182782678
PCL_PCL0273,4,fold4,2,,0.0004188121730920851,,6.508249955421628,,4.2955861303119605,,3.2410041155896807,,8.273939410095739,,5.348968290410861,,4.134283210462293
PCL_PCL0274,4,fold4,2,,0.00041173810520046816,,6.939802630896458,,4.267789922043064,,3.24675893186392,,8.651828598999666,,5.44859660936789,,4.101604393978545
PCL_PCL0275,4,fold4,2,,0.0004148605049219805,,6.8199697434145286,,3.9783039563859486,,3.0925848063977384,,8.507513159972124,,4.838907051962136,,3.7626036398976352
PCL_PCL0276,4,fold4,2,,0.00042025981299080237,,6.350311843713823,,4.069477427280765,,3.2057209180972017,,7.925276197506933,,5.067520457205057,,4.081248260595026
PCL_PCL0277,4,fold4,2,,0.0004101456931008985,,6.678732755466995,,4.048106550958971,,3.0583622281894742,,7.8582849709399545,,4.570231803604866,,3.680843916138297
PCL_PCL0278,4,fold4,2,,0.00041167786666891637,,6.524654818205029,,4.132313994333683,,3.235283931212964,,9.099183206082143,,5.5167575822899,,4.360087081029268
PCL_PCL0279,4,fold4,2,,0.0004214210793247984,,6.487565295320366,,4.218891246976586,,3.4061939433935504,,8.09051602493807,,5.434942373901549,,4.42970278312257
PCL_PCL0280,4,fold4,2,,0.00042337894218024905,,6.45102822264878,,4.1542031594132585,,3.2100011503336447,,7.975546679596196,,5.122345091450857,,3.9887180731480143
PCL_PCL0281,4,fold4,2,,0.0004233343512282002,,6.314497495323198,,4.177603736849994,,3.32549208260823,,8.071195083333091,,5.480844049114855,,4.49357869268762
PCL_PCL0282,4,fold4,2,,0.0004153248351248494,,5.934874013918553,,4.000827890643418,,3.005314776750598,,8.729432527214824,,5.060727965347095,,3.997739827567772
PCL_PCL0284,4,fold4,2,,0.0004291060796541516,,5.962672819148732,,4.037426783702783,,3.2539542173759974,,8.188883406759011,,5.5750056988380114,,4.394873180778279
PCL_PCL0285,4,fold4,2,,0.0004209396278852598,,5.981988648510196,,4.010204585462012,,3.259857275745802,,7.7859783047015,,5.26745624975962,,4.5113643099759635
PCL_PCL0286,4,fold4,2,,0.00041290330663082235,,6.609729386879011,,4.1188101090956915,,3.0749861093178845,,8.381958316214105,,4.916982021770776,,3.7574540831407175
PCL_PCL0287,4,fold4,2,,0.0004121423537038083,,6.021195003057908,,4.060373325617885,,3.0448006422329734,,8.230170962260129,,5.028714021346463,,4.02401333813346
PCL_PCL0288,4,fold4,2,,0.00041443946814990335,,6.722308546379651,,4.36399510554869,,3.2351986012575242,,8.510841487193181,,5.18123892874832,,4.084975482952941
PCL_PCL0328,4,fold4,2,,0.00040643745454902076,,6.591881011055819,,2.962723511697474,,2.2604409249858373,,8.133362521851199,,3.844473681420175,,2.8899567281429746
PCL_PCL0332,4,fold4,2,,0.00041384067746555626,,6.479860092076588,,2.9255191475397804,,2.394069771639139,,7.460904696603304,,3.5901084474430927,,2.9541002089984834
PCL_PCL0333,4,fold4,2,,0.00041423332286285794,,5.938573957261456,,2.7424061114231875,,2.214317677072151,,8.13719315747952,,3.5556200876646735,,2.733641508410823
PCL_PCL0334,4,fold4,2,,0.00041587156656595556,,5.61286890048305,,2.2929220391857994,,1.835352917646441,,7.8602893912366465,,2.834188889709668,,2.1983896699859016
PCL_PCL0335,4,fold4,2,,0.0004057522844742728,,6.071216186716317,,2.428799539365282,,1.9082556512632285,,7.769985561344536,,3.348821236037829,,2.504945165187038
PCL_PCL0336,4,fold4,2,,0.0004035208424110221,,6.000060881297662,,2.466813557257559,,2.063702062507606,,8.226945187487315,,3.697753627626558,,2.8547269636380572
PCL_PCL0337,4,fold4,2,,0.00040932055219209534,,6.2445670195642595,,2.470086752502504,,1.9319972879493181,,7.688498038998339,,3.480805507195873,,2.492620638644179
PCL_PCL0338,4,fold4,2,,0.0004035023032241507,,6.460117985393973,,2.5053244956164638,,2.020641022832312,,8.127468027724857,,3.6025689303104205,,2.704354866511696
PCL_PCL0339,4,fold4,2,,0.00040466673591457725,,5.746250810986814,,2.18896658987075,,1.7254491149521616,,7.915480632319701,,2.907130305498125,,2.259529155840644
PCL_PCL0341,4,fold4,2,,0.0004034851699917189,,5.159927445752202,,1.9849918591514748,,1.642520930341024,,7.75930356488759,,2.6355597054114703,,2.0922441661303988
PCL_PCL0344,4,fold4,2,,0.00040319767416268845,,5.217026157796892,,1.9994908190943002,,1.651254973644869,,7.56645631258423,,2.5877139441849626,,2.060928510478355
PCL_PCL0345,4,fold4,2,,0.0004078389696755159,,5.900046785650818,,3.0461885842431817,,2.4359440978923357,,7.2499977489987035,,3.8622879627193685,,2.9954134185187984
PCL_PCL0346,4,fold4,2,,0.00040229202145850886,,5.986691883324444,,2.120149518725923,,1.7364386141918993,,8.037238262127325,,3.3343762692570675,,2.621524849180517
PCL_PCL0405,4,fold4,2,,0.00042294133632867284,,6.049287524728441,,2.7148788060714373,,2.249899337541202,,7.6217355425219075,,3.4430634993422577,,2.645419931993198
PCL_PCL0406,4,fold4,2,,0.0004308617925855903,,5.410347227264622,,2.425988297977168,,1.9861471600627993,,8.14084893223017,,4.01620339414675,,3.0463832995387805
PCL_PCL0407,4,fold4,2,,0.0004307679972735453,,5.304680303301733,,2.4353195614056897,,2.058393215209612,,7.760916380026797,,3.965299096847353,,3.1058461166437215
PCL_PCL0408,4,fold4,2,,0.0004262945155888726,,6.1758320662089385,,3.13669294216089,,2.474388689262241,,8.381699001697179,,4.940582617521488,,3.835345162824251
PCL_PCL0409,4,fold4,2,,0.0004229263495497144,,6.037883686941318,,3.0300616666459916,,2.397598180833416,,8.094943584351068,,4.957906025419692,,3.795074901050122
PCL_PCL0410,4,fold4,2,,0.0004016699978663784,,6.1899798402049,,2.582112123066253,,2.065688520945384,,8.208464488385255,,3.780993652625488,,2.85064671413487
PCL_PCL0423,4,fold4,2,,0.0004329766084803441,,5.2679971421977285,,2.013588175585718,,1.67114133027977,,7.802255196607613,,2.854543296148396,,2.1229231172693446
PCL_PCL0424,4,fold4,2,,0.0004333801160277175,,5.7375245012617615,,2.381495519975994,,1.884134544955546,,7.605263353085171,,4.071269190466765,,3.0847642642675766
PCL_PCL0425,4,fold4,2,,0.00043042983599198524,,5.625293754916005,,2.634636384653713,,2.0998848886083366,,7.544925916444677,,4.488774207114069,,3.4985838513362313
PCL_PCL0426,4,fold4,2,,0.00041896564229346005,,6.050204674095243,,2.2821971340472964,,1.83021354404443,,8.49097573445349,,3.7810199862626024,,2.8281967028216797
PCL_PCL0427,4,fold4,2,,0.0004190964356750003,,6.65932805132868,,2.668415797721232,,2.0238173265780333,,8.419886942696508,,4.0156841446059,,3.0499008915910912
PCL_PCL0428,4,fold4,2,,0.0004322639432412633,,5.905559939594413,,2.4127854605798973,,1.8909591282893339,,7.424876688175641,,3.9271213254858295,,2.8945100347633947
PCL_PCL0429,4,fold4,2,,0.0004314504850325175,,5.912061311631141,,2.5120081827784224,,1.933461132458782,,7.7160547854036485,,3.3069936678137135,,2.576293291033911
PCL_PCL0473,4,fold4,2,,0.00042157555480846175,,5.787932279910693,,4.179477669106099,,3.2773806921603197,,8.232797371987353,,5.046527670145776,,4.049467294347096
PCL_PCL0474,4,fold4,2,,0.000406255948165752,,6.572197844524713,,4.228804276817683,,3.2795609821143326,,7.724735755527509,,4.027933014137499,,3.3265900694347468
PCL_PCL0475,4,fold4,2,,0.00042129249420110905,,6.775317366570469,,4.420548475140639,,3.3866928482759526,,8.040553621406149,,5.142877886460921,,4.047794057243954
PCL_PCL0476,4,fold4,2,,0.00043296549235051496,,6.340471534945471,,4.398255162356744,,3.311023809305011,,7.8445821329001095,,4.637164829459183,,3.736007551357104
PCL_PCL0477,4,fold4,2,,0.00040858485528195466,,7.625915295198109,,4.702810422908468,,3.6075017296386838,,8.634032665807775,,5.683896008647473,,4.361085167241917
PCL_PCL0478,4,fold4,2,,0.00040839285076254075,,6.768505008679863,,4.29080128965759,,3.328381715183662,,7.914362940039768,,4.457367346279836,,3.5758793572027434
PCL_PCL0479,4,fold4,2,,0.0004085233145645975,,6.984302608293897,,4.471734433786905,,3.4116287807393753,,8.0355989109938,,4.728029778209803,,3.596790418538521
PCL_PCL0480,4,fold4,2,,0.0004241059670751883,,6.050864519878921,,3.7114575494547735,,2.9941207078894405,,7.343013602510643,,3.8811631013807655,,2.978843589404809
PCL_PCL0481,4,fold4,2,,0.0004243129605296294,,6.517745293611367,,3.991696520089193,,3.1688880635638004,,7.589985929891703,,4.529030789211716,,3.5417835171833576
PCL_PCL0482,4,fold4,2,,0.0004235162335113254,,6.5063929757195975,,4.512745688564596,,3.330807680741248,,7.670551554005068,,4.5787268818018,,3.5918826119615512
PCL_PCL0483,4,fold4,2,,0.00042566656956587873,,6.827741734605513,,4.245137821977381,,3.2728700574911533,,7.461481101456566,,4.3095165856726645,,3.298302063176143
PCL_PCL0484,4,fold4,2,,0.0004308148989833737,,6.734007353904958,,4.332293278799493,,3.4025732028538904,,8.329939710896983,,4.723067625079525,,3.6964364713291205
PCL_PCL0485,4,fold4,2,,0.00043029191772983935,,6.310559366450413,,4.145278320839581,,3.397822640087254,,7.818130877139771,,5.2201591413920685,,4.0891495043250465
PCL_PCL0486,4,fold4,2,,0.0004357820506708746,,5.664288191266783,,4.185804581385797,,3.359390651557963,,7.35964140466659,,4.719939528248343,,3.7946582197492726
PCL_PCL0487,4,fold4,2,,0.0004184570043021599,,5.579951154811973,,4.134251650676728,,3.2405159739340834,,7.776670461876632,,4.454243820701298,,3.517380204497276
PCL_PCL0488,4,fold4,2,,0.0004200972644576601,,6.614344655480327,,4.388332186526827,,3.1820557500912616,,7.53425846405326,,4.208477178842305,,3.3348377103024327
PCL_PCL0489,4,fold4,2,,0.0004243383238844694,,6.393172867015117,,4.270705318960926,,3.178546057451271,,7.961504277544775,,4.658931352594341,,3.6761396990521256
PCL_PCL0490,4,fold4,2,,0.00041855873314818395,,6.409455889406393,,4.369250049432671,,3.27053670899068,,7.749357373974707,,4.619468574864643,,3.7774889717826223
PCL_PCL0491,4,fold4,2,,0.00041375637058466835,,6.7726286715034805,,4.654240233222517,,3.5401410429955984,,8.877981377165197,,5.648282340266458,,4.551691409143365
PCL_PCL0492,4,fold4,2,,0.0004319894451165398,,5.769594559832239,,4.245101345846138,,3.2146164260098797,,8.123570155628489,,4.563960241270645,,3.526783266534087
PCL_PCL0493,4,fold4,2,,0.0004277207381641196,,5.832668648075228,,4.327125062378354,,3.318419338580556,,7.879632086217091,,4.341578439556928,,3.470823871726051
PCL_PCL0494,4,fold4,2,,0.00043545080448344556,,5.688060668242596,,4.073932289464932,,3.2064421379578496,,7.928330904383203,,4.759279552169419,,3.9035413865179525
PCL_PCL0495,4,fold4,2,,0.00042958078666786685,,6.7708143951050275,,4.515138403726577,,3.476429949003126,,7.409071602899906,,4.814411613053796,,4.030243622901667
PCL_PCL0496,4,fold4,2,,0.0004146585256009916,,6.096502826117959,,4.103319843600487,,3.092632217906769,,7.702542011545889,,4.336199808450846,,3.6027169908277066
PCL_PCL0497,4,fold4,2,,0.0004282173859224154,,5.995185188322332,,4.0391017914401255,,3.329309036342481,,7.4031309170193165,,4.755947244653939,,3.865679485933514
PCL_PCL0498,4,fold4,2,,0.00041504441876803223,,5.932796457785927,,4.042306764373411,,3.2820536108205873,,7.652097143216871,,4.537196922568874,,3.5822583812601456
PCL_PCL0499,4,fold4,2,,0.0004244574191769497,,6.198873260487424,,3.915884083797694,,3.2881567321775456,,7.505664903789179,,5.008536356718706,,4.087531556706416
PCL_PCL0500,4,fold4,2,,0.00041217993077436073,,7.663351447740342,,4.717963389554209,,3.572200321588094,,9.682607612308184,,6.119117930530666,,4.61493948480326
PCL_PCL0501,4,fold4,2,,0.0003994919877950455,,7.553319503342488,,4.8344296983982575,,3.603199041655664,,9.312366171230247,,6.003373792206444,,4.658385257592874
PCL_PCL0502,4,fold4,2,,0.0004120307670183992,,6.385809211495237,,4.226718378899465,,3.4334060806572766,,7.8082671513796225,,5.219902658713885,,4.316882112937994
PCL_PCL0503,4,fold4,2,,0.0004064305826204234,,7.238437717395408,,4.4053681549414545,,3.4579109838619546,,9.166006216874145,,5.334186353962501,,4.454575987485966
PCL_PCL0504,4,fold4,2,,0.00043632717370636724,,5.304282375808832,,3.7917880896561122,,2.896068896066035,,7.951449629440332,,4.518959507094142,,3.3107413903713314
PCL_PCL0505,4,fold4,2,,0.0004003304010448544,,7.1449251362265676,,4.392462915111998,,3.3541461272171125,,9.06091538224109,,5.634978914229349,,4.468672155363597
PCL_PCL0506,4,fold4,2,,0.0004131042032949322,,6.758962552568493,,4.007057334788643,,3.092380264313567,,8.423288582230748,,4.713044757301571,,3.7012113646269786
PCL_PCL0507,4,fold4,2,,0.0004056864800571387,,6.7017085871598665,,3.934281760732363,,3.0784290298704846,,8.090501886846763,,4.687813816030536,,3.62400462411454
PCL_PCL0508,4,fold4,2,,0.00040188581338668726,,6.297420406653991,,4.673657899515881,,3.635833108865521,,8.98001080290117,,6.211219230891088,,4.95847242709091
PCL_PCL0509,4,fold4,2,,0.0004167347526183845,,6.902580219518457,,4.6206966599227055,,3.5182987288695866,,8.54861172898055,,5.779515413911211,,4.677890422267457
PCL_PCL0510,4,fold4,2,,0.00042294201177305556,,6.5528538512620615,,4.231100351814992,,3.355516259270878,,7.795635570076981,,4.818079454540298,,3.804908098771717
PCL_PCL0511,4,fold4,2,,0.0004130841587986385,,6.057279102045244,,4.481647206452419,,3.4174525310495354,,7.658255158093496,,4.378733073556632,,3.5639982684309137
PCL_PCL0512,4,fold4,2,,0.00041924906336853786,,7.048074844639893,,4.665677372735033,,3.4109623552316988,,7.93722998246589,,5.245170902912007,,4.023036259714511
PCL_PCL0513,4,fold4,2,,0.00040296979353115006,,6.057431097725068,,4.295732227291462,,3.4310528537290477,,8.15791125109732,,5.331896754673414,,4.558596340982089
PCL_PCL0514,4,fold4,2,,0.000400508964183215,,6.569538653890835,,4.237057996284286,,3.3183676973774787,,7.705679486975065,,4.917575606118067,,4.134040998335321
PCL_PCL0515,4,fold4,2,,0.00039909758985607995,,6.991193380178263,,4.937028042604317,,3.5493512517837558,,8.725720720388573,,6.479262831003457,,4.671717737566101
PCL_PCL0516,4,fold4,2,,0.0003992123038617495,,7.612704885942823,,4.853623660627727,,3.531139056170463,,9.446904570616795,,6.350591052969802,,4.766682391552639
PCL_PCL0517,4,fold4,2,,0.00040090646644135725,,7.870162140046738,,4.5130562356249815,,3.507079010757305,,9.855118256730321,,5.704379623921544,,4.695325163070125
PCL_PCL0518,4,fold4,2,,0.0004307756379310461,,6.5287004132606254,,4.327012789458181,,3.4433317793070755,,8.957496020249584,,5.962434694778521,,5.128382628137346
PCL_PCL0519,4,fold4,2,,0.0004030674903023456,,7.140737463387728,,4.61205209221427,,3.630496967984526,,8.474527435406547,,5.776587831251249,,4.817851961411034
PCL_PCL0550,4,fold4,2,,0.0004028594703150423,,5.779073339581576,,4.057616117018339,,3.106496306269509,,7.639918665865983,,4.443799436200984,,3.4156066579979623
PCL_PCL0551,4,fold4,2,,0.0004175411329808386,,6.06307947397338,,4.080941481221691,,3.163268732098548,,7.6642214502298796,,4.763264406796982,,3.8781180655201175
PCL_PCL0552,4,fold4,2,,0.0004097057532258825,,6.188021664620348,,4.323959696977859,,3.3188893676210753,,7.907088189748635,,4.9409448830008875,,4.025410862812917
PCL_PCL0580,4,fold4,2,,0.0004009440970494209,,7.286223362826654,,2.85852553307143,,2.2767605473851598,,10.515679477353391,,4.936124042025238,,3.6543985821549705
PCL_PCL0582,4,fold4,2,,0.00040295496498112503,,6.49557794906008,,2.773426983652694,,2.1935332282846165,,7.723473145745088,,4.175241750249228,,3.128852883756815
PCL_PCL0585,4,fold4,2,,0.00040875399499922145,,7.026328730580046,,3.0456846500602586,,2.3517927128192326,,10.1541239976135,,4.9534510797780955,,3.834963856451748
PCL_PCL0590,4,fold4,2,,0.0004064357425554773,,5.882276408950365,,2.2927293257554258,,1.9427829396894647,,8.633145325767208,,4.159167942267901,,3.118832749308663
PCL_PCL0594,4,fold4,2,,0.00043086167824618257,,5.723248071143203,,2.651821931979163,,2.1186652311554326,,7.948505870504791,,4.231735682513096,,3.115957997859423
PCL_PCL0595,4,fold4,2,,0.00040020341347018,,6.156001014537431,,2.5731348005302364,,2.0370351594239624,,8.219229666739809,,3.630658666967054,,2.77798103239467
PCL_PCL0603,4,fold4,2,,0.0004023910956402685,,5.8349108272391605,,2.4203483714432434,,1.9360165151650348,,8.80717583256496,,3.7767590375027544,,2.790391474435578
PCL_PCL0605,4,fold4,2,,0.00040076891815368776,,6.91952324652555,,2.895469502537918,,2.235723342467634,,10.8916364829738,,5.18064984312101,,3.7192386354727454
PCL_PCL0607,4,fold4,2,,0.00039959771823514824,,5.985052619752359,,2.466060444022373,,2.0108477281383434,,8.276541395132199,,4.191243778906435,,3.080656538320897
PCL_PCL0619,4,fold4,2,,0.0004023739091077415,,6.265076164210052,,2.391513489505846,,1.8870221132788512,,8.220598247757833,,3.7276436122258176,,2.799139734582796
PCL_PCL0624,4,fold4,2,,0.00039956608922443737,,6.017329854994203,,2.201820936416688,,1.7730457356451765,,8.169100430011351,,3.502912083264758,,2.59247659516653
PCL_PCL0625,4,fold4,2,,0.0004004752352629558,,6.671457217209978,,2.238719147106415,,1.789421390415994,,9.484256612383525,,3.9082080517616373,,2.8580745731930874
PCL_PCL0641,4,fold4,2,,0.0004010567828391567,,6.724292226941619,,2.7569401160944396,,2.1277141973071956,,9.067870205562063,,4.8947761258350475,,3.5889229153011417
PCL_PCL0649,4,fold4,2,,0.0004007494486814398,,6.303586695432317,,2.5429627463687297,,2.101995771275917,,8.689643318035817,,4.299723306485734,,3.0171721794242683
PCL_PCL0662,4,fold4,2,,0.0003993218571845536,,6.448975707581783,,2.142150287060148,,1.752429690007392,,8.356123489669812,,2.9742161185826523,,2.129261321048989
PCL_PCL0664,4,fold4,2,,0.00043441235163433657,,5.458785031870988,,3.5726242375323065,,2.8987385598536206,,7.380709433860891,,4.282544973899056,,3.43295630678789
PCL_PCL0676,4,fold4,2,,0.0004328418903130505,,5.966987217494738,,2.7461235619258724,,2.157071202288628,,8.040499027084131,,4.115521379432914,,3.160182894187035
PCL_PCL0680,4,fold4,2,,0.00039965532531630564,,7.318166338646856,,3.145710658532172,,2.425188334807716,,9.105096352206552,,4.788767286345788,,3.7190298105625885
PCL_PCL0681,4,fold4,2,,0.00040763133690009147,,6.39740946911795,,2.572902212240616,,2.052459902684824,,8.612508185464558,,4.248276461789585,,3.160830744084431
PCL_PCL0683,4,fold4,2,,0.0004107087880424482,,5.805891255353833,,2.520350549907411,,1.9608235204561493,,8.50599905660908,,3.902420850456672,,2.903928713415344
PCL_PCL0685,4,fold4,2,,0.00042179942789076844,,5.620212284187221,,2.3962168266742756,,2.001846650039534,,8.368986941766238,,4.333117696369087,,3.209976309346072
PCL_PCL0686,4,fold4,2,,0.0004235147768653306,,6.317853296532425,,2.60227681718725,,2.0116720263238803,,8.114283486299684,,3.997236370525579,,2.9955000457069305
PCL_PCL0689,4,fold4,2,,0.0004252847271348486,,6.311090511826894,,2.6434697939653273,,2.024759547878619,,8.097725351183195,,3.3424238402924997,,2.6129327322681752
PCL_PCL0690,4,fold4,2,,0.0004239219415725932,,6.559462251973056,,2.8787101734323937,,2.307664295169851,,8.53245387133709,,4.454897282681313,,3.473119555138907
PCL_PCL0691,4,fold4,2,,0.00040892088993859516,,6.627394120893283,,2.695131515237325,,2.204441449746869,,7.959041151753991,,3.6937680334837397,,2.8565237289322445
PCL_PCL0694,4,fold4,2,,0.0004115728289820885,,7.213257159968187,,3.090912734090519,,2.305055061591545,,9.934407903832712,,4.881940466777538,,3.4729182465808814
PCL_PCL0695,4,fold4,2,,0.0004175888939567402,,5.35060131171899,,2.33492007694413,,1.9287961501641107,,7.501633521713742,,4.1358910899547014,,3.156011230928103
PCL_PCL0696,4,fold4,2,,0.00042346191372877665,,5.700379024008836,,2.326826204898289,,1.8804506431896433,,7.959995228432138,,3.3337771160997884,,2.536910791905285
PCL_PCL0698,4,fold4,2,,0.00041758243826717223,,5.664965739846882,,2.6401834777037774,,2.1290349783695617,,7.913343907554239,,4.434548810781724,,3.455175560789741
PCL_PCL0699,4,fold4,2,,0.0004226040797698418,,6.361585741142246,,2.5073792437095346,,1.9901107472001087,,8.543101988929605,,4.349560011461758,,3.275818141210169
PCL_PCL0700,4,fold4,2,,0.000422127437349297,,6.399227871792037,,2.6459292130350525,,2.122883234025812,,8.118550828067864,,4.092279115856434,,3.1909229789365474
PCL_PCL0701,4,fold4,2,,0.00042147952543755696,,6.448954149442384,,2.4448199767247445,,1.9009969179524633,,8.60955111336542,,4.0158449951883055,,3.060149994284341
PCL_PCL0702,4,fold4,2,,0.00042557540270050237,,5.279798476851977,,2.2981682550936626,,1.8429932250198873,,7.624937415052826,,3.716195546459029,,2.7662820049051415
PCL_PCL0703,4,fold4,2,,0.00042509468998231,,5.971255477027936,,2.668388188920026,,2.116492844163576,,8.514608447607293,,4.517217623906351,,3.5219422447831112
PCL_PCL0705,4,fold4,2,,0.0004150650265929475,,6.392179173303565,,2.751797609937701,,2.219632995349215,,8.761529531483383,,4.263146017137572,,3.2732277841096673
PCL_PCL0706,4,fold4,2,,0.00041931742594973447,,6.215704894726741,,2.6934085744755665,,2.118536484558317,,8.347836141589138,,4.41359614482272,,3.430663524624045
PCL_PCL0717,4,fold4,2,,0.0004076396290309866,,6.260669767325504,,2.4642335864345797,,1.968379789216026,,8.42777183776135,,3.9252934419977596,,2.9905457372313355
PCL_PCL0718,4,fold4,2,,0.00040292603343103015,,6.353918185665334,,2.6734759266782038,,2.1351658353926948,,7.986226007544077,,4.200801882842131,,3.1182423292100214
PCL_PCL0719,4,fold4,2,,0.0004107231386603176,,6.551329345280759,,2.5202273877008796,,2.031047915189902,,8.700973763179446,,4.262998980959293,,3.3012851285123554
PCL_PCL0740,4,fold4,2,,0.0004149855695662046,,6.324508265813142,,2.568821022981508,,1.991286306546883,,8.406056202669559,,3.931199165744845,,2.893901027895746
PCL_PCL0741,4,fold4,2,,0.0004220085975917588,,5.9379243698019994,,2.3698284061728003,,1.952408388693023,,8.20616683789155,,3.503238398660384,,2.5450458612007356
PCL_PCL0774,4,fold4,2,,0.00042153896783706825,,5.751281489328554,,2.283710190691643,,1.7903367804399872,,7.5214846546072645,,3.1571571647852754,,2.363188468865106
PCL_PCL0775,4,fold4,2,,0.00042878404129465843,,5.487412893587301,,2.3952561095261213,,1.9471035371700154,,7.541127275730146,,3.9020995871049635,,2.873828487954527
PCL_PCL0776,4,fold4,2,,0.00042124457258224494,,5.586479564977012,,2.611041631179627,,2.1750969742092963,,8.233240014725805,,4.23769482965617,,3.1949674877439977
PCL_PCL0777,4,fold4,2,,0.0004203485250101613,,5.590059051144161,,2.2998470726796327,,1.8382293955072828,,7.449310988829562,,3.1284917258683618,,2.310341096727084
PCL_PCL0797,4,fold4,2,0.00039026359377487477,0.0003996056915994972,4.253480654983976,6.5634968532551685,2.084653733955062,2.6761736289657847,1.5056692346135714,2.0186009839452788,8.0,9.115615523415107,6.113233206460446,4.460156193634334,5.32313095835424,3.2476468445909425
PCL_PCL0798,4,fold4,2,0.00040228099173411565,0.00040083596574063893,5.049963209041818,5.96022934223207,1.7594458253302474,2.4122101822804662,1.3937968393378197,1.9280480705454481,10.177060199926093,8.660753653425434,3.298465249580086,3.1055728184458635,2.4802860233219977,2.3352196744940246
PCL_PCL0799,4,fold4,2,0.0003943307339425129,0.00039981202509886335,9.729740855138427,5.941475238649622,4.970991820976198,2.364353530580214,3.6344994596414555,1.9987745852094796,13.88638439317451,7.570258286274655,7.118644814027979,3.399387472471928,5.06725843298122,2.515576954725276
PCL_PCL0800,4,fold4,2,0.00040206727252970316,0.00039922662215984353,4.377548740290778,5.603711908128976,1.4665584324069438,2.3240455754999396,1.1946600709319881,1.9254536483432536,9.256430391144026,8.041986104701609,2.2823607820359886,3.4674896640716852,1.485600714199846,2.535294646511734
PCL_PCL0832,4,fold4,2,0.00041756566020939996,0.0004050582596478048,,5.71894124717409,,2.2564222615480145,,1.7735965640170752,,7.343686097563422,,2.7726949336594333,,2.1051342939669713
PCL_PCL0833,4,fold4,2,0.0003971128512179227,0.0004024663044228365,4.505017531773496,6.39090739453799,1.7723877943658752,1.9316255263739424,1.4285706201327835,1.6018116746638362,8.882320966964656,7.639775896593837,3.9365097848157227,2.5015849614075494,3.4236777788640147,1.8513808089623212
PCL_PCL0834,4,fold4,2,0.0004019559850608886,0.00040048722419625676,6.0010132351118735,5.77600242062703,4.147195373944175,2.544180734175247,3.334265107002005,2.028097277236145,8.0,8.299391948349763,5.486243596649043,4.16141628042532,4.297619047619048,3.23517249956026
PCL_PCL0839,4,fold4,2,0.00039787015723795723,0.0004002454915957611,4.496067663159595,6.416744924357848,3.542546536308518,2.4782350056827287,3.0134836437136103,1.8760194674055064,5.0,9.263408251603083,3.9823640160196905,4.290560605725872,3.445090063916328,3.2708528781483617
PCL_PCL0840,4,fold4,2,0.0004138805873536223,0.00040125336669355645,6.159976831240306,6.582077250561213,3.709096965473195,2.237015365571759,2.863183483098121,1.778020123184413,8.0,8.64322047262128,5.107728833763644,3.5871523742721547,3.949398333847578,2.570642221098921
PCL_PCL0841,4,fold4,2,0.00041343190784756624,0.00040359624960353835,3.721192744665793,6.098853473931201,1.5404048424554473,2.4974242594205243,1.329648475054089,1.9704417315518021,5.858358067503017,8.581567204057908,2.721965558869789,3.596779756079333,2.3930961097647296,2.5850298628359316
PCL_PCL0937,4,fold4,2,0.0004227373851886081,0.0004039035508667174,6.849917261265509,6.946849698452886,5.972321581012332,4.168861560349626,4.909665950797033,3.183984311538163,7.814096185724644,8.811497631535158,7.230612269705155,5.1155879615058355,6.634146341463413,3.96091906122708
PCL_PCL0938,4,fold4,2,0.0004145772707043359,0.00041867161453559495,,6.468071076694463,,4.086974276112198,,3.10705273373981,,7.866270368425274,,4.990905329296429,,3.896100098586914
PCL_PCL0939,4,fold4,2,0.00041328946661858476,0.0004018275459291426,7.248880853537627,6.899130121387387,5.106620175910351,4.193747588540348,3.7184598894998024,3.1961619113898374,8.609213366448241,8.831667024947377,6.159875228127528,5.3158775313949,4.330605564648118,4.016552775389218
PCL_PCL0940,4,fold4,2,0.00041166525164050663,0.00041258434920217295,5.51242049637139,6.775706309001884,3.653345998722575,4.468410838828033,2.8271778546937445,3.410368993303744,6.207361005402882,8.776661143667484,4.3484949285825465,5.596864253654523,3.552266419981498,4.134572892768567
PCL_PCL0953,4,fold4,2,0.00041898491855594833,0.0004031574212564563,6.062912273002142,7.149622455216875,4.269241052426944,4.521919776760504,3.296422200014877,3.382358917255561,6.77138027414166,9.80242431657514,4.84873732917571,6.107647991639469,3.689024390243903,4.58262269782861
PCL_PCL0954,4,fold4,2,0.00041902716943894295,0.0004028927225197716,,7.682704542725185,,4.477346889438022,,3.355483422291532,,10.961535953253644,,6.075255322791818,,4.5716679209902935
PCL_PCL0955,4,fold4,2,0.00041779802719448954,0.0004110807525108621,4.273368525466723,7.344298276173721,3.621367206519386,4.230881378258606,3.0509844643226596,3.386664248978899,5.396592364847365,9.070699895530309,5.397739262119493,5.567295192011671,5.351351351351352,4.467379723319054
PCL_PCL0956,4,fold4,2,0.00041312260833112146,0.0004212407603453403,,6.837740942044598,,4.437811770000229,,3.3490635280961203,,8.793633237472491,,5.579380658326431,,4.2926111164497875
PCL_PCL0961,4,fold4,2,0.00041772419269935757,0.0004264607092704636,7.164341614072901,6.374734359806913,5.134141464948872,4.114484687652041,4.045275694507971,3.1709857012899905,9.835954151597415,7.77274621311695,6.329102825752238,5.0293586603856415,4.9301972685887705,3.856681100768286
PCL_PCL0962,4,fold4,2,0.0004040849551970024,0.0004264607092704636,7.1081728170854515,6.374734359806913,4.269433598881037,4.114484687652041,3.0696982006317435,3.1709857012899905,12.05359830827437,7.77274621311695,6.369364237819719,5.0293586603856415,4.268794624107517,3.856681100768286
PCL_PCL0963,4,fold4,2,0.0004318172312741516,0.00041356514641216827,5.237596002396298,6.231823603003357,4.597468442552468,4.170724695554051,4.111728410746316,3.2668149173071592,6.172378807820004,8.097281903454498,5.531395730130193,5.1994887503043214,5.056179775280899,4.000323421632108
PCL_PCL0964,4,fold4,2,0.0004081196062134771,0.00040402340049546133,6.197616256380132,6.836446745248763,5.398970689743504,4.378546764764718,4.567189953189182,3.309914990892695,7.827233820374537,8.361501239944431,6.704198405331642,5.042701119176094,6.067778936392075,3.8899961981403517
PCL_PCL1130,4,fold4,2,0.0004337912765722898,0.00043155787084901524,,5.285939240548182,,4.096222852374897,,3.3925769139097444,,7.483324746539962,,5.104037789276336,,4.347854887525687
PCL_PCL1131,4,fold4,2,0.00043219475040011894,0.0004172770621604597,,6.41619256555966,,4.443206734837614,,3.5522430899811304,,8.531020971104569,,5.802144532534296,,4.655333414337187
PCL_PCL1132,4,fold4,2,0.00043498285614022435,0.0004267107642170788,,6.724952821711596,,4.311812084854717,,3.401630575293139,,8.096089007516309,,5.25566198904918,,3.901015899417395
PCL_PCL1133,4,fold4,2,0.0004351727414638696,0.00043215237111140364,,7.152361850291505,,4.76073585853553,,3.5868617876829085,,9.1171471468197,,5.93679469484003,,4.577993313268975
PCL_PCL1134,4,fold4,2,0.00044094094025183274,0.00042074673018950744,,6.607552800662927,,4.310515702880448,,3.4816524451767745,,8.305294851945398,,5.656487063849494,,4.715286942074761
PCL_PCL1135,4,fold4,2,0.00041920719045035503,0.00041748396993542165,,6.289072422588108,,4.170059504084066,,3.263554161802835,,7.963842889420386,,5.013971796477906,,3.805710155281111
PCL_PCL1136,4,fold4,2,0.00043501344453263313,0.00043179007395708485,,6.772481889908021,,4.680665691160218,,3.448262076027584,,8.767507156347449,,5.67549173674263,,4.545308955487635
PCL_PCL1137,4,fold4,2,0.00042341926675185527,0.0004340215479757565,,6.7031554479453295,,4.299997312318799,,3.269572837804068,,8.144129093971944,,4.743514368193254,,3.9312176201845674
PCL_PCL1138,4,fold4,2,0.00043354392045345265,0.0004305234113359188,,6.747637862002896,,4.7985358533467215,,3.6157092519803102,,8.25340964379687,,5.683777373771389,,4.749106095797827
PCL_PCL1139,4,fold4,2,0.0004332043895334686,0.00043354383925085956,,6.628935447216979,,4.310938105652253,,3.2773116455930325,,7.92935867317703,,5.006536520587498,,3.985700016825422
PCL_PCL1140,4,fold4,2,0.0004180189669274237,0.00042361915179588323,,6.854959555963544,,4.444864088072187,,3.493542177804368,,8.369165520634276,,5.6023605367975735,,4.377253323843987
PCL_PCL1141,4,fold4,2,0.0004225379345285024,0.0004314889870236354,,6.36449247373522,,4.315132805865063,,3.3399943141068733,,7.666866657044807,,4.919597730815392,,3.7332417527118174
PCL_PCL1142,4,fold4,2,0.000434379502663337,0.00043194127078889817,,6.905831227521911,,4.474923596540172,,3.3770098141521143,,7.865298325255447,,4.942083575594113,,3.870352286042991
PCL_PCL1143,4,fold4,2,0.0004252688073719753,0.00043357844202056815,,6.671520768154203,,4.36958538644027,,3.3644299536253732,,8.056009617408154,,4.884868368298079,,4.031209246191333
PCL_PCL1144,4,fold4,2,0.0004230462789416446,0.0004321891694698786,,6.852245100827703,,4.395489334241037,,3.280991938441526,,7.529907664569363,,4.43774010073157,,3.492006574065581
PCL_PCL1145,4,fold4,2,0.0004322575584026383,0.00043314671403684585,,6.69666635529414,,4.350707710689242,,3.3901082668848432,,7.889316693387215,,4.8089934863047,,3.9061946490538517
PCL_PCL1146,4,fold4,2,0.0004286502828025139,0.0004311141190373128,3.3492574725112423,6.680555090609195,2.1855006928898653,4.538353784604926,1.5892034814082419,3.3727467764152217,6.188008015307417,8.162160927695702,4.929256108715791,5.316178043557725,4.082474226804123,3.986591536493308
PCL_PCL1147,4,fold4,2,0.0004363813104005087,0.0004317674069562547,,6.534479359460115,,4.614381030396226,,3.4946087931925893,,8.165403891987548,,5.006807687021049,,3.885919987626769
PCL_PCL1148,4,fold4,2,0.0004301857703445951,0.00043127620105648176,,6.306984521277669,,4.385732525639284,,3.343588553452129,,7.9543744148336275,,5.193642131161583,,3.99542478191002
PCL_PCL1149,4,fold4,2,0.0004280177077886333,0.0004331130004170628,,6.776824192931031,,4.459053635195805,,3.4064713608527186,,7.998885367530234,,5.109771538824137,,3.9888525868936635
PCL_PCL1150,4,fold4,2,0.00043868281638311337,0.00043272161409001544,,6.737497143791608,,4.179511754400113,,3.284313617467151,,7.4511130053888985,,4.213828104491462,,3.2588476511430446
PCL_PCL1151,4,fold4,2,0.0004367585492306226,0.0004328237661458626,,6.513592242582786,,4.05661012448064,,3.2069145888157022,,7.749022109264498,,4.396723366684231,,3.4043789131437405
PCL_PCL1152,4,fold4,2,0.0004255839230233925,0.00042671088713148314,,6.412212729004896,,4.2079348782663875,,3.267386885587715,,7.727969644355613,,4.2003277079500405,,3.2615419842893716
PCL_PCL1153,4,fold4,2,0.0004345565041639077,0.0004321062211662483,,6.621857907959252,,4.300859013761576,,3.3569775421921384,,8.033615013152547,,5.147114007302194,,3.996094666697406
PCL_PCL1154,4,fold4,2,0.0004314938147518469,0.00042671058930975926,,6.338433271899553,,4.2461961166986075,,3.2538935031371343,,7.616987837456259,,4.421164434480319,,3.6012019535861266
PCL_PCL1155,4,fold4,2,0.00041813862708111303,0.00042727212893228957,,6.515732472214403,,4.333153366538303,,3.363485979958647,,7.810787432052415,,4.665146644434949,,3.60620041276296
PCL_PCL1262,4,fold4,2,0.00042235642682941267,0.00040170197993128105,,8.342380083337813,,4.872240239910042,,3.596584674575575,,10.42547744222861,,6.563767966789285,,5.067994937015526
PCL_PCL1263,4,fold4,2,0.0004200216937059192,0.00040190164251597237,,6.198758095678912,,4.217404815590276,,3.209711225740931,,8.190752529643687,,5.249740788734128,,4.182868678800507
PCL_PCL1264,4,fold4,2,0.00042115962816796144,0.00039981331665683503,,6.657211441022836,,4.2927742490298675,,3.29250252499328,,8.384277237995326,,5.533015035816582,,4.434875770891466
